1.118535595669438 5 0.5213818831337267 0.8161559888579387 0.6100278551532033 1.0159399216276759
0.9173991803699375 3 0.7684779369074037 0.8610567514677103 0.6131767775603392 0.9832712149132341
1.629994559186445 6 0.8790229303523102 0.967032967032967 0.8081501831501832 1.072461456315681
1.5336593208960163 5 0.9875663038065229 1.0 0.6984126984126984 1.0395848588172292
1.2130035659909042 4 1.1035582833630335 0.8942598187311178 0.6958710976837865 1.0099181010033609
0.9743117528756828 3 0.5299973857336654 0.8064516129032258 0.6935483870967742 0.7629728914846445
1.494170138304642 5 0.8833652086709745 0.8028846153846154 0.5168269230769231 0.9704834430984179
1.5274836174489037 6 0.8109860092495275 0.8870636550308009 0.6803559206023272 0.9139090011267851
1.8104356275098996 8 0.6754075301156838 0.966789667896679 0.6943419434194342 0.70812111869945
1.9584379156592164 9 1.1478107913344449 0.8941580756013746 0.7083619702176404 1.121668267813585
1.625542283348649 8 0.6163116769918306 0.9793103448275862 0.8908045977011494 0.858052610765465
2.149294225400874 9 0.9457410518338961 0.8981723237597912 0.7162750217580505 0.9792995399433106
1.7115412863090194 6 0.732424810354131 0.8536585365853658 0.7166085946573751 0.9175731994128
1.8501586344228749 8 0.9659881728829263 0.9256329113924051 0.5572257383966245 1.239558233567912
1.8407417286006145 7 0.9751583817965879 0.8856345885634589 0.6480706648070664 1.0666880799156802
1.7115402863238942 7 1.08117542528534 0.9322916666666666 0.7094907407407407 1.14726746801241
1.2996459635728974 5 0.6941247056740409 0.9311334289813487 0.6351028216164515 0.9401156286572357
2.075178328772283 10 0.6616007495723063 0.8 0.6016877637130802 1.1893610734928683
1.7001589424372459 6 1.0052523843129295 0.926040061633282 0.7185413456599897 0.9371217647091334
1.0549731516120477 4 0.15009034147178685 0.984375 0.8125 0.887615130544913
1.5754733067346387 6 0.8377614706564319 0.8037300177619894 0.5263469508584961 0.9962401416110221
0.9649599230141778 3 1.2144701740782722 0.9653179190751445 0.7225433526011561 0.9965879154431009
1.7930870134464687 7 1.0646721684822693 0.8622159090909091 0.6074810606060606 1.0249269569597184
1.0397177708449181 3 0.863158459119324 0.8146666666666667 0.6715555555555556 0.7746930434035356
1.1803005570082867 4 1.2683629809134416 0.9611486486486487 0.5850225225225225 0.8802974519902949
1.4376964436604411 5 0.8851305808205102 0.8863636363636364 0.7121212121212122 0.696425782047539
1.494170138304642 5 0.9033619962349236 0.9504504504504504 0.5960960960960962 0.9980465204072606
0.9554431414136644 4 0.30300118013295835 0.7612612612612613 0.6276276276276276 1.078124239652731
2.166074939311829 10 1.2266772880383923 0.8697247706422019 0.67217125382263 1.053870158952441
1.6762289391572307 6 1.216665248478057 0.850253807106599 0.622673434856176 1.2413228058627908
1.4941701383046417 5 1.2292080126161946 0.9094076655052264 0.5667828106852497 1.242109457677928
0.7902307553651863 4 0.5840562129455514 0.9304482225656878 0.4477073673364245 0.9376706852436197
1.331655286845175 5 0.6179964949309465 0.9525101763907734 0.8344640434192673 1.3031618161867031
2.0579077558429906 9 0.918468727181864 0.8861788617886179 0.7533875338753387 1.0129073019411536
1.4879252543785195 5 0.9815696398557211 0.8364831552999178 0.40482059709668583 1.2433032434268851
1.2130035659909042 4 1.0269899658024317 0.8676470588235294 0.5318627450980392 1.0647192268780086
1.3862903611278907 4 1.4002940084083317 0.9336158192090396 0.7994350282485876 1.1659883063134737
1.5486810275719214 6 0.8968628739570425 0.8414766558089034 0.7245747376040536 1.4207702088931846
1.7001589424372459 6 0.9377543151080835 0.897003745318352 0.42696629213483145 1.355998286600432
1.3208843431586554 4 1.1294765149750916 1.0 0.7565543071161048 0.7851688118422055
1.250839122217487 4 0.7019390392318118 0.6825396825396826 0.47266313932980597 0.8852883358606001
1.7868013400192388 7 0.7142537118813669 1.0 0.8888888888888888 0.9796652553453091
0.9470541522889973 3 0.6633777159633923 0 0 0
1.4368236689811569 5 1.108385046911077 0.8928571428571429 0.5910973084886129 0.8559178488546393
2.0981383891827328 9 1.1098213354344237 0.8978805394990366 0.6666666666666666 0.9431808801462678
1.3862903611278907 4 1.273957897574182 0.8321678321678322 0.6247086247086248 1.16322101462596
1.2554783251894204 4 0.5781376613100984 0.9575971731448764 0.8657243816254417 1.0161882324031577
1.5437841850731622 5 0.82995934717103 0.8883572567783095 0.7889420520999468 0.8690041892830317
1.3862893611368907 5 0.8852502761109342 0.8055555555555556 0.6574074074074074 1.1258433815952138
1.6304265826551552 6 0.8991390502248913 0.8991452991452992 0.6586894586894587 0.9577899797467623
2.0140275237466008 8 1.2461445155974722 1.0 0.8152753108348135 0.8293522404600971
2.0872340604731634 9 0.9300199680238127 0.9126001456664239 0.7081815974751153 0.9080739194447334
1.223571654149706 4 0.7734249420736805 0.8855325914149443 0.6534181240063593 1.3993239044061854
2.1701922101550206 11 1.0912629209712432 0.8350353495679497 0.593872741555381 1.031560698030926
1.7665333488902497 7 0.858922257559294 0.9541108986615678 0.712874442319949 0.9289835507693298
1.5162445298613967 6 0.582604363049342 0.967420814479638 0.8600301659125189 0.8781786451128802
1.6388811015785054 7 0.5294500623364968 0.9377013963480129 0.7314715359828142 1.171193890772994
1.5373501055979681 6 0.8914655555360385 0.9471057884231537 0.5858283433133733 1.0079434586450187
1.7376214764674216 6 1.0218079658526222 0.8803418803418803 0.6894586894586895 0.9830552364724581
1.5746734417732517 6 0.9961627908354737 0.7496339677891655 0.5256222547584187 0.9954861413596363
1.6915531643337987 6 1.0523208943795632 0.896774193548387 0.7333333333333333 0.835259163784566
0.37676816126100815 2 0.24267032964268392 0.9012693935119888 0.8349788434414669 0.8941546951225227
1.7328619514198633 6 1.3840196250653882 0.9029649595687331 0.6711590296495957 1.0000621917175678
1.6915531643337987 6 0.8313703973591751 0.9181494661921709 0.6737841043890866 0.9346463341049723
1.6162764488707146 6 1.2421358410761443 0.9464968152866242 0.4853503184713376 1.6969768276122805
0.9560413809737569 3 0.40564134775281047 0.9395770392749244 0.6430010070493454 1.4332554729554852
1.9888716575601608 10 1.2639921695107936 0.8841832324978393 0.6191299337366754 1.3450018774654977
1.7868013400192388 7 1.3552138396081785 0.826797385620915 0.6236383442265795 0.9660103818053872
1.7943504827676402 7 0.40355166695010714 0.9927963326784545 0.886269373499236 0.9088957418546189
1.4978911026248845 5 0.7863260404844827 0.9666048237476809 0.601113172541744 1.0632327335113503
1.9587181419372972 9 0.9025266481752021 0.7416777629826897 0.4704837993786063 1.280451471283588
1.4013876466272654 5 0.819862177815357 0.9034907597535934 0.730321697467488 0.6365965676817846
1.6804535870255963 6 1.0692285811346864 0.8477366255144033 0.5528120713305898 1.136573116159959
1.5808135358726352 5 1.0185113251610594 0.8603066439522998 0.6706416808631459 1.1288016084148207
1.89468211718199 7 1.1323827670959374 0.8322475570032574 0.7269272529858849 1.1621647519526725
1.5994121233148875 6 0.720407482795204 1.0 0.8438045375218151 0.9722756015889524
1.667454933468628 7 1.276125738785733 0.7136563876651982 0.521781693587861 1.0264080862631915
1.6631295916377726 6 1.2195926226719618 0.9559834938101788 0.8477762494268684 0.9659811054409991
1.6787456305288446 7 0.9453317494873247 0.9558823529411765 0.8082107843137255 0.8924843855188466
2.0265841527078026 9 1.037784359848555 0.9009135628952917 0.6385570391192317 1.095476950664915
1.4270560433975994 5 1.0925708785066692 0.9166666666666666 0.6805555555555556 0.7850383147784429
1.4648113849073128 5 1.0931000807982454 0.9681697612732095 0.7683465959328029 0.8827804442552613
1.7727452562040016 7 1.0277626485236617 0.8123815540113708 0.7521583491261318 1.0487755429459766
2.1446690929796874 10 1.0124770609133749 0.8951048951048951 0.6857808857808858 1.2369272205972395
1.7170699802191485 6 1.1392843363539062 0.9273927392739274 0.6771177117711771 0.7344510730514712
1.8195043490018563 7 0.8459928444325729 0.9439890710382514 0.7572859744990893 0.6994424441427074
1.6886923130673859 7 0.8276386588505706 0.8104838709677419 0.556899641577061 1.076217578230562
1.8080387196179968 7 0.8875930593469019 0.8321678321678322 0.6515151515151515 1.030710510123362
2.124570568562304 9 0.9232977716603097 0.891213389121339 0.7545327754532776 1.0025171422131354
1.9455509587573871 9 0.5891833475674597 0.9487179487179487 0.7863247863247863 0.9901508260399594
1.6695731270226568 7 1.1656082521873892 0.9327146171693735 0.7045630317092034 0.8524892090312556
1.6737472814641512 7 0.7438649410354894 0.9469331495520331 0.7383413737652194 1.1492435650864283
1.580812535886635 6 1.0575621732590823 0.8515625 0.7171875 1.3064476487694718
2.0884455939657793 11 0.9787582841844699 0.8217142857142857 0.6358095238095238 1.1776215280771412
1.9570760246984937 9 1.0439260811877507 0.9045676998368679 0.633768352365416 1.3320823065589638
1.809507255881365 7 0.9637918828071356 0.9544592030360531 0.6318785578747628 0.8350935962632926
1.303547414663721 5 1.3148463421616283 0.7954366640440598 0.6965643849986887 1.0171336080597229
1.4614671293220243 5 0.6206727224544207 0.9389312977099237 0.63019508057676 0.9058542320266971
1.7328619514198633 6 1.173385579300402 1.0 0.8442234848484849 0.6362867454558113
1.0397177708449181 3 0.9167341115703578 0.8991596638655462 0.6358543417366946 1.262152541367278
1.0397177708449181 3 0.4692151806025598 1.0 0.7502175805047868 0.6521295091576373
0.7902307553651864 4 0.42486695552998954 0.8606271777003485 0.3710801393728223 1.1636119529452826
1.3197259215281616 4 0.9217385531578108 0.9169014084507042 0.49483568075117373 1.1835028430402719
1.9927901441478426 8 1.0810281310649805 0.8878116343490304 0.5175438596491229 1.0882134882509844
2.00414057667453 11 0.7941810093398114 0.9096583442838371 0.7243758212877792 1.0502020367053748
1.8734437376012318 8 1.0466890816544814 0.8260869565217391 0.6720343531937735 0.9672748985231648
1.754098331032621 7 1.1872051759550983 0.7671232876712328 0.44038559107052255 1.1965641898438009
0.6931451805619453 2 1.6990863821990685 0.7243816254416962 0.5312131919905771 1.713127643450626
1.4941701383046417 5 1.2471963297660509 0.8107752956636005 0.6224266316250547 1.3869439610980314
1.5810887501853232 5 1.1413328211852714 0.9117647058823529 0.6262254901960784 1.3882713681493455
1.4270560433975994 5 0.5270400564392149 0.904 0.6973333333333334 0.8950314793726506
1.942130993079482 9 1.233978527239463 0.8837837837837837 0.7438438438438438 1.1172875076080975
1.6304265826551552 6 1.460196863824854 0.8206896551724138 0.4993103448275862 1.217642503026304
1.5437841850731622 5 1.2114356529923134 0.781591263650546 0.3660946437857514 1.3926332951418068
1.8310134811465157 7 1.211476315484171 0.7732793522267206 0.5632028789923527 1.1806440831172822
1.0397177708449181 3 0.8725699812476041 0.8554216867469879 0.4738955823293173 1.1710893641944098
1.8848643336063267 7 1.1706765306234377 0.8954954954954955 0.6066066066066066 1.2506451030544123
1.6977275913971421 6 1.2390690162079896 0.9685863874345549 0.8359511343804538 0.9544147436441077
1.5808125358866347 6 0.7036734929985051 1.0 0.8446969696969697 0.9039409641087703
2.0708354783788816 9 1.0879461540658149 0.958997722095672 0.7754998734497596 0.8145711357385963
1.9361913457270215 8 1.2564880604200248 0.9085714285714286 0.6298412698412699 1.0214425241466214
1.3208843431586557 4 0.7359140624011175 0.9194934418815016 0.7495854063018242 0.8344401956564879
0.562333144621475 2 0.3425593945223371 0.8708791208791209 0.7847985347985348 0.9583367889725589
1.0397177708449181 3 1.0142256989171032 0.9098591549295775 0.523943661971831 1.1793460288991344
1.7328619514198633 6 1.0078089244436732 1.0 0.8324607329842932 0.8462802518098432
1.2130035659909044 4 0.6008806795039654 1.0 0.8885754583921015 1.4906049498028824
1.0533914983798527 4 0.865220090297093 0.9470588235294117 0.6647058823529411 0.6390157994245865
1.3421091789231085 4 0.6539394767910963 0.9279661016949152 0.6101694915254238 0.7652039949362335
1.873444737583232 7 1.1632007388078314 0.9485294117647058 0.7965686274509803 1.1689678104784325
1.7301747017375808 8 1.06408152392005 0.8918711656441718 0.6569529652351738 1.058531661584311
1.2299136037908067 5 0.7713123116466007 0.6528925619834711 0.35482093663911846 1.3212445784183828
1.9869587702737943 8 1.1026152616250429 0.8245877061469266 0.5887056471764118 1.2541023297305676
0.9160641370329957 4 0.6811167601590782 0.8888888888888888 0.5555555555555556 1.749821871421599
1.4303448314286107 5 0.8413864619796824 0.96875 0.78125 0.7187866747664668
0.8675602284882112 3 0.586656657063821 0.793233082706767 0.5150375939849624 0.8789903526264775
1.3547064187264608 4 0.764138679990073 0.8711340206185567 0.627147766323024 0.9401814262714158
1.5890219151869729 5 0.8736212222240144 0.6065573770491803 0.4098360655737705 2.45790742515076
1.3862903611278907 4 1.0174419828110794 0.8695652173913043 0.5797101449275363 1.2026492005132945
1.8789594932338125 8 1.1280052854311495 0.9400749063670412 0.7461506450270495 1.0577880333689915
2.253846589682351 11 1.1257301852846497 0.8562874251497006 0.5934797072521624 1.0408583908940667
1.7328619514198633 6 1.2783347879613134 0.7484472049689441 0.5010351966873706 1.0100860442041653
1.0397177708449181 3 1.2762179735978065 0.8857142857142857 0.5428571428571428 1.3686867501484363
1.494170138304642 5 1.6618105457292713 0.856353591160221 0.5267034990791897 1.056999929823799
1.3862893611368907 5 1.0389689407460232 0.8085106382978723 0.5390070921985816 1.440070790746006
1.5229500675463181 5 1.3357965340457343 0.9010989010989011 0.674908424908425 1.3377039067215895
1.331655286845175 5 0.38621352188657365 0.9220607661822986 0.7776309995596653 0.6385579210557971
1.0397177708449181 3 0.8907615520745218 0.7963206307490145 0.7030223390275953 1.7191828787285226
1.8238663160180204 7 1.296447383074526 0.9319148936170213 0.7640661938534279 0.8816522545740636
0.6791912659935828 2 0.43598468393752 0.9548872180451128 0.8446115288220551 1.3662135360321774
1.543784185073162 5 1.0921307733829702 0.7885402455661664 0.49158708503865395 1.1742238859570957
1.2647797836872519 5 0.5233913198472027 0.9588759424263193 0.7671921407356637 1.2060335006299399
1.4013876466272654 5 0.8063591617469246 0.782608695652174 0.589626239511823 1.1641938043239797
1.3667060520746372 5 0.8071555398269302 0.780564263322884 0.58098223615465 1.3208382960616198
1.6749830128218337 7 1.2964389332050446 0.8357030015797788 0.5997893628225381 1.049962698854447
1.8705608894619614 8 1.1668665987568774 0.9154518950437318 0.6754130223517979 0.853229377987676
1.162695833512044 4 0.7944324709315457 0.9328968903436988 0.5957446808510638 1.246192083334372
2.0620605413534143 9 0.9722743714734456 0.8538461538461538 0.6478632478632479 0.9856601981746462
1.580812535886635 6 0.8271679745054005 0.8505231689088192 0.6975585450921774 1.192187867785861
1.2820422400626548 4 0.6678448260106958 0.8367003367003367 0.675645342312009 1.0389416042895425
1.8080387196179968 7 1.1564581644682577 0.8549931600547196 0.7045143638850889 1.4649340941866398
0.9002530512753368 3 0.23542395041483508 0.8698060941828255 0.554016620498615 1.3503147955930832
1.0397177708449181 3 0.966135017019653 0.84375 0.7821969696969697 1.0502864965704986
1.7115412863090194 6 1.357664535753028 0.6827956989247311 0.4169653524492234 1.1870027999758443
1.5484478320681203 6 0.6301531697628682 0.96875 0.8307291666666666 0.9400699486437087
1.8891521637810211 7 1.2376220063182855 0.8468085106382979 0.5872340425531914 1.1276758946414944
1.9289517139611334 10 0.954714233106266 0.8769230769230769 0.7361305361305361 1.0247416134527567
2.1493816579074707 10 1.3912004000928377 0.8648351648351649 0.6230769230769231 0.7629362798200006
1.0397177708449181 3 1.106154498028999 1.0 0.8592188919164396 0.5498241657225699
1.961711184459626 9 1.1342811572708913 0.9398296059637913 0.730386936457224 1.1486352031961329
1.6612060375531659 7 0.9176564890901493 0.973172987974098 0.8606228800493371 0.6964431886449136
2.1089277990903232 9 0.9616890018957763 0.9116883116883117 0.658008658008658 0.8763324914250072
2.442700766983361 14 1.0134404780705915 0.9936708860759493 0.7710970464135021 0.8813974211124087
1.32943779383867 5 0.786253797873223 0.9503968253968254 0.8650793650793651 0.9972100492553942
2.1660759392938287 9 1.2979126196005073 0.9098360655737705 0.5610200364298725 1.245802697136524
1.9350543847193573 9 0.9838472547389113 0.9570957095709571 0.8316831683168316 0.814254869801732
1.9273841261826075 8 0.8531834388731141 0.7216494845360825 0.36254295532646047 1.3948282083289085
1.8839464444946 8 1.0664797032790516 0.8434237995824635 0.5139178844815588 1.1445741060716235
1.7325450881563673 7 1.0053199963266275 0.8580323785803238 0.6218347862183479 1.2860676100029316
1.573566876510525 6 1.1063038028182555 0.9212081418253447 0.7375793390238564 0.9687621728760841
2.23567485596119 11 0.9982394931879183 0.9168949771689497 0.7726027397260274 0.844900224524743
2.238181160493983 12 1.2009048667158273 0.8705440900562852 0.6838649155722326 0.97723523826835
2.046729532747218 9 1.0837681695039847 0.8863013698630137 0.6429223744292237 0.9502623867297969
1.7081747175706585 7 0.8906380066800689 0.9884836852207294 0.7968650031989764 0.6377452952647354
1.9733366453743495 11 0.9732162620054083 0.8592833876221498 0.7602605863192182 1.345955727495384
0.7029159307848437 3 0.7787771117609557 0.9754098360655737 0.8797814207650273 1.0070578582014948
1.6877396827819937 8 1.0245218862588983 0.9842001316655694 0.7417160412552117 0.6930709823747827
2.243318608882096 11 0.884584176166577 0.9 0.6110032362459547 1.2179655211111986
1.8655487519832745 7 0.964348806247713 0.9450621321124918 0.7926749509483323 0.7999788310226424
1.8903547753831345 8 1.2208747027968745 0.9254327563249002 0.7159343098091434 0.9382877419300666
2.251518834972745 13 1.204817571838776 0.7875201721355568 0.5533440918056303 0.9803123660642314
1.8495828471380094 7 1.0630439157565952 0.9252669039145908 0.6735468564650059 1.1883156377311632
1.53125865016281 6 1.0199215904943073 0.9059139784946236 0.7526881720430108 1.0186295357649067
1.6198923756888592 6 0.8789319602807127 1.0 0.9777158774373259 0.571495769163889
1.4845690808610197 5 0.5589599643650209 0.9602888086642599 0.766546329723225 0.5781560696717202
1.5135976783597371 5 0.7875040331689375 0.9228295819935691 0.7942122186495176 1.2495844434211243
2.0230872743205315 9 1.0541532012034351 0.9073055773762765 0.6381251636554072 1.0000238550375757
1.676690132615511 6 1.1984283632519288 0.8984771573604061 0.47433728144388043 1.070537575417931
0.7902307553651863 4 0.6841237507488823 1.0 0.9495798319327731 0.688469653505089
1.4941701383046417 5 1.170224702726838 0.9675675675675676 0.745945945945946 1.2749269635960048
1.6094319124578502 6 0.8566711691362364 0.9020618556701031 0.5824742268041238 0.9174896936851227
1.329657348863758 4 0.7805499863227829 0.9428571428571428 0.6214285714285714 1.3029164684008
1.6823373924650094 7 0.9637408391189574 0.9771197846567967 0.8539703903095559 0.8351693359086837
1.0735388464213231 4 0.8381446598983171 0.6201298701298701 0.2922077922077922 1.2148722906390872
0.9868954488573298 4 0.7593062447197312 0.9386422976501305 0.7771975630983464 0.8730975725566046
1.9893881426412305 9 0.7362884032430682 0.9354144241119483 0.7319698600645855 1.0381435188865273
1.0397177708449181 3 0.8907615520745218 0.7496671105193076 0.5827785175321794 1.7169030514306782
1.8460455147298627 7 1.2318837881370126 0.9358437935843794 0.7261738726173873 0.823109683093528
1.2500890779126541 8 0.6310921817656002 0.9413776257938447 0.8838951310861424 0.8461234026375662
1.2985442163742662 5 0.8156935856201941 0.8217228464419476 0.6089887640449438 1.4227300609962736
1.4574440597908391 5 0.737085686090875 0.9116945107398569 0.8568019093078759 1.1049526449166525
1.7868013400192388 7 1.1420464137405388 0.7879341864716636 0.7306520414381474 1.4496064400305193
1.373570512749875 5 0.5736936983220758 0.7651612903225806 0.7389247311827957 1.0964585001419063
2.0150681742712884 9 1.23197349126073 0.9788732394366197 0.8145539906103286 0.5836583069561183
2.1381324553569696 9 1.005118712169635 0.8821656050955414 0.6990445859872612 0.9342569388332586
1.8685522618690413 9 1.0929592705483115 0.8934092758340114 0.8044480607540005 1.0291298818023296
1.4941701383046417 5 1.3302819313919234 0.9310344827586207 0.7155172413793104 1.302176812376171
-9.999994999180668e-07 1 0.0 0.8324607329842932 0.7207678883071553 1.0799520473490674
1.445705705478541 7 0.7805056930442558 0.9210526315789473 0.8579895685158843 0.953140346038992
1.1640867305863667 5 0.8141052639464591 0.8003300330033003 0.6644664466446645 1.0976792039803236
1.2449487211461137 5 0.979749191524121 0.8151447661469933 0.5968819599109132 1.0205058206654176
1.2996459635728974 5 0.9568170821582759 0.8787878787878788 0.6363636363636364 1.3577634776468877
2.148535209434284 10 1.222463011185147 0.928462709284627 0.7097919837645865 0.8830683381663548
1.4140977548424696 6 0.7044243786696075 0.8684931506849315 0.7013698630136986 1.3259030385264026
1.7930870134422188 7 1.2637549366638812 0.9062003179650239 0.6830948595654478 1.4298388320656563
1.6915531643337987 6 1.3850227720080153 0.8681135225375626 0.5242070116861436 0.9400051077350395
1.3689183607484692 4 1.382344608256065 0.8756613756613757 0.626984126984127 0.9410979548120683
1.9868176383275091 9 0.8262940130356143 0.8947368421052632 0.7143962848297214 1.04935521990728
1.5176695294774438 5 1.2799212023189575 0.963963963963964 0.7967967967967968 0.9334311064988853
1.9850451879443647 8 1.3725061250000852 0.8644918444165621 0.7356754496026767 1.1567373854414778
1.7890151623245123 7 0.841771266301963 0.6850393700787402 0.49343832020997375 1.123605944421836
1.307195106321299 5 0.51060236694827 0.776 0.6266666666666667 0.8511386935602979
1.7009564891146165 7 0.9586990707524325 0.8322056833558863 0.585701398285972 1.178505532642781
1.8248846289471012 8 0.7589032309699036 0.8062256809338522 0.49130998702983136 1.4681154355960755
1.501278463951972 5 1.015222512270398 0.8805970149253731 0.5887230514096186 0.8213193701639511
1.5606942228730645 6 0.7844037617221035 0.8954703832752613 0.6916376306620209 0.7623413439343547
1.5481095269040173 6 1.0889746001089862 0.8913043478260869 0.5416666666666666 1.0719351500202003
1.4520390732123836 5 0.9829181137416281 0.9250936329588015 0.4812734082397004 1.2010683325297293
1.36652146674162 5 0.7798691273218192 0.8771626297577855 0.6430219146482122 1.1541887863273634
1.2740180624633664 5 0.6272167244735266 0.9675236806495264 0.7113216057735678 1.251465435977611
0.6004799082620752 3 0.45793537140060997 0.9145146927871772 0.8575244879786287 0.8725948829264034
1.7103744902195892 7 1.0827779706990055 0.933184855233853 0.621380846325167 0.9007826090400916
1.5808135358726352 5 1.0819754505384611 0.9124087591240876 0.7007299270072993 1.0607417406795725
1.6668696974553798 6 1.1378565802675582 0.9182098765432098 0.7659465020576132 0.7555235139632825
1.4669011049444833 6 0.8695228544218966 0.8941176470588236 0.6437908496732027 0.9458592929444066
1.4976804075160355 6 1.1371166243380904 0.8407350689127105 0.622766717713119 1.315472853840795
1.8195043490018565 7 1.1562652287053417 0.7989130434782609 0.3120471014492754 1.3623727426760437
1.329657348863758 4 1.2936618983584005 0.894927536231884 0.45169082125603865 1.0537105547587777
1.580812535886635 6 1.0581152699102625 0.9624819624819625 0.7643097643097643 1.04746875642199
1.821730393372838 8 0.8481907754088315 0.9621621621621622 0.6908108108108109 1.218617078773803
2.1046441073873323 10 1.0707005333417077 0.8939929328621908 0.7298782881821752 0.8640023738126009
2.1948604616849874 11 0.8786534659297658 0.8449319213313162 0.5421079172970247 1.4047457277375637
2.2200366237160143 11 1.3494591453859712 0.8754141815772034 0.7187983211840071 0.9558673513221384
0.7902649680839791 3 0.9016332788647633 1.0 1.0 0.9718577005778254
1.0970293903565806 3 0.9637023193521053 0.7254098360655737 0.372040072859745 1.3596700977119809
2.3933001230571906 12 1.2540854949133864 0.9297385620915033 0.5430283224400871 0.8827256039607075
2.2909662139148836 12 1.1141130439395985 0.8813349814585909 0.5179233621755254 1.0085909036863496
1.9859963635715765 9 0.9578694853126961 0.7813315926892951 0.45278503046127067 1.4050395028176237
1.7449136894939978 7 1.3203382000391901 0.9921104536489151 0.799364453210607 0.7354064276928994
1.224185364839599 4 0.45911252149813 0.9411764705882353 0.8897058823529411 1.4062773539650213
2.045564309657167 10 0.8729694565342411 1.0 0.7894736842105263 1.1783658499410485
1.580813535872635 5 0.8551010565048855 0.9642857142857143 0.75 1.2208274976241873
1.3107796781094638 4 0.9209200862766046 0.6773255813953488 0.6182170542635659 1.154517894977302
2.105187685101739 9 1.1082326161258989 0.8598326359832636 0.6873547187354718 1.0938919965055511
1.4013876466272654 5 0.570068628113863 1.0 0.9380453752181501 0.9038322962498976
1.3839249089405259 6 0.4549581782027801 1.0 0.9479982593559617 0.8513141362919701
2.006537147799168 8 0.6146796864473444 0.9965045150014564 0.8970773861539956 0.799750127482755
2.065202625765071 9 1.2619566612392872 0.8951965065502183 0.5898107714701601 1.135778504032734
1.5247013930572266 6 0.9073378586444164 0.9271255060728745 0.8218623481781376 1.0466432974188984
2.120653400228616 10 0.9305871151721655 0.9009174311926605 0.7761467889908257 1.3205481695196708
1.524104286584775 6 0.6050358764126182 0.8975945017182131 0.6506300114547537 1.3431350653167025
1.9132946568172897 9 0.7932201036134603 0.959954233409611 0.7555301296720061 1.0867868559387222
1.7964861672992662 8 0.9054542906417428 0.8650693568726355 0.7112232030264817 0.7924691484362798
2.3033675052918543 12 1.1815138867323143 0.8122837370242214 0.6557093425605537 1.0178376603495702
1.9910640074728687 9 0.753331472162131 0.8318670576735093 0.6044314108830238 1.0625141637771074
2.063144357285767 12 1.0777268647494898 0.925016160310278 0.5093729799612152 1.5900039429369748
1.6846182799490967 8 0.9190769828452123 0.8465703971119134 0.5371540312876053 1.6218043698100495
1.8734213186607287 8 1.0349329234029696 1.0 0.8333333333333334 0.8823019030754334
1.5861963169700735 6 0.5665451649181482 0.9921824104234528 0.8697068403908795 1.0171405640176168
1.544376980931289 5 1.0442241048308398 0.8481203007518797 0.5914786967418546 0.9506491626563922
1.6764709856365732 6 1.3526038563020306 0.869281045751634 0.7325102880658436 0.8495069507964303
1.8407417286006145 7 1.1965971364677765 0.8887218045112782 0.5649122807017544 1.1922173110326972
1.7210067340461104 8 0.830832710821863 0.9919472913616398 0.7986822840409956 0.7028337470974301
1.7084246255609352 6 0.9041258311403988 0.9087275149900067 0.6082611592271818 1.1285695397039095
0.703126581012173 5 0.2327470467897453 0.676829268292683 0.47560975609756095 1.203211527448133
1.7958163922011838 7 0.8112224320132688 0.8821705426356589 0.6640826873385013 1.080304590259863
1.6694099529171433 7 0.6185454130871365 0.935251798561151 0.7314148681055156 1.0737294736891896
1.2281018514812794 4 1.4006827167928788 0.8896276595744681 0.7796985815602837 1.1770350139005379
-9.999994999180668e-07 1 0.0 1.0 1.0 0.950936929443246
2.1521450594534595 10 0.8895505287191581 0.9126637554585153 0.8209606986899564 1.0343128512913111
1.5643641029213846 6 0.7546188734215714 0.9215686274509803 0.7237472766884532 1.191690891315994
1.4205659259751207 6 0.8464118545638619 0.8432671081677704 0.6857983811626196 0.7747922915152236
1.8734437376012318 8 0.7874852756431144 0.9329446064139941 0.6890184645286687 0.8921843670159396
1.2440116958164495 5 1.0230742752718163 0.9687092568448501 0.9269882659713168 1.3378478524166297
0.6598680138109335 4 0.27749770387902717 1.0 0.6041666666666666 0.820018619972058
1.1481586571062063 6 0.47184307326294417 0.9470198675496688 0.8675496688741722 0.7951954110302669
0.22871774481763207 3 0.10929628435132699 0.6666666666666666 0.6666666666666666 0.6761040545043238
0.49535588178927903 4 0.1800454743425423 0.847457627118644 0.6129943502824858 0.9212135082870232
1.2452383780261242 4 0.8897454377245911 0.8335724533715926 0.6217120994739359 1.2144681246644333
1.874632740579668 8 1.0187893454339467 0.8252427184466019 0.6703652334720296 1.0972210548267376
1.9230577843657521 8 0.844138759000334 0.8913857677902621 0.8039950062421972 0.9261714800145383
0.6019209717449048 3 0.39779236201184387 0.7849462365591398 0.5197132616487455 1.0980453264220815
1.7553589407609465 8 0.870182667676196 0.8358778625954199 0.5708227311280747 1.2246571181945127
0.22371607607486488 2 0.05304139993864953 1.0 1.0 0.6503206314411081
1.916337857961802 8 0.7837822858856031 0.928521373510862 0.6652651249708013 0.8974921063030055
0.8313995205030316 3 0.967756465581529 0.6212534059945504 0.2561307901907357 1.243792807001581
1.3695033946033737 5 0.640665046587654 0.963963963963964 0.7667667667667668 1.2289147576280486
1.8494639237612107 8 0.90759304736508 0.8977485928705441 0.6707317073170732 0.9682250247941457
1.8854739933756894 8 1.211248327332395 0.6 0.4666666666666667 0.7350852961085884
1.914333284361076 9 0.7908634794522412 0.8839724680432645 0.5417895771878073 1.0763221841522899
1.6565451267216535 6 0.772536241131694 0.837138508371385 0.5550481988838153 1.1043063250426473
1.7438054571902577 7 1.0253826420210845 0.8503937007874016 0.6058617672790901 0.7802235497183686
1.6357979438775572 6 0.8801204625574458 0.9593544530783025 0.5566845985256027 0.9032093730211448
1.8310134811420158 7 1.5334635308736397 0.9366754617414248 0.5857519788918206 0.9365629934647686
1.9268100305889122 9 1.1326406451332247 0.9375838926174497 0.5733780760626398 1.0187010883276724
2.3444414939052565 13 0.7704744490969588 0.879347054648687 0.5339484267802224 1.071057486389995
2.6665792137932156 17 0.9825775534146498 0.8094667465548232 0.5414419812262832 1.0009356330003722
2.090610764825608 9 1.195279297995632 0.8278867102396514 0.5744371822803195 1.1899892215036416
1.983315451471722 13 0.9865924594227815 0.8896103896103896 0.5952380952380952 1.1043521801467218
2.1156840770243375 10 0.8275359315355799 1.0 0.9259259259259259 1.2440169358562925
1.9739266259411492 10 1.0302455955929672 0.9024561403508772 0.7658479532163742 1.185923221515332
2.1022950861042955 10 0.6767120672345465 0.7132486388384754 0.4603750756200847 1.3338928827786762
1.960087135165225 8 0.80555096850763 0.9107142857142857 0.6785714285714286 0.964556650762474
1.7956222402953712 9 0.5072519006571402 0.9814986123959297 0.8603145235892692 1.1382454547342438
1.1977057734827659 6 0.30379738474100176 0.9405815423514539 0.899283607248209 0.7641554464390142
1.3704983899271759 4 1.0529566550984026 0.8301886792452831 0.6477987421383647 1.274070524217724
2.0177380728453462 8 1.1199154613351843 0.953125 0.7604166666666666 0.7306306714231513
1.5284607100780248 5 1.017051875617427 0.7241379310344828 0.5172413793103449 1.341596679158099
1.3795774068818378 5 0.8082745936191805 0.7215568862275449 0.44610778443113774 1.3833403238977418
1.9273831261966072 9 1.2804358499542965 0.886676875957121 0.6615620214395099 1.0017317803092753
1.874632740579668 8 1.2610023353091584 0.8032069970845481 0.5223517978620019 1.1081215175463084
1.4669021049306712 5 0.825409840633077 1.0 0.8753812636165578 1.223278537962576
0.708685028227737 3 0.7730221999117073 1.0 1.0 1.4330127018922227
1.629994559186445 6 1.2158817086240328 0.9847645429362881 0.9141274238227147 0.9163261110746467
1.9061467465838495 8 0.7995516823363394 0.9825918762088974 0.86428110896196 0.8963747625385678
1.5178464414811081 6 0.7057537953039805 0.9311377245508982 0.8772455089820359 0.7638920888034716
1.5229500675463181 5 1.4765129136007746 0.6647887323943662 0.4309859154929577 1.3580895162391817
1.0283911667196848 3 0.6456649904075951 0.96 0.6255555555555555 1.0466014921678788
1.3979867020803467 5 0.8904916593220795 0.8316993464052288 0.4564270152505447 0.5205480052778068
2.0140275237466008 8 1.3939318437916965 1.0 0.8635844748858448 0.7731496685047419
1.6486506577631848 7 1.064555771958401 0.9059967585089141 0.6129119394921664 0.8889964905443059
1.668701902659846 7 0.7606286396878726 0.9693537641572285 0.7819231623362203 1.103962923049045
1.5268731472912596 5 1.3162481610390757 0.9213333333333333 0.692 1.1630069442599178
1.3704983899271759 4 1.191427933165912 0.8141843971631205 0.6151300236406619 1.0857043409906832
1.05509861817353 3 0.8473051686783868 1.0 1.0 1.3424088520190887
1.7812031875941834 9 1.0964062343398204 0.8981164383561644 0.7094748858447488 1.0425774116515467
1.5229500675463181 5 0.68495403854985 0.8654708520179372 0.5844544095665172 0.7974932906494837
1.4658013752457286 6 0.7199148548490444 0.9168704156479217 0.5480847595762022 0.9877619703232104
1.5176083823439264 6 0.9050171584467274 0.8508371385083714 0.678082191780822 1.4515331990755218
1.7699688829705218 7 0.8946437427178638 0.8218442256042973 0.5750522232169502 1.2164442825923034
2.079432541729836 9 1.0305143665500307 0.870253164556962 0.6766877637130801 1.0432348537604297
1.9061477465658496 7 1.4056349174814515 0.8661417322834646 0.45931758530183725 1.3156297529182288
1.2130035659909044 4 0.8809604508451546 0.8346333853354134 0.5923036921476859 0.9105863383313905
1.303087403780619 5 0.7077828896495841 1.0 0.2693333333333333 1.0671102725426607
1.51189055856606 6 0.9305698167215849 0.9064516129032258 0.5935483870967742 1.549289343246523
1.2123098802805643 4 0.4382041723610139 0.9056865464632455 0.6005547850208044 1.0520643746050224
1.6609888146297918 7 0.9232505231119983 0.9054054054054054 0.6441441441441441 1.3852873544664257
1.5581059700784143 9 0.6886073502023018 0.881000676132522 0.6880775298625197 1.4944617889287555
1.7901970280159722 8 0.8851820741195584 0.7697841726618705 0.5379696243005595 1.0498760723370457
1.5242808042206426 5 0.8695504104467573 0.9137380191693291 0.6968406105786298 1.1810260103959134
1.4075267407406487 5 0.9847174460396958 0.9411764705882353 0.646498599439776 0.7923968941236619
1.9600871351652251 8 1.0677143516600045 0.8754914809960681 0.6933158584534731 0.8319896219414983
1.8916115701480123 8 1.1581382606054416 0.9367771781033153 0.5384219994859933 1.0885276500638597
1.6304265826551552 6 1.022657127241841 0.7519260400616333 0.41345659989727784 1.1493419145011852
1.6286114465198072 6 0.8234250545189623 0.9711055276381909 0.6700167504187605 1.2750708158931239
1.9036786883817847 8 1.1585159064802277 0.8002406738868832 0.4897713598074609 1.1045317442369635
1.4614671293220243 5 1.0267164177770163 0.8344051446945338 0.5278670953912111 0.9725741362509205
1.494170138304642 5 0.869452761543714 0.9469026548672567 0.671583087512291 0.8756690157834656
1.3396564462591247 5 0.7578828979667841 0.9056356487549148 0.6199213630406291 0.9534529454184584
1.2418832653367375 6 0.7051839311884353 0.8450331125827815 0.5368653421633555 1.2099101535219614
2.0148446099919655 9 1.0333452526671663 0.9419419419419419 0.7934601267934601 0.7961098908745634
1.4708034763383613 5 1.0053956381933076 0.9544235924932976 0.8847184986595175 0.7981939714885741
1.8834833211194746 8 0.8794526451656742 0.9792792792792793 0.7816816816816817 0.7257082442930748
1.3358153181203167 5 0.6211164978938573 0.895010395010395 0.6538461538461539 0.8285988540945577
0.9238377056376721 3 0.4304145690821882 0.93 0.7466666666666667 0.4256577721986452
1.3862893611368905 5 0.974753940101946 0.9183673469387755 0.673469387755102 0.9018093261031679
1.4244377785225513 5 1.049893374072146 0.9791304347826087 0.6979710144927537 0.8519537068210765
1.4614671293220243 5 0.8326288233224245 0.9813084112149533 0.7476635514018691 0.8361623246556109
1.400321576251021 5 0.9733113694153848 0.846820809248555 0.5751445086705202 1.2253182671431322
0.848682557733917 3 0.6876700549231026 0.8313953488372093 0.6124031007751938 0.6409249555972718
1.4681349390331668 5 1.0441311523081054 0.797752808988764 0.6179775280898876 1.0127250412426367
1.351779994298396 4 1.2358688600189411 0.75 0.5277777777777778 1.372738452417834
2.079432541729836 9 1.2028582509120715 0.7819767441860465 0.44622093023255816 1.2394927464592662
2.0280377678317025 9 1.0357094013101524 0.9087136929460581 0.7173812816966344 0.8203960434963025
1.7170689802371482 7 0.9820459308901308 0.9363295880149812 0.6622971285892634 0.9334932064110261
1.3050923719579406 4 1.033380075182722 0.8831168831168831 0.6073926073926074 0.7523505043372711
1.3050923719579406 4 1.033380075182722 0.8831168831168831 0.6073926073926074 0.7523505043372711
1.9273841261826075 8 1.1077454557494766 0.98 0.7945454545454546 0.996561885940762
1.7540993310186215 6 0.8551307566413295 0.8433098591549296 0.6296948356807511 1.178139106869528
1.559576156273877 5 0.9380888972805762 0.9011976047904192 0.7654690618762475 1.2036787751102833
1.2554783251894204 4 1.4276293373504072 0.9345238095238095 0.6081349206349206 1.4948357950540774
1.251151983376565 4 1.0844511412093674 0.6965098634294385 0.34294385432473445 1.1979402136627748
1.249338231094037 5 0.9375777853517496 0.9607843137254902 0.548202614379085 0.9095611962318493
1.5832524594456765 6 0.9233569463917696 0.8179979777553084 0.5139871924502865 1.0686666684593482
1.4851888114968859 6 0.8027570720689347 0.8900523560209425 0.5828970331588132 0.9872344928489305
1.14905569698277 4 1.115739133423828 0.778393351800554 0.5854108956602031 1.3823661499339275
1.676690132615511 6 1.0148181160552272 0.8012820512820513 0.5576923076923077 1.0313735898496306
1.3862903611278907 4 1.382747396859189 0.9 0.4888888888888889 1.5374785217660736
1.4828183757839355 5 1.0358997739168774 0.8317757009345794 0.5171339563862928 1.202992687729487
1.8475264106172662 8 0.9739054561638836 0.8664421997755332 0.5375982042648709 1.1350799781343268
1.3107796781094638 4 0.8797784636297996 0.8970189701897019 0.6034327009936766 1.2293101623204323
0.9433453923362893 3 0.8488234919721336 0.8617511520737328 0.6766513056835638 1.346917848725336
1.9613940883301704 9 0.9852191970763237 0.7519640852974186 0.4822297044519267 1.176072622445669
2.0069468922490152 8 1.4195520095359055 0.9439252336448598 0.7720664589823468 0.7922164160463614
1.874632740579668 8 1.4045339719654124 0.8833333333333333 0.6333333333333333 0.9729130869610125
1.754098331032621 7 1.418683641341417 1.0 0.772609819121447 0.6460380457196633
1.927383126196607 9 1.069436734598777 0.9200542005420054 0.7380307136404698 1.2374224391215116
0.9002530512753368 3 0.7581249924735319 0.9318181818181818 0.8863636363636364 0.6140007175467203
1.6566152261845037 7 1.074710791304495 0.7638217928073 0.46179996421542313 1.5476759198966328
1.8037123778011415 7 1.183230970839813 0.8361344537815126 0.5644257703081232 1.1404998526247045
1.8932617768895055 9 0.8931966386512834 0.8494795836669335 0.5807312516680011 1.080758500813952
1.9927891441658425 9 1.257537520878916 0.8852459016393442 0.5710382513661202 1.1163043333918814
2.0099940235153975 9 1.0196847587553775 0.8877221324717286 0.672859450726979 0.9511430620032297
2.0140275237466003 8 1.0569807162929243 0.8939157566302652 0.5392615704628185 0.9382047847914331
2.022182612795791 9 0.9629462297671895 0.9857697283311773 0.6455368693402329 1.1607404923723754
1.6904014725729644 7 0.8446148550979223 0.8326745718050066 0.5713658322353975 1.0559947596540686
0.9365955187388082 4 0.301043289445919 1.0 0.931910569105691 0.8937731475293242
1.7597890901766766 8 0.7786573417110906 0.8281535648994516 0.473491773308958 1.0646435310754758
2.218410690313569 11 1.1412143286244956 0.8918228279386712 0.5519591141396933 1.1574250510013135
1.5229500675463181 5 1.2162193519576465 0.8328611898016998 0.4806421152030217 1.2215941822308929
1.3296563488760078 5 1.1987879385133204 0.9346049046321526 0.6680290644868302 0.9110214438608731
2.1325308837755075 12 1.0400129860049718 0.8359025360517156 0.7036300348085529 0.9942808602086788
2.006569514710207 9 0.8838245154052311 0.887567152724482 0.8063443335891533 0.756120017920853
0.8815292611983065 3 1.2781162794115066 0.8952042628774423 0.7158081705150977 1.041601649944473
1.4821613084264993 8 0.7592715539395143 0.9446564885496184 0.7468193384223919 0.9076007848179132
1.4614671293220243 5 1.0527086696561216 0.9681881051175657 0.7445827570308898 1.0804482874910646
1.629033762287245 7 0.8570352778783833 0.9563636363636364 0.7822222222222223 0.924906250772815
1.2224627866097073 4 0.3925728904199803 0.9815809669992326 0.9217191097467383 0.5966809615304839
1.667454933468628 7 1.164131306181145 0.8256130790190735 0.6739327883742052 0.8209433900183988
1.4184786619635732 5 0.7872889800957238 0.9225806451612903 0.7935483870967742 1.5454640800797566
1.5936015376443737 5 0.7835854764240278 0.9485609308022045 0.7999591753419065 0.7724582918352592
1.6373496419782478 6 1.020646382972651 0.8736842105263158 0.6870813397129186 0.9713921562711444
1.5805795884812142 6 1.1588675419850982 0.8695652173913043 0.6560990338164251 1.037743387127314
1.440228749736266 6 1.0232157343947248 0.8858321870701513 0.5011462631820266 1.3933069538556624
1.873444737583232 7 1.2022983323587197 0.9022801302931596 0.6802388707926167 0.7975528859252409
1.6020499154853929 6 1.0489741022726673 0.9420289855072463 0.677536231884058 0.8442019118366189
1.8576517664005168 8 1.2749440240201169 0.8155802861685215 0.49814520402755696 1.0181370277815627
1.6304265826551552 6 1.098810724401894 0.8493647912885662 0.5251058681185723 1.0899178629017972
1.3421207227714134 5 0.9606870706488679 0.931640625 0.7884114583333334 1.360879364638228
1.6821715787457858 6 0.7112285616489478 0.8440860215053764 0.5834328952608523 1.0905002290959624
1.8636729873700002 7 0.8136106443434666 0.8431372549019608 0.5836601307189543 1.0395444160514693
1.8734447375832322 7 1.246280931101496 0.8223583460949464 0.6202143950995406 1.231795119051254
1.6470956152260041 7 0.9792992921658488 0.9802235597592434 0.8002292920607624 0.8461637107355147
1.2130035659909042 4 0.884864836761876 1.0 0.8180583842498302 1.0410401616186657
1.8091511844756083 7 1.1272884697565226 1.0 0.8847926267281107 0.9143392948941644
1.508356471927922 7 0.9753024616992855 0.8672489082969432 0.7013100436681222 1.4099974760923508
1.6812124632754244 6 0.9539946307668434 0.7864344637946837 0.5716468072105102 1.0549160673793783
1.5481095269040173 6 1.039072995924523 0.9129746835443038 0.5991561181434599 1.213790135500141
2.0981383891827328 9 1.341240066934252 0.8383128295254832 0.5571177504393673 1.1418487764354077
1.329657348863758 4 1.2733016441210587 0.8985507246376812 0.6654589371980676 1.1835601493583319
1.543784185073162 5 1.0738384768491795 0.9155937052932761 0.7496423462088698 0.9634855253313198
1.3372892379299355 6 0.39186133058234174 0.9432624113475178 0.8203309692671394 0.8347386563143773
2.2025110748823193 10 0.8592083459537676 0.9620653319283456 0.7246224095539164 0.7909675351883325
1.948454972929939 8 1.2731426706114632 0.9828109201213346 0.8045163464779238 0.8925880745889074
1.4284012843411333 5 0.39604497712079845 0.9243937232524965 0.5416072277698526 1.0514310810407983
0.16794214774719357 2 0.05092916063050995 1.0 0.5035211267605634 0.8517586473863468
1.7928946256865301 8 1.0734964763353372 0.9466666666666667 0.7705555555555555 0.8579129465274237
1.6456128640524135 7 0.7566992586855391 0.9646596858638743 0.93717277486911 0.8680805463302608
1.8342272284569043 7 1.0481816459515925 0.8835443037974684 0.7210970464135021 1.0704850395217707
2.3215285722801333 12 1.1443801453798694 0.8921232876712328 0.651255707762557 1.1126120101617183
2.2151812094854333 11 0.9553017729106033 0.9436734693877551 0.7521088435374149 1.1560071206565432
1.8850115362374704 8 0.7880404011972542 0.9735401459854015 0.8132603406326034 1.089782300821082
1.8513051064381727 8 0.8901480349810457 0.8362760834670947 0.6500802568218299 1.3864291839905756
1.6769817743441668 6 0.7896297630972957 0.8110236220472441 0.5905511811023622 1.1222751266917521
1.4467669023883682 6 0.7535101852709101 0.9026455026455027 0.6472663139329806 1.1007486901609442
2.4528170056829457 15 1.3029007935789447 0.8966455122393472 0.7608038682381384 1.1650560048002734
2.1383240595530277 9 1.2246603644704666 0.8091743119266055 0.5706422018348624 1.3458740222253802
2.0069468922490152 8 1.0530514643919746 0.9530638852672751 0.7235984354628422 1.095284538212865
1.9418670963166005 9 1.1550482355976954 0.7710027100271003 0.5934959349593496 1.245516839039624
1.7213963220360038 6 0.9874789340647939 0.8901960784313725 0.7490196078431373 0.972526338421641
1.8037123778011415 7 1.0784204131778017 0.8454038997214485 0.6903435468895079 0.8811992715819377
1.2033270407244037 5 0.6713494928776925 0.9595687331536388 0.8706199460916442 0.9434088797037966
1.7623077108706668 7 1.0104667802927203 0.984375 0.9166666666666666 0.8821196291317426
1.6573195115753108 8 0.612100248241528 0.9114391143911439 0.7402214022140221 0.7913245240755363
2.096342579529738 10 1.3033133811588802 0.8424657534246576 0.47990867579908675 1.3283272405142643
1.485349264051495 6 0.862517302505262 0.8966535433070866 0.6571522309711286 1.0730116426820158
1.2130035659909044 4 0.6231422572629738 1.0 1.0 0.631088226535131
2.1524461390329406 10 1.187720021868784 0.9080157687253614 0.7290845378887428 1.2220431992092808
1.5418277383006123 5 0.5011475407272091 1.0 0.9055900621118013 0.8465307467797764
1.1246662892518389 4 0.6595286324683125 0.9282814614343707 0.8281461434370772 1.027957156018943
1.6631295916377729 6 1.144832261281358 0.9560439560439561 0.7728937728937729 0.9413602475358722
1.3686846376446478 5 0.7850227155703716 0.9565807327001357 0.8227046585255541 0.923306465658171
1.5727244786454224 6 0.6899323303695786 0.9873096446700508 0.7542301184433164 1.2243168846242605
1.6020499154853929 6 1.1104174935682933 0.8247011952191236 0.683045595396193 0.9798343546339894
1.7782263058327488 7 0.878694078258336 0.8595600676818951 0.679639029892837 0.8606571441111839
1.9061467465838493 8 1.083268692484168 0.8370672097759674 0.6435845213849287 1.1280627066776283
1.8734447375832322 7 0.9324347584875152 0.9352941176470588 0.6313725490196078 0.9799037500944185
2.0069468922490152 8 1.103272613787783 0.8172942817294282 0.6141329614132961 0.9477167496761449
1.5498210458922017 5 1.4364477562449351 0.9272727272727272 0.7373737373737373 0.7795441528343061
2.081306838928045 10 0.5191031808157108 0.7368421052631579 0.7894736842105263 1.1112853813988879
2.180349137166525 10 1.4070071886034043 0.8738812042310822 0.6490371575806889 1.1880909661455434
2.3103009919958226 12 1.1641620837678488 0.799406528189911 0.3926805143422354 1.385051272815053
1.3579728550063246 5 1.0389251224671854 0.6666666666666666 0.5555555555555556 0.7018874775675313
2.0075483074751705 8 1.0743917430647172 0.0 -0.3333333333333333 2.5043799069381367
1.6957365341913013 6 1.1031282524985513 0.7341772151898734 0.3037974683544304 1.4966270742185475
2.2162662099498025 12 1.293978469497719 0.9 0.7666666666666667 1.068301270189222
1.7744688392762473 8 1.2061490818057616 1.0 0.7 0.6309401076758504
1.985452691871278 9 1.0592246940106778 0.9095127610208816 0.7424593967517401 1.0475030274211672
1.5379811011499147 6 0.7909645016586204 1.0 0.6666666666666666 2.455341801261479
1.9845379160336263 8 1.2557776555940001 0.9565217391304348 0.8115942028985508 0.680093374514276
2.0762152534604654 10 1.3060708440221196 1.0 0.8985507246376812 1.2007477824483228
