1.4611241340001626 5 0.6850489377869258 0.8161559888579387 0.5998142989786444 1.1204815069913245
0.7534394611888335 3 0.6336610871059127 0.7906066536203522 0.6594911937377691 0.871055153053393
1.299736799566753 5 0.6959041004043666 0.967032967032967 0.7756410256410257 0.851425893242964
1.6162764488707146 6 0.7833603677950237 0.9560439560439561 0.6092796092796092 0.8578689643760746
1.2554783251894204 4 0.9808662135646503 0.9335347432024169 0.7190332326283988 0.8632785212337871
0.37676816126100815 2 0.34667189948954846 0.7096774193548387 0.6129032258064516 0.8843568874019709
0.6019209717449048 3 0.39779236201184387 0.8605769230769231 0.5857371794871795 1.2034462983967402
1.5353000176362832 7 0.5888213525135482 0.8870636550308009 0.5767441860465117 0.9049184033921824
1.5765916026102882 8 0.422906591264244 0.9243542435424354 0.7552275522755227 0.8459829495646592
1.3660140760419546 6 0.7180869619467125 0.8776632302405498 0.6626180836707153 1.2526584873873732
1.8037113778271407 8 0.6028463424131039 0.9793103448275862 0.8901643033986045 1.2002054365231904
1.7395039363808413 7 0.7269600891516255 0.9060052219321149 0.736727589208007 0.8873021906250788
1.5792261346534848 7 0.6447304887922473 0.8745644599303136 0.6550522648083623 0.9359406905975199
1.605821462958879 6 0.5653170171892419 0.9066455696202531 0.5411392405063291 1.206333668460261
1.5419704327906343 6 0.8433119600814771 0.8856345885634589 0.6880520688052069 1.0422978376999383
1.6459108300439593 6 0.9687510008753728 0.9461805555555556 0.7065972222222222 1.0559270599194936
1.4614671293220243 5 0.5837442597571961 0.9225251076040172 0.648493543758967 0.9245332293597521
1.7973688607616545 7 0.762268610415434 0.7991561181434599 0.5769338959212377 1.0497626449810473
1.6304265826551552 6 0.6796935053459544 0.926040061633282 0.7128916281458655 0.8716056613609725
1.123133987341293 5 0.2000469198396277 0.96875 0.8125 0.8876151305449133
1.1479205831138255 4 0.5897415389221389 0.7717584369449378 0.5663114268798105 0.9599426526639983
0.848682557733917 3 0.78080112628768 0.9653179190751445 0.733140655105973 0.9900417504690048
1.51189055856606 6 0.802288910944729 0.859375 0.6008522727272727 1.2759599264122699
1.3208843431586554 4 1.0245059368910412 0.832 0.5386666666666666 0.8981368328514618
0.9470541522889973 3 0.9974052488720625 0.9611486486486487 0.5771396396396397 0.8819462150704077
1.153737942712465 4 0.4523645445838224 0.8636363636363636 0.6893939393939394 0.700738050090366
0.37676816126100815 2 0.34667189948954846 0.8243243243243243 0.6186186186186187 0.9943346787258648
0.8687166829249237 3 0.2016255343945183 0.7612612612612613 0.6276276276276276 1.1351812967097896
1.9230577843657521 8 1.0746894286171675 0.8697247706422019 0.7486238532110092 1.055629385225265
1.4677289293433524 5 0.9964896425572303 0.850253807106599 0.6632825719120136 1.1062583634537277
1.3917347695399336 5 1.1353510507019042 0.9320557491289199 0.6521486643437863 0.923009753585183
1.1491483765482018 4 1.128278730224718 0.7156105100463679 0.35600206079340546 0.9797847005704481
1.190071307235074 5 0.5261905516941384 0.9294436906377205 0.694708276797829 1.1430755308650378
1.9394998605558873 10 0.7619416373406227 0.8373983739837398 0.6070460704607046 0.9061435468652899
1.6853212890322296 8 0.8582800482988601 0.8184059161873459 0.48759894459102904 0.934073219809823
0.9743117528756828 3 0.7831076799615333 0.8676470588235294 0.5269607843137255 1.0218977975390386
1.0397177708449181 3 0.863158459119324 0.9336158192090396 0.7994350282485876 1.0340963859917771
1.65299156604657 7 0.6427791336591813 0.8360477741585234 0.7220412595005429 1.304039400774784
1.282042240062655 4 0.7609898516550165 0.8838951310861424 0.39013732833957554 1.4133336496993114
0.9743117528756828 3 0.7382257394703151 1.0 0.7565543071161048 0.9283371737969501
1.550177428254652 5 1.1176114927735719 0.6825396825396826 0.46502057613168724 1.0170518650843394
1.6843669712365308 6 0.5993049241873485 1.0 0.8888888888888888 0.9796652553453091
1.1432712062088137 4 0.5862853980436152 0 0 0
0.92761433433364 3 0.5627128020718484 0.8928571428571429 0.5434782608695652 0.8507418654177872
1.6052011074814585 6 0.8398366048972035 0.8747591522157996 0.5780346820809249 1.0146933404791514
0.562333144621475 2 0.8089010988089465 0.7902097902097902 0.6386946386946387 0.9158569100179447
0.6931451805619453 2 0.17333594974477423 0.9575971731448764 0.8657243816254417 1.136314098456379
1.2342409455896624 4 0.7598749016101262 0.8500797448165869 0.7543859649122807 0.9011219083212616
1.073538846421323 4 0.8972941448023123 0.8055555555555556 0.7185185185185186 1.1009341929020204
1.1803005570082867 4 0.6014623928987702 0.8991452991452992 0.6649572649572649 0.891537892362419
1.6843669712365308 6 0.8777047111732845 0.9360568383658969 0.7726465364120781 0.9301196486440619
1.7565998989669156 8 0.7866351151575444 0.9140568099053168 0.6858460791454236 1.0265663114746453
1.013900660954965 4 0.6999482857082691 0.8664546899841018 0.6661367249602543 1.6506018324442449
1.0022338431585083 5 0.7248881540443578 0.795758051846033 0.5684734223618748 0.964128759404079
1.2948699609369068 7 0.45379175932341553 0.9254302103250478 0.6934353091140854 0.9873342286397782
1.5632699651889042 6 0.5888582692816777 0.9565610859728507 0.7728506787330317 0.7508712122675751
1.01029957511526 4 0.483345906501255 0.907626208378088 0.7107053347654851 0.8713481795867534
1.1345665477713316 6 0.5709869088986265 0.9111776447105788 0.6310711909514305 0.9499159201825097
1.2342628661009336 5 0.6169354812945113 0.8803418803418803 0.6809116809116809 0.9676553905813172
1.5606942228730645 6 1.1723895699244984 0.787701317715959 0.5173255246461689 1.0683903869053502
1.4253306217701074 6 1.093692494849726 0.8580645161290322 0.7448028673835125 0.539246206828321
0.37676816126100815 2 0.24267032964268392 0.9012693935119888 0.8349788434414669 0.8941546951225227
0.6615612381601154 2 0.34667189948954846 0.967654986522911 0.7789757412398922 0.7159677660102782
1.299736799566753 5 0.747086096250588 0.9163701067615658 0.7034400948991696 0.8913988155462984
1.5315416139524638 6 1.017285606149916 0.9694267515923567 0.6161358811040339 1.5460607921078413
1.2006805623521053 4 0.564765547568759 0.9395770392749244 0.6550855991943605 1.5100780937724896
1.3974012296558456 8 0.7994777906434152 0.8807260155574762 0.6061381074168798 1.2429703077495302
1.1573692982344563 4 0.7594830602453201 0.8562091503267973 0.6879084967320261 1.081682225371582
1.731606732449929 8 0.4118078440063323 0.9927963326784545 0.9565597031215892 0.7551808610673978
0.9724779323435697 3 0.5492479974967611 0.9461966604823747 0.5708101422387136 1.0387966545250709
1.6765239643196925 7 0.7866051757692529 0.7802929427430093 0.4678312739667661 1.2795561057339322
1.56502156467192 5 0.571009991810108 0.9158110882956879 0.7823408624229979 1.1538252255538217
1.6571740791913792 6 0.8397560438818581 0.8189300411522634 0.5386374028349337 1.0993835195451869
0.562333144621475 2 0.5662307691662626 0.8603066439522998 0.6978989210675752 0.7590683796977111
1.4075267407406487 5 0.8183421051524854 0.8110749185667753 0.7806731813246471 1.0782789735119034
1.4295288563276531 6 0.7612731324292206 1.0 0.93739092495637 1.198640578415552
1.7213963220360038 6 1.3203790890437839 0.6960352422907489 0.5609397944199707 1.0901647233026521
1.6286128303726273 7 0.8478942781814898 0.9628610729023384 0.6533700137551581 1.2891388842463232
1.3491639439150784 5 0.7636266814722883 0.9356617647058824 0.8419117647058824 1.0886197540453229
1.7230104436185196 8 0.8040064431898333 0.876317638791286 0.6069337081283673 1.019433980741747
0.848682557733917 3 0.9885571320196966 0.9166666666666666 0.7361111111111112 0.8954194413998624
1.2148856539607453 4 1.1223995339349484 0.9681697612732095 0.7161803713527851 0.8023677559195475
1.8533929146066874 8 0.8715105321155079 0.8123815540113708 0.7233101705622236 0.807761510926574
1.7789653596424557 7 0.7669724828989416 0.9034965034965035 0.7023310023310023 1.0845463326972289
1.3334690391277029 4 0.9600380851598203 0.9273927392739274 0.6974697469746974 0.8649981529117686
1.4244377785225513 5 0.6214084058691406 0.9439890710382514 0.7408925318761385 0.8077991835429477
1.64621855385587 6 0.8224235843566484 0.842741935483871 0.546146953405018 1.0547400593356204
1.5437841850731622 5 1.059438880798052 0.8741258741258742 0.6789044289044289 1.0050991609885762
1.9349332689310088 8 0.8136849935490009 0.899581589958159 0.8186889818688982 1.020440784729738
1.6791342532735256 6 0.41617392580201146 0.9658119658119658 0.8518518518518519 0.8536306428859932
1.5571060981055618 7 0.9117912533947575 0.9350348027842227 0.8472544470224285 1.0434950705559944
1.8360675439502028 8 0.7748200121432227 0.9469331495520331 0.7284631288766368 1.3400969679054717
1.4226250262260236 5 0.8617914133609778 0.8515625 0.7526041666666666 1.0625442730327448
1.7064512904215694 6 0.8145733790840209 0.8217142857142857 0.6210096510764662 1.1925389002990485
1.710776632263624 7 0.8387216310408367 0.867862969004894 0.6103860793909733 1.127998594898848
1.5691469462307688 6 1.0386837740936548 0.9335863377609108 0.7862112586970272 0.9205311462302307
1.1574890712814645 4 1.1536167262959682 0.7954366640440598 0.6902701285077367 0.8881016459400318
1.7001589424372456 6 0.6398989958848582 0.9389312977099237 0.5877862595419847 0.8403122071258609
1.3208833431716553 5 0.9627833420411149 1.0 0.9554924242424242 0.739376836911637
1.353586352154273 5 0.9560444975375557 0.8991596638655462 0.6764705882352942 1.3433763164991062
0.7029159307848437 3 0.43812923145477334 1.0 0.917319408181027 0.6995753570952287
1.1407161964286858 4 1.1745087703148231 0.6602787456445993 0.27526132404181186 1.2525384321602355
0.9238377056376721 3 0.43183788628082753 0.9169014084507042 0.5173708920187794 1.2262258477351133
2.046729532747218 9 1.103964414186824 0.8047091412742382 0.5304709141274239 1.0878550524404116
1.846888373513647 9 0.8217834336010968 0.9096583442838371 0.7232807709154621 1.280829704327975
1.9600871351652251 8 1.0556841085181135 0.8260869565217391 0.5877616747181964 1.018655464296515
1.162695833512044 4 1.2001156818999907 0.8188736681887366 0.4931506849315068 1.2277878041360666
0.6931451805619453 2 1.21335164821342 0.8692579505300353 0.6301531213191991 1.0361714310058647
1.3421217227574136 4 1.178274687027268 0.8107752956636005 0.5816907577748577 1.6058777831007816
1.6769817743441668 6 1.0319294197008033 0.8272058823529411 0.5772058823529411 1.2750368750113938
0.6837359058583963 3 0.518154396924345 0.904 0.7773333333333333 0.8755226127211808
1.1918770588316057 5 0.8263415584381084 0.8837837837837837 0.7414414414414414 0.9348083470007017
1.7497719892197658 7 1.4739284555877286 0.8206896551724138 0.5016091954022989 1.1776737780661577
1.251151983376565 4 0.9755007454504963 0.781591263650546 0.40197607904316174 1.4554834618748522
0.9579972800955583 3 0.885056147796864 0.7894736842105263 0.6009896536212326 1.2173351840556363
1.3862903611278907 4 1.3419722892454897 0.8554216867469879 0.6164658634538153 1.166735470655221
1.8184761630432396 7 0.9423246286903394 0.8954954954954955 0.621021021021021 1.1134208162640715
1.3778145080585327 5 0.7145016998737003 0.9790575916230366 0.8289703315881326 0.6997420937993092
1.162695833512044 4 0.6066827837513473 1.0 0.8327922077922078 1.4043589367059197
1.7593629912543842 8 1.0095835852018271 0.9726651480637813 0.7262515262515262 0.8013872833828317
0.5783222866734842 3 0.45500686808003243 0.9314285714285714 0.6603174603174603 0.9717026819097501
1.2190149846451312 5 0.7915281930593497 0.9032112166440525 0.7352630785466606 1.2129126394361005
0.562333144621475 2 0.3425593945223371 0.8708791208791209 0.7847985347985348 0.9583367889725589
0.6931451805619453 2 0.7281798780853153 0.9690140845070423 0.5183098591549296 1.1924831853928604
1.2130035659909042 4 0.7208772024717119 1.0 0.9581151832460733 0.968927507528189
0.7356189397674613 3 0.6633777159633923 1.0 0.7099200752233192 1.5352687955950879
1.2056937720254832 4 0.7128687229941517 0.9470588235294117 0.6980392156862745 0.7951162228209965
1.0670865187868501 3 0.5672760407046706 0.9279661016949152 0.6694915254237288 0.9883058546402804
1.3421207227714134 5 0.8945709227930433 0.9485294117647058 0.7617647058823529 0.9695296589723239
1.830842157279413 7 1.0463778558850894 0.8918711656441718 0.5738752556237219 1.086151623467265
0.9002530512753368 3 0.8051324237856964 0.8314049586776859 0.5013774104683195 1.2476902003633044
0.8852848344614438 4 0.5245992954127812 0.8260869565217391 0.6036981509245377 1.019950386729894
0.22371607607486488 2 0.21238579777488356 0.8888888888888888 0.5555555555555556 1.194201116281218
1.8238663160180206 7 0.861861408941524 0.96875 0.828125 1.0369056243752526
0.6365121682970628 2 0.617849593526934 0.793233082706767 0.5150375939849624 1.0052386407441396
1.368684637644648 5 0.6319325861005162 0.8711340206185567 0.6288659793814433 1.120357551058708
1.4734973850981485 5 1.005717006254319 1.0 0.6721311475409836 2.173964669811599
1.3862903611278907 4 1.0174419828110794 0.8695652173913043 0.5797101449275363 1.2026492005132945
1.532524128604168 6 0.9952733882449846 0.9263420724094882 0.7378277153558053 1.050928654791739
1.9674600351406708 8 0.9733886873793519 0.8562874251497006 0.624750499001996 0.979079878187967
1.559576156273877 5 1.0112220816020863 0.7391304347826086 0.4720496894409938 0.9662162494473449
1.0397177708449181 3 0.8725699812476041 0.8857142857142857 0.5352380952380953 1.267397389127025
1.3862893611368907 5 1.2149238194252052 0.7348066298342542 0.30386740331491713 1.2879677662956541
1.3208843431586554 4 0.8503318775423077 0.7872340425531915 0.5035460992907801 1.5369769951107202
1.5229500675463181 5 1.3094564167679856 0.9340659340659341 0.7161172161172161 1.23906902380628
1.3421207227714134 5 0.5016992135138402 0.9365918097754293 0.6226332012329371 0.4935632157751885
1.0717270941171957 3 1.0193204710860142 0.7963206307490145 0.5142356548401227 1.8748767355464424
1.6499826811616658 6 1.2410669152155145 0.8822695035460993 0.6595744680851063 0.9208017913065634
0.887691275807461 3 0.32829703726088905 0.9548872180451128 0.8446115288220551 1.3013524492546364
0.9180419180850247 4 0.5399989835685621 0.772169167803547 0.5216007276034561 1.1746165408073537
1.3699368566675814 6 0.560006367585707 0.9513365318711446 0.7614804660726525 1.3933248068575155
0.9840835030884701 3 0.8251579357251818 0.7299771167048055 0.5148741418764302 1.5443153208255525
1.4142740651423082 5 0.49744520776443013 0.7460815047021944 0.6227795193312434 1.2344455500577025
0.9976098641704451 5 0.8045032485488869 0.8878357030015798 0.5671406003159558 0.9579083850509064
1.921328314008734 8 0.8178459064155292 0.9329446064139941 0.641885325558795 0.8967703193511326
1.2554783251894204 4 0.8097245445392426 0.9165302782324058 0.607746863066012 1.2320965194641702
1.5050671226459649 5 0.7731692319790117 0.8320512820512821 0.6085470085470085 1.0088265623385453
1.667454933468628 7 0.913668050501944 0.8161434977578476 0.637767812655705 1.2981022488377627
1.0735388464213231 4 0.3316301385096201 0.8367003367003367 0.7401795735129069 1.1727569504393716
1.7497719892197658 7 0.9242659645921087 0.8549931600547196 0.6835385316917465 1.3225194323993419
0.37676816126100815 2 0.34667189948954846 0.8698060941828255 0.5974145891043398 1.407842231953866
1.4941701383046417 5 1.0424905621024911 0.84375 0.7130681818181818 0.969649224125209
1.4161346803785861 5 0.9994106049409122 0.7132616487455197 0.44683393070489846 1.1494217967844695
1.645910830043959 6 0.6381169978206205 0.96875 0.765625 1.1538303473443023
1.4270560433975996 5 0.9128814399042915 0.8468085106382979 0.5787234042553191 1.072769097274796
1.5362593874727275 7 0.9174948090924196 0.8937062937062937 0.5949338201734368 1.1578712736933119
2.1775944966113174 10 1.3643088090266293 0.8274725274725274 0.6901098901098901 0.884608868521596
0.9743117528756828 3 0.9238579515292232 1.0 0.9346049046321526 0.7013344072407097
1.6678174614549495 7 0.9282834877350389 0.9334398296059638 0.7312744053958111 0.9623188601136217
1.4451292452862952 6 0.8552145634701701 0.973172987974098 0.9010175763182239 1.1032022717277847
1.9076220732157012 9 0.9617018590027899 0.9279220779220779 0.670995670995671 0.8685261579238188
1.817824767793445 9 0.720811067772727 0.9936708860759493 0.8470464135021097 0.6269632103460925
1.366793274093322 7 0.7011048241460893 0.9503968253968254 0.8379629629629629 0.9725982333152099
1.418297684427168 6 0.7683608445474106 0.8142076502732241 0.40619307832422585 1.2884986065300674
1.9238785631947006 9 0.8153410126220219 0.9570957095709571 0.7777777777777778 0.9878172482097478
2.166074939311829 10 0.9558305607678002 0.845360824742268 0.5396290050590219 1.1903831345635354
1.9675224669415958 8 0.9875411953089607 0.8434237995824635 0.5260960334029228 1.113456508024194
1.9229509236495403 8 0.8997581862199502 0.7982565379825654 0.5720215857202159 1.1472883958652857
1.483682274538825 6 1.0777913576329048 0.9369665134602758 0.7194134383891442 0.9449777558441912
1.8030254944724895 8 0.7209672047413865 0.9068493150684932 0.7141552511415525 0.8889446774679872
1.8533234246376598 10 1.1120815783062443 0.7720450281425891 0.5850531582238899 1.2386499596939342
1.8903547753831345 8 1.193143261974823 0.8191780821917808 0.6917808219178082 1.1490219672107012
1.5312576501733104 7 0.6735982318542615 1.0 0.8694817658349329 0.7378454580920264
1.9703294912866092 10 0.7888284430528747 0.8749185667752443 0.6796959826275787 1.3683708172836302
1.103428909653081 4 0.6153418202977842 0.8483606557377049 0.773224043715847 1.0892705933481304
1.7969728928821964 9 1.0372084940380792 0.9842001316655694 0.8547289883695414 0.7854543534703142
2.243318608882096 11 0.9641026119223042 0.8883495145631068 0.6142394822006473 1.3431610168564712
1.4575360663105132 9 0.77603531000018 0.9450621321124918 0.7741100323624596 0.6885360470326186
1.5481095269040173 6 1.2566475434553235 0.9094540612516645 0.7279443720121687 0.8877420615461111
1.5370701103745132 7 0.9093915102895979 0.7584722969338354 0.3975255513717052 1.1094852437957814
1.3427092486367584 5 0.9066466242826764 0.9409252669039145 0.6301304863582443 0.9511513151029312
1.823697247699982 9 0.734590174246346 0.9050179211469535 0.5827359617682198 1.3896400362759063
1.3355971336783399 6 0.6380734687405825 1.0 0.9665738161559888 0.5617161680610682
1.035691963574957 4 0.3312090657355215 0.9675090252707581 0.8628158844765343 0.6645329675468431
1.51189055856606 6 0.8770617093967866 0.9228295819935691 0.6141479099678456 1.5099727460369883
1.742594615812797 8 0.7447652724328168 0.9167321288295365 0.7012306886619534 1.0565519511682795
1.5626579831128327 6 1.2972072473921827 0.8798646362098139 0.49858996051889454 1.234752585278442
0.7902307553651863 4 0.6148847070154431 1.0 0.6834733893557423 1.0611290909348994
0.9002530512753368 3 0.9115616892150893 0.9675675675675676 0.7981981981981981 1.262491064877721
1.5571080980718122 5 0.7030050618753267 0.8530927835051546 0.6039518900343642 0.8844520099308264
1.329657348863758 4 0.8099854281022608 0.925 0.4857142857142857 0.9306696924236111
1.1552297080231373 5 0.4405584286466157 0.9542395693135935 0.7990130103185284 0.9214829841117815
1.0735388464213231 4 0.8381446598983171 0.6201298701298701 0.2922077922077922 1.2148722906390872
1.4614671293220243 5 0.7956249282596026 0.9073107049608355 0.7615317667536988 0.9635843057082927
0.9718612733913785 4 0.3611471644847292 0.9354144241119483 0.764621456763545 0.7835700369438363
1.0397177708449181 3 1.0193204710860142 0.6870838881491345 0.5410563692853972 1.7169030514306798
0.8277351570102379 3 0.7851098900204482 0.9358437935843794 0.7443049744304975 1.1987054004137305
0.6016421367681236 5 0.29494613235022105 0.9531021006350757 0.9218368343917929 0.5214213205256091
1.092782363721813 5 0.5881524601090078 0.8217228464419476 0.5877652933832709 1.5211580603389423
1.5180354812408279 5 0.6886997371312723 0.8985680190930787 0.8595863166268894 0.8612673381489979
1.6347529244680106 6 0.9307573566555406 0.7879341864716636 0.716636197440585 0.9132112106436721
1.673747281464151 7 0.5465322500505223 0.752258064516129 0.7023655913978495 0.9384490642187681
1.749493178828244 7 1.0396951169300013 0.9788732394366197 0.8145539906103286 0.4360298387463957
1.7546410124852014 7 0.9090054359288675 0.7866242038216561 0.6204883227176221 1.0755258534269923
1.5265118937789017 6 0.6686812002187649 0.8934092758340114 0.7819365337672904 0.8996459799045439
0.9002530512753368 3 0.6587892018016509 0.896551724137931 0.6800766283524904 1.274023263673674
-9.999994999180668e-07 1 0.0 0.8324607329842932 0.7207678883071553 1.0799520473490674
1.7255716144598627 6 0.7305154187196707 0.8968705547652916 0.8091512565196776 0.667828499360567
1.2394927485918172 4 0.6150354572844889 0.8003300330033003 0.7134213421342134 0.981647786758581
0.6546665645411436 3 0.7424247993894852 0.7661469933184856 0.5471417965850037 0.9594261620621947
1.2342409455896624 4 1.0239683354964328 0.8787878787878788 0.6666666666666666 1.189115473377124
1.8566455036995402 8 0.9874124293318554 0.9375951293759512 0.723997970573313 0.9398422864636057
1.331636628337889 4 0.6721639420607494 0.8684931506849315 0.7205479452054795 1.4331302878510999
2.0069468922490152 8 1.165047115054813 0.9252782193958664 0.5898082744702321 1.5222941783050976
1.599215256614893 6 1.1067525554534754 0.9215358931552587 0.5247634947134112 0.9946676174901792
0.6837359058583963 3 0.58170762138435 0.8624338624338624 0.6516754850088183 0.8825939693445239
1.6417287122189166 6 0.6961559953493153 0.8862229102167183 0.6968524251805985 1.0684546251338838
1.2341063432959554 5 0.9118440851485664 0.9279279279279279 0.7839687194525904 0.8104042690938141
1.7194708138902168 7 1.2173037135505869 0.8946047678795483 0.7549142618151401 0.9444335333846863
1.809003284299733 7 0.7945070143549193 0.7244094488188977 0.5669291338582677 1.081815642414955
1.2141206326106913 6 0.5013150425292907 0.776 0.5844444444444444 0.8442627121726759
1.6031812649491626 6 0.7930782887783973 0.8328822733423545 0.5611186287776274 1.1801284808662174
1.3354213501997931 5 0.696379283619371 0.8249027237354085 0.4682230869001297 1.4911751989668427
1.2312554155187736 4 0.511440342884208 0.8955223880597015 0.6024046434494196 0.8141894578120911
1.6304265826551552 6 0.6325086292699983 0.8327526132404182 0.6144018583042973 0.8319991308762047
1.5808135358726352 5 1.099435602818989 0.8043478260869565 0.5120772946859904 1.0869874261263073
1.4828183757839355 5 0.8993766211235373 0.9138576779026217 0.4600499375780275 1.2059232439752108
1.2241174344558607 5 0.6676989148156716 0.8771626297577855 0.6467704728950404 1.3005910174188482
0.848682557733917 3 0.5709890109239623 0.9675236806495264 0.7171853856562923 1.159076037308059
0.16794214774719357 2 0.03536093329243302 1.0 0.9287622439893143 0.7766796443501781
1.3824419861882418 6 0.5841905961210676 0.8930957683741648 0.6124721603563474 1.0251269268879222
1.2637366793456122 4 0.7598749016101262 0.8722627737226277 0.6599756690997567 1.0630149800857311
1.3677317825956514 6 0.8899390804424766 0.9351851851851852 0.8009259259259259 0.8766223781336066
0.6779057256561851 3 0.7256094437610098 0.9098039215686274 0.677124183006536 0.9365244660926266
1.5934372856843846 6 1.0231178433722181 0.8407350689127105 0.5936702399183257 1.5221927897242038
1.368684637644648 5 0.8878214096171977 0.7934782608695652 0.3009377664109122 1.3887685906392477
1.329657348863758 4 1.4107834073334182 0.8514492753623188 0.39009661835748793 1.154015577564646
1.2130035659909042 4 0.9419285103752966 0.8975468975468975 0.759018759018759 1.0689596135284414
0.9489124359026213 3 0.7153010886363761 0.9048648648648648 0.6418018018018018 1.1875702872490352
1.556433526642809 7 0.7485874462987498 0.8798586572438163 0.7208480565371025 0.8140950137416526
1.500334751594392 6 0.4179304391404347 0.8245083207261724 0.41855774079677255 1.5245932701731435
1.9024654657483198 7 1.2118210843482784 0.851557322730285 0.6560636182902585 0.9989470542765257
-9.999994999180668e-07 1 0.0 1.0 0.3333333333333333 2.0
0.848673555358594 3 0.8485200166236959 0.8538251366120219 0.4622040072859745 1.3593814025406612
2.046729532747218 9 0.8752259318056251 0.8758169934640523 0.44989106753812635 1.0350640147745327
1.8356277896573285 8 0.9008891573294808 0.8294190358467244 0.43272727272727274 1.0182439529034173
1.528187458077106 6 0.6853557126562865 0.7030026109660574 0.4632288946910357 1.3880863081796513
1.404282682859343 7 1.0817828791149215 0.9921104536489151 0.9141050795727055 1.0309628641213204
0.2771103575239885 3 0.18842113865159404 0.9705882352941176 0.8897058823529411 0.5932424998530019
2.040994718100287 11 0.8241272202751683 0.9902834008097166 0.7991902834008097 1.2146629017805557
1.3208843431586554 4 0.6290654858539679 0.9642857142857143 0.7857142857142857 1.11846944748903
0.5297041990605473 2 0.6066758241067098 0.7267441860465116 0.6124031007751938 1.0818518829169579
1.8433808313189564 8 0.8145094512619089 0.8465829846582985 0.6694560669456067 1.2005662575863532
1.4244377785225513 5 0.5173462680035428 1.0 0.93760907504363 0.7189256700994696
1.5098351902093845 6 0.6174106257166194 1.0 0.9064403829416884 0.5651314790821534
2.296809283417806 11 0.6656845006999847 0.9965045150014564 0.8483347897854161 0.8180384077918942
1.6312533329131476 7 1.1228695591597735 0.8951965065502183 0.5828238719068414 1.0790390463880095
1.6715892780445456 6 1.2039888463475463 0.9271255060728745 0.805668016194332 0.8243787370926853
2.3215275723082573 13 0.8984135590514777 0.9119266055045872 0.710703363914373 1.1046839034927771
1.3298350407055843 5 0.6298366304517453 0.8680412371134021 0.6517754868270332 1.1234009571488048
1.8678721716759081 8 0.6375650512602051 0.9462242562929062 0.7662090007627765 0.9661792102569783
1.9559748466428617 9 0.8690135497594799 0.8953341740226987 0.6355611601513241 1.0834030071956768
2.150606104871933 10 1.1090125590821198 0.7820069204152249 0.5466030320044919 1.05277657939518
2.088082942816523 9 0.7684297908939617 0.8220918866080157 0.598892147279244 1.1742904944131367
2.441237711244424 14 0.9605664778582025 0.940530058177117 0.470909472799832 1.400335693571637
1.5291116190632996 8 0.900101041510684 0.8357400722021661 0.5321901323706378 1.6613902871200754
2.0092004123862517 10 1.0025628040828847 1.0 0.9240986717267552 0.8822328311191248
1.915737907564758 8 0.7037769193476938 1.0 0.8123778501628665 0.7756794296542967
1.1499131378053324 4 0.9230363475817905 0.9293233082706767 0.621354656632173 0.8635505770050013
1.6274164721604247 6 1.08075571092704 0.8126361655773421 0.6640038731542 0.8899158013342332
1.4614671293220243 5 0.9608698590927851 0.8736842105263158 0.5483709273182957 1.2265695067157742
1.7896535120323458 8 0.7385075834935493 0.8777452415812591 0.7274280136652025 1.059930209929086
1.3787793509126312 6 0.7850285994165288 0.8620919387075283 0.5531867643793027 1.2278703716418171
0.8131854766982616 5 0.3700506811284908 0.8902439024390244 0.6239837398373984 1.1216775097453913
1.1649068645459175 5 0.4929298353373624 0.8821705426356589 0.7093023255813954 1.2191274584560634
1.7079176417041093 7 0.572797029478955 0.9496402877697842 0.7050359712230215 1.1122017517228053
1.5481095269040173 6 1.04762111910367 0.9534574468085106 0.8435283687943262 1.2212642199791222
-9.999994999180668e-07 1 0.0 1.0 1.0 0.950936929443246
2.052563803591766 9 0.619028417003633 0.9126637554585153 0.840174672489083 0.775088837770487
1.486889226920767 6 0.6348351071497219 0.9372549019607843 0.739433551198257 1.3840509092569966
1.2945401658650626 5 0.8512872627232836 0.8432671081677704 0.7211184694628403 1.1305416741539938
1.6304265826551552 6 0.915326096239842 0.9329446064139941 0.8158406219630709 0.8666560484527869
1.6286128303726273 7 1.0045878466064277 0.9687092568448501 0.8544111255975663 1.5206706601253124
0.22371607607486488 2 0.15166895602667746 1.0 0.6901041666666666 0.8835579262744474
1.1707989338296945 6 0.35247662001420815 0.9470198675496688 0.7086092715231788 0.7805636430529339
0.8802129247269903 4 0.3116757872674877 0.6666666666666666 0.6666666666666666 1.0853276880479044
0.6271686025543456 5 0.16589651498900915 0.847457627118644 0.7288135593220338 1.0803129395998508
0.49679336986552636 3 0.29469926275899344 0.9670014347202296 0.7580105212816834 0.698624353559232
1.5643641029213846 6 0.8667314551063037 0.8252427184466019 0.6449375866851595 0.996671908424198
1.0373873246496352 5 0.49394966618389063 0.8913857677902621 0.7634207240948814 0.6538533270595004
0.37676816126100815 2 0.3235604395235786 0.8118279569892473 0.5017921146953405 1.1367216986675257
1.7039364869931306 7 0.712381086230047 0.8664122137404581 0.5244498777506112 1.1740446457054325
-9.999994999180668e-07 1 0.0 1.0 1.0 0.3006412628822299
1.4162118624835662 7 0.6962491374926033 0.928521373510862 0.6414389161410885 1.2404149933378041
0.9002530512753368 3 0.962756897107396 0.6198910081743869 0.2184377838328792 1.2851741776940857
0.9937734777487417 6 0.5431531366497353 0.9459459459459459 0.7647647647647647 1.176267554991636
1.3923788166542124 7 0.6909670508124216 0.8986866791744841 0.7182614133833646 1.3160392088763313
1.8124242224870475 8 1.0784096619655275 0.6 0.5294117647058824 0.8773502691896258
1.5911687341339067 6 0.6190091815418749 0.8839724680432645 0.5768600458865946 1.2214878814877657
1.5821639429536254 6 0.8440285018250107 0.8554033485540334 0.5636732623033993 1.4444363763789778
1.223571654149706 4 0.7729879169092981 0.8661417322834646 0.5652535328345802 0.8611250830177986
1.6641144500166234 6 0.7933007914173084 0.9593544530783025 0.6152620043833433 0.9611790549212694
1.7351204569831722 6 1.4084541872588892 0.9050131926121372 0.7122362869198312 0.7391492866331107
1.7548771949970734 6 0.9543370149823536 0.9335570469798657 0.5975391498881432 1.154715793437629
2.057564491514596 11 0.8149231815990297 0.8346344925479063 0.5158190766346379 1.2252353643716516
2.5533870839765487 17 0.9362042323366342 0.7843019772318753 0.4789391575663027 1.1087389677951858
1.8964964452812385 9 0.9641213795426496 0.8017429193899782 0.4880529926661935 1.3726252682651496
2.250007817708551 15 0.9711642145854291 0.8896103896103896 0.6212121212121212 1.0760772995714605
2.055041761529625 9 0.8180517485643654 1.0 0.7931034482758621 1.2440169358562925
1.333465039203301 8 0.7568691922508641 0.8701754385964913 0.706663613464621 0.6198399078549691
1.9617437010144445 8 0.6542902763288425 0.7767695099818511 0.47186932849364793 1.325579712935475
1.5110811760905445 5 0.4806647244233294 0.9017857142857143 0.6395348837209303 1.003346296586262
1.7261128330229645 8 0.63226676403707 0.9861239592969473 0.8936170212765957 0.973852668855908
0.3707993581140392 3 0.0945768879735916 0.9127686472819216 0.8697850821744627 0.4773947408117734
1.7213963220360038 6 1.1154018242232988 0.8301886792452831 0.610062893081761 1.5344660048002945
1.56436510290651 5 0.6179039971838562 0.953125 0.7994791666666666 0.6715377332574816
0.9554431414136643 4 0.6571916654069769 0.7241379310344828 0.5632183908045977 1.5926687106493276
0.8852848344614439 4 0.5920260975383583 0.8562874251497006 0.5299401197604791 1.4796495921402746
1.0609541504576758 4 0.6914799125951565 0.886676875957121 0.6804492087799898 1.2366244099331227
2.4254677085134677 12 1.0275725924751766 0.8352769679300291 0.5023741690408358 1.0449573959355918
1.599215256614893 6 0.7506262440187025 1.0 0.7699346405228759 1.165271680938133
0.36220855714026556 2 0.3033379120533549 1.0 1.0 0.20534180126147886
2.0336533437177353 9 1.19416012676836 0.9847645429362881 0.8781163434903048 1.2237018886079376
1.7665333488902495 7 0.6605810411098678 0.9825918762088974 0.8423597678916828 0.9048927495384665
0.731511108439154 4 0.35357968628223413 0.9311377245508982 0.874750499001996 0.8040493252188805
1.303087403780619 5 0.8785398501438757 0.5295774647887324 0.40657276995305164 1.639043820181611
1.4303448314286107 5 0.8858358850167017 1.0 0.6372222222222222 1.003730772393989
1.013900660954965 4 0.618533332147743 0.8856209150326797 0.5375816993464052 0.757909485443648
1.8364143868017588 8 1.131456857436535 1.0 0.9526255707762558 0.9155208451005952
1.5117416204466982 6 1.0039434558375506 0.8492706645056726 0.5761750405186385 1.0388180416390813
1.2580903388749443 5 0.6513088079911233 0.9693537641572285 0.8032422829224961 1.2228500370389164
1.0397177708449181 3 1.2133516482134197 0.8986666666666666 0.7644444444444445 1.21080922704718
1.0699133418346678 4 0.9432497880848797 0.7815602836879433 0.5437352245862884 1.2991158468037967
-9.999994999180668e-07 1 0.0 1.0 1.0 0.34967936855888543
1.72413387428683 6 1.0241141565555147 0.836472602739726 0.6578196347031964 1.0281598930710654
1.0608539471628964 3 0.5031642255247182 0.9461883408071748 0.6337817638266069 0.7384485322197235
1.086723886922708 5 0.6162747591875463 0.8887530562347188 0.5342298288508558 1.1035082237630918
1.6056399332505233 7 0.615865784447147 0.8850837138508372 0.6877219685438863 1.5555238855745683
1.4635563504578695 5 0.8346766628903624 0.8218442256042973 0.5950462548492987 1.0393773617673525
1.3917347695399336 5 0.8741160475570727 0.8623417721518988 0.6503164556962026 0.9392973823344754
1.2554783251894204 4 1.0531209698922535 0.8661417322834646 0.442257217847769 1.3710443889312414
1.0408358374387054 4 0.8264543021764384 0.797191887675507 0.5507020280811232 1.0731311555694278
1.14905569698277 4 0.40436959465388894 0.912 0.27466666666666667 1.1147367451776775
1.1499131378053324 4 0.7011493158609635 0.9064516129032258 0.5543010752688172 1.5696846361419174
1.249338231094037 5 0.49341035827140944 0.9042995839112344 0.6102635228848821 1.0162025071146594
1.5216072072026465 6 0.7062460005532486 0.918918918918919 0.6396396396396397 1.4144128589886258
1.350137132213818 7 0.607442455620646 0.8661257606490872 0.5749380211854856 1.6297508509381233
1.9791998141145335 9 1.0666998252170707 0.8081534772182254 0.5526245670130562 1.2600551860004277
1.2351137851813514 6 0.6180344126317452 0.8881789137380192 0.6645367412140575 1.4123497393005018
0.562333144621475 2 0.4853406592853679 0.9596638655462185 0.7036414565826331 0.8817311850341364
1.5746734417732517 6 0.9857262707294705 0.8754914809960681 0.6675404106596767 0.8071312874641452
1.6962424557955655 6 1.030575543225359 0.9468003084040093 0.5569262400411206 1.0546587425640388
1.8195043490018565 7 0.832286135409827 0.7334360554699538 0.40780688238315355 1.1469919825303025
1.3474448742060698 5 0.8037506015394812 0.9560301507537688 0.6578726968174204 1.3079978524130436
1.6569405500459553 6 0.9488860965890944 0.8194945848375451 0.5407139991977538 1.062503969055244
1.103428909653081 4 0.9054144975469519 0.8440514469453376 0.515005359056806 0.9423485304636049
1.494170138304642 5 0.9982445776116996 0.8938053097345132 0.6814159292035398 1.0263601885392155
1.26084939882975 4 0.6886112055260126 0.9056356487549148 0.6330275229357798 0.9030711066883275
1.1858163126434924 4 0.47930490459045944 0.8172185430463577 0.4896247240618102 1.264456357198192
1.6250754915710843 7 0.7184352117394049 0.9419419419419419 0.8174841508174842 0.7898892850317757
0.9433453923362893 3 0.689277005942935 0.938337801608579 0.868632707774799 0.6686521369573577
1.4657286499102498 6 0.603946945097057 0.9792792792792793 0.7576576576576577 0.6677659938734987
1.483682274538825 6 0.7720631800358102 0.8700623700623701 0.647955647955648 0.8585055194971887
0.22371607607486488 2 0.15278748189152985 0.93 0.8525 0.6703454649571207
1.2554783251894204 4 0.7484669308499841 0.9183673469387755 0.673469387755102 0.8948496449656331
0.8222613373494544 4 0.541517188580444 0.9791304347826087 0.672463768115942 0.8984594644235889
1.3862893611368905 5 0.8338686599359416 0.956386292834891 0.7300103842159917 0.9183786664501796
0.991134896630205 4 0.7241394058592318 0.846820809248555 0.615606936416185 1.3658372758793167
1.002714264531766 4 0.7458606787722075 0.9651162790697675 0.6511627906976745 0.9520883103404351
0.30463409735528807 2 0.30550504633038933 0.797752808988764 0.6629213483146067 0.8965806130301152
0.9556968911186593 3 1.075537204617005 0.8333333333333334 0.4722222222222222 1.1589564406759818
1.667454933468628 7 0.7722488306714925 0.7848837209302325 0.4278100775193798 1.3228833750868543
1.4861171288414816 7 0.6378244913544443 0.9087136929460581 0.7146150299677271 0.9974787617417061
1.5110811760905445 5 0.9529420816548958 0.9138576779026217 0.66729088639201 1.0220877482404476
0.8738413903022423 4 0.5636341228701138 0.9120879120879121 0.633033633033633 0.7998142318688242
0.8738413903022423 4 0.5636341228701138 0.9120879120879121 0.633033633033633 0.7998142318688242
1.4827045089207822 5 0.994526482028366 0.9781818181818182 0.8078787878787879 1.0166356909498047
1.1432712062088137 4 0.7609898516550164 0.8327464788732394 0.6754694835680751 1.540810516956179
0.562333144621475 2 0.34667189948954846 0.9341317365269461 0.7874251497005988 0.8483523334387976
1.2554783251894204 4 1.2888479847830787 0.9345238095238095 0.5634920634920635 1.6694122136545975
1.6674559334546282 6 1.3189175365844803 0.7147192716236722 0.39656044511886696 1.2930532514841913
0.8815292611983065 3 0.3635310816640169 0.9730392156862745 0.5612745098039216 1.0466299548748814
1.3639466492471126 4 0.7832281615114846 0.8048533872598584 0.527468823727671 1.0421845358746658
1.344171337502547 5 0.7291953490298496 0.8387434554973822 0.5710296684118674 1.03516027586983
1.6769817743441668 6 1.0718376434511452 0.778393351800554 0.6204986149584487 1.35140928987702
1.4868892269207667 6 0.9916672272938997 0.8012820512820513 0.5352564102564102 1.0766126266386191
1.3862903611278907 4 1.382747396859189 0.9 0.4888888888888889 1.5374785217660736
1.5068763489075567 7 0.6647410379130859 0.8504672897196262 0.6105919003115264 1.5695488211976394
2.136497057694009 10 1.2166285097300942 0.8664421997755332 0.5847738139021699 1.1030412670692735
1.5229500675463181 5 0.9975181744769068 0.9132791327913279 0.6350496838301717 1.2125745892024302
1.1682784501892292 4 0.9597156978164472 0.8732718894009217 0.5476190476190477 1.6098299683424733
1.9490734368416576 10 0.9129402228722426 0.792368125701459 0.4889637111859334 1.0902032409156626
1.7582358597529604 7 1.0130781031455915 0.9813084112149533 0.6617210682492581 0.5460654174640387
1.5484478320681205 6 1.208094677398308 0.8166666666666667 0.5555555555555556 1.2259294199611488
1.8576517664005168 8 1.0248042953797192 1.0 0.8863049095607235 0.8262678833252008
2.0636395705471204 10 0.9789701015633804 0.9200542005420054 0.7759710930442638 1.2966693691800513
0.23378965871499252 2 0.10183501544346311 0.9659090909090909 0.8863636363636364 0.570920918459803
1.908250383968523 8 0.8146651812196555 0.7069243156199678 0.45285382000357843 1.582191118423428
1.8080377196319966 8 0.9371224906030301 0.8487394957983193 0.5169606512890095 0.9125645096619601
1.7909308081670523 8 0.8833620560524528 0.8214571657325861 0.535723701555497 1.0045296729769915
1.8576517664005168 8 1.0867772586968547 0.8538251366120219 0.5746812386156649 1.0945393686229368
1.5475635706299582 5 0.7521831493603014 0.9063004846526656 0.6779752288637587 0.9252819702648891
1.6304265826551552 6 0.9864788421570437 0.8393135725429017 0.5288611544461779 1.0958079326750578
1.7488547607829614 7 0.6785903397531684 0.9857697283311773 0.6722725312634756 0.8998708838206843
1.7210831492492664 6 0.7359860908447712 0.7865612648221344 0.5204216073781291 1.211321913695749
0.3445952481273678 3 0.18719306295044563 1.0 0.9085365853658537 0.42104094045313667
1.5437622980022945 5 0.6964342309752187 0.8281535648994516 0.4942108470444851 1.0534374802696507
1.7931852596775895 8 0.9246260446018295 0.8219761499148212 0.5315161839863713 1.2309131180776383
1.5229500675463181 5 1.1566210360742928 0.8328611898016998 0.5033050047214354 1.2047507747010737
1.4938807262290654 5 1.0732343952179217 0.9128065395095368 0.6366939146230699 0.9741663482657404
2.0409641194123287 9 1.0725626213651798 0.870213823968175 0.6994861594563235 0.8400143897249205
1.8664370372614147 8 0.7624108970971467 0.9102072141212586 0.7759017651573292 0.7153539838565192
0.8815292611983065 3 1.2781162794115066 0.8952042628774423 0.7158081705150977 1.041601649944473
1.798479803641272 8 0.722497021623061 0.9446564885496184 0.7353689567430025 0.7560045665393531
1.162695833512044 4 0.7950368623964865 0.9363762102351314 0.7233748271092669 0.983836519448329
1.7728747985075106 7 0.9827147399766996 0.9563636363636364 0.7822222222222223 0.7627415628412987
0.8318287077376423 3 0.3056433927822935 0.9547198772064467 0.9206958301355845 0.6054824296822627
1.8195043490018565 7 1.3504271002994406 0.8106267029972752 0.6276112624886467 0.9570015862211727
1.5740980017505186 5 0.6726643980571934 0.932258064516129 0.7258064516129032 1.7474727237066756
1.4690052703680225 5 0.49385938010006175 0.9271279853031231 0.7689324351908553 0.7803423708049428
1.4732728197378633 6 0.7205289971957578 0.8526315789473684 0.6992025518341308 0.8866977660705557
1.155229708023137 5 0.971907404692731 0.8695652173913043 0.6367753623188406 1.0852200215295813
1.2440116958164493 5 0.7052273228526145 0.8720770288858322 0.43649701971572674 1.4625782629358537
1.4614671293220243 5 1.1535008011973173 0.9022801302931596 0.7176981541802389 0.7937428741356088
0.9180419180850247 4 0.45441005951565155 0.894927536231884 0.6382850241545893 0.873554954435715
1.5764861940737795 6 1.162126207113663 0.8139904610492846 0.4854266030736619 1.0811523477250342
1.3535863521542728 5 0.9992547549106142 0.8058076225045372 0.5099818511796733 1.009532752353387
1.1573692982344566 4 0.5738592999435724 0.931640625 0.7897135416666666 1.3003262273053966
1.656662075791378 7 0.5595088525827202 0.8201911589008363 0.577857427319793 1.0830186505657409
1.4734973850981485 5 0.5148906933086199 0.8205882352941176 0.6166666666666667 1.0901354502099139
1.5808135358726352 5 0.926434344015761 0.8392036753445635 0.6064318529862175 1.0264390217386024
1.169143490474481 5 0.6307545028290528 0.9802235597592434 0.8449412439094296 0.7811694619605856
0.777459131921656 3 0.6228082624341554 0.9775967413441955 0.8275627970128988 0.9974534718848799
1.4479821141159104 5 0.926250041029345 0.9831029185867896 0.8735279057859703 0.6659753940018243
1.2339525393134638 5 0.5530209283224518 0.9187772925764193 0.7688500727802038 1.5248892410072525
1.633024693032958 6 0.7000087858063204 0.8194317140238313 0.5960892147876565 1.0352874392341513
1.4075267407406487 5 0.8327462622665767 0.930379746835443 0.604957805907173 1.150471275329644
1.585764835234313 6 0.9833496872680226 0.8383128295254832 0.5612185120093731 1.3194374386029006
0.45055920886990464 2 0.24267032964268392 0.9601449275362319 0.7137681159420289 0.8411960260293284
1.3535863521542728 5 0.9714352909603804 0.9155937052932761 0.7010014306151645 0.8084283739335016
1.0908632785894 4 0.27168158857686414 0.9432624113475178 0.8522458628841607 0.6974496398035934
2.215394675119406 11 1.052918035397123 0.9620653319283456 0.7629083245521602 0.8374228672042122
1.5910142687353437 6 0.8915272113025848 0.9474216380182002 0.7960903269295585 0.843410337291332
1.3006650859791782 5 0.40531678199158166 0.9322396576319544 0.5189490816089282 1.1682311256830933
0.16794214774719357 2 0.05092916063050995 1.0 0.5035211267605634 0.8517586473863468
1.67869521995345 7 0.9497545390534573 0.9375 0.7908333333333334 1.1187680063741448
1.6605578956714253 7 0.6673590454283869 0.9568062827225131 0.7305846422338569 0.6315815200551812
1.896747018588624 9 0.6593683568155023 0.739240506329114 0.5241064006650041 1.2463221439886865
2.2269868050818937 11 0.9056604827464879 0.8715753424657534 0.5661111111111111 1.2658822469851718
1.6906708194883264 7 0.9792489096537941 0.9248979591836735 0.6234013605442177 1.3882455690773488
1.815975246007873 8 1.0057758930748517 0.9735401459854015 0.7511990407673861 0.7422584252969041
1.6927900836085599 9 0.9430143151846765 0.8651685393258427 0.6441947565543071 1.1292246867936642
1.7351204569831722 6 1.0417897663734272 0.9081364829396326 0.5583543240973972 1.304582456827866
1.649486358998523 6 0.9171930317486288 0.9153439153439153 0.6754850088183422 1.208613946666086
2.049141190812691 10 1.0482959482934218 0.8517679057116954 0.6604714415231188 1.2528025236843727
1.5832524594456765 6 0.8783072538461988 0.8605504587155963 0.5769459298871064 1.3610451481989636
1.804930433196901 8 0.9846552477543251 0.9530638852672751 0.7288135593220338 1.1594909004824328
2.2946440731451747 13 0.9789790853361329 0.7791327913279132 0.5345528455284553 1.2813046966535724
1.5746724417912514 7 0.6716706804132356 0.8901960784313725 0.7395388556789069 0.8536016948850337
1.5764861940737795 6 0.6700756937026607 0.8454038997214485 0.7330547818012999 1.074408511669963
0.8852848344614439 4 0.6597172240453595 0.9514824797843666 0.839173405211141 1.061731100409208
1.7582358597529604 7 1.1334060234693295 0.96875 0.8802083333333334 0.8842630808602879
1.5074082795308161 8 0.6277422899518735 0.9291512915129151 0.7746891002194587 0.8307607009424144
2.0140265237646005 9 1.179691526064205 0.7931506849315069 0.30800178810907464 1.3698526582028074
1.726442935554919 7 0.9389414852719393 0.9192913385826772 0.6644034917555771 1.2247390459408167
1.2130035659909044 4 0.7165179579141674 1.0 0.9171270718232044 0.5394228487477615
2.0409957180862874 10 1.123073259996667 0.923784494086728 0.6876916338151555 1.1709379018993153
1.0878525585186392 4 0.3184049101793989 1.0 0.888755980861244 0.5227474418770882
0.8313995205030316 3 0.6471208790471573 0.9201623815967523 0.7866486242670275 1.1477222610647062
1.4898437964917866 5 1.0807243769399049 0.9560439560439561 0.7509157509157509 0.9979412882591794
1.368684637644648 5 0.7343011466755498 0.9240162822252375 0.8086838534599728 0.8621411490708073
1.212460860114744 5 0.5834154986958826 0.9873096446700508 0.7461928934010152 1.2646938789875344
1.1573692982344563 4 0.6754779443919995 0.8247011952191236 0.6617972554227535 0.9481866043746805
1.7118391352550364 6 1.0035781948392961 0.8595600676818951 0.6785109983079526 0.8995231357481843
1.7710093688185238 7 1.0233229967064854 0.8268839103869654 0.6714188730482009 1.125131492891373
1.2342409455896624 4 0.5919146931367617 0.9235294117647059 0.6777777777777778 1.075241924357089
1.4868892269207667 6 0.6489739341812218 0.800557880055788 0.6598453842655753 0.8559326898801337
0.5982675885877072 2 0.5091750772173156 0.9272727272727272 0.806060606060606 0.8013494670748659
1.9686675366990694 9 0.4982808676489558 0.7368421052631579 0.7894736842105263 1.1112853813988879
1.8855329240088685 10 1.0394534394828188 0.8030919446704637 0.4837845081747521 1.3154461755431313
1.537373400409254 8 0.8252631907155913 0.7643916913946588 0.35035111026760296 1.4642878441529108
1.1988453129256214 4 1.0661823672895236 1.0 0.9 0.759170194970061
1.846882123290785 7 1.0411969447786413 0.0 -0.3333333333333333 2.5043799069381367
1.6957365341913013 6 0.9316212552593269 0.7848101265822784 0.34285714285714286 1.5123741240395212
2.0893717459346606 11 1.1682988031437853 0.9 0.7741935483870968 1.3548236527073871
1.5069208326164143 6 1.0021154745623513 1.0 0.6451612903225806 0.6820565626443134
1.7722651635974014 8 0.8119981930464407 0.9071925754060325 0.732488822652757 1.0865496521016818
1.5491674975668142 6 0.601135229009084 1.0 0.6666666666666666 2.455341801261479
1.9968358526254781 9 1.0524119873458782 1.0 0.9084507042253521 0.8620145177498936
1.9927086439092176 10 1.3156003563551124 0.9782608695652174 0.8695652173913043 1.5019995227326282
