0.6492463548730875 2 0.7583447801333875 0.6601671309192201 0.2841225626740947 1.3525045191248704
0.7659343365906511 3 0.6685357595135977 0.8395303326810176 0.5916503587736465 0.9187747589713282
0.8037391073239946 3 0.624512452148463 0.9189560439560439 0.7655677655677655 0.8588525355249884
1.010205947444096 4 0.6115636424858821 0.5787545787545788 0.30036630036630035 1.3457810070993532
0.6931451805619453 2 0.8666797487238712 0.6012084592145015 0.23564954682779457 1.187356320965808
0.9002530512753368 3 0.5893985255179869 0.7137096774193549 0.6639784946236559 0.8758145983279888
0.6210843745575724 2 0.6471208790471573 0.6322115384615384 0.32371794871794873 1.5083301910284013
0.8451102568551117 3 0.8632588733500796 0.6468172484599589 0.4243668720054757 0.9532932328529673
1.5297023552456108 8 0.7572774174410248 0.6845018450184502 0.470479704797048 1.0907164218915593
1.060676346196844 6 0.6946811392011738 0.6323024054982818 0.4036655211912944 1.4843974416151022
0.9521642424273657 5 0.6478425077838856 0.8324137931034483 0.7503448275862069 0.8669097611215778
1.0500705989802444 5 0.6970854311158321 0.6403394255874674 0.3803307223672759 1.3759053149110063
0.7529716827772219 3 0.607185214171146 0.60801393728223 0.5603948896631823 1.1201464110320996
0.759782767758782 3 0.6749514839874822 0.7484177215189873 0.40137130801687765 1.3916771091570612
0.8305206914932463 3 0.630995400364349 0.6722454672245467 0.15527661552766156 1.6266454546259308
0.5455925739719631 2 0.5308413460933712 0.8402777777777778 0.40219907407407407 1.417462211202248
0.4634105588430012 3 0.38832507072166506 0.7804878048780488 0.4528933524629364 1.2953909988739563
1.0614575343822867 5 0.770981073898155 0.639662447257384 0.389873417721519 1.3690990666805416
0.9507449270676422 4 0.7309112468231135 0.7627118644067796 0.640472521828454 0.9198957855957
1.0396552576247609 5 0.5485136177287008 0.6875 0.578125 1.1716562679660698
0.7724228653892548 4 0.5580787416271792 0.8019538188277087 0.5177619893428064 1.029546624272489
1.0608539471628964 3 0.728109507603122 0.23121387283236994 0.22447013487475914 1.408171372123549
0.8717764825026356 5 0.6530752292373526 0.5071022727272727 0.3366477272727273 1.7241594461103238
0.9002530512753368 3 0.5852565057441325 0.7933333333333333 0.49733333333333335 0.967796974542431
1.0408358374387054 4 0.763253358186242 0.8192567567567568 0.4436936936936937 1.1505576678301697
0.9911348966302049 4 0.6643721705237926 0.7954545454545454 0.5075757575757576 0.9126068304177086
0.6931451805619453 2 0.8666797487238712 0.7567567567567568 0.3948948948948949 1.270595475193904
0.6057954993747123 2 0.60667582410671 0.8378378378378378 0.7492492492492493 0.8248633391120462
-9.999994999180668e-07 1 0.0 0.7064220183486238 0.38470948012232414 1.4260643683612615
0.6791912659935828 2 0.5515234764606454 0.7284263959390863 0.4602368866328257 1.3042010986498103
0.562333144621475 2 0.6471208790471573 0.813588850174216 0.37340301974448314 1.21972570232424
0.8852848344614439 4 0.744345669733107 0.03245749613601236 -0.24626481195260175 2.7980407277257457
0.7774591319216559 3 0.8736657300070331 0.8317503392130258 0.6648575305291723 0.852535671393444
0.9321081206942513 4 0.6949581494109724 0.3821138211382114 0.24661246612466126 1.524718394731321
0.6030322600548164 3 0.5328400470367758 0.5628594905505341 0.1678992056970693 1.6746718607953173
0.9002530512753368 3 0.46085836433032756 0.9338235294117647 0.4583333333333333 1.1268005593030388
0.6019209717449048 3 0.4301344733749724 0.731638418079096 0.5739171374764596 1.0969926784895256
0.9465336944647984 3 0.47638455146330366 0.5450597176981542 0.29460731089395586 1.6480520832051544
0.4634105588430012 3 0.38832507072166506 0.36142322097378277 0.1616729088639201 1.8715143036048028
0.9743117528756828 3 0.8666797487238712 0.4044943820224719 -0.07303370786516854 2.598601994874796
0.6365121682970628 2 0.5275441948753999 0.527336860670194 0.3445032333921223 1.3180036711487824
1.2996459635728974 5 0.9347669444292231 1.0 1.0 0.6612179882581494
0.9180419180850247 4 0.7384032788480748 0 0 0
0.6277022572090254 3 0.34461564700594277 0.703416149068323 0.40993788819875776 1.1279823245480136
1.0579024247085487 3 0.6625628997921712 0.7302504816955684 0.46692357096981374 1.1258338479348662
-9.999994999180668e-07 1 0.0 0.8741258741258742 0.42424242424242425 1.1525619466557246
0.6931451805619453 2 0.6933437989790969 0.7243816254416962 0.6584216725559482 0.9131813435063986
0.23378965871499252 2 0.1617802197617893 0.8165869218500797 0.6719829877724615 0.7846877233705815
0.37676816126100815 2 0.34667189948954846 0.6222222222222222 0.6407407407407407 0.9718476840956334
0.7774591319216559 3 0.640462691654528 0.7247863247863248 0.5435897435897435 0.9931843166797305
1.0609541504576758 4 0.7171638365656557 0.6589698046181173 0.46714031971580816 1.2400617847220805
0.917828205453311 4 0.5094439676764784 0.6649672250546249 0.42923039572711824 1.2521546768619365
1.2449487211461137 5 0.9604292530788231 0.5802861685214626 0.3762586115527292 1.4409975588750963
1.1583719437091533 5 0.68883252232915 0.6849960722702279 0.45430741031683686 1.1666188112276765
0.562333144621475 2 0.6262460119811198 0.6567877629063098 0.43307839388145314 1.0210672646184447
1.0207648794024913 4 0.6006884684583379 0.7864253393665158 0.5707390648567119 1.113083749360582
0.9868954488573298 4 0.7897645498961342 0.635875402792696 0.4414607948442535 1.2594658673390708
0.9454525408721228 4 0.728712639080223 0.5768463073852296 0.3379906852960745 1.1955824097959098
0.9179613278777783 4 0.7631493811877575 0.6715506715506715 0.3776963776963777 1.175244226604326
0.7774591319216559 3 0.7536949128985511 0.7086383601756955 0.35871156661786235 1.1474862056474822
0.465997256964483 2 0.2275034340400162 0.35913978494623655 0.24731182795698925 1.6054123543194518
0.8313995205030316 3 0.7139321507918269 0.31875881523272215 0.26563234602726843 1.791976886544212
0.37676816126100815 2 0.34667189948954846 0.6118598382749326 0.38544474393531 1.2196099538388674
0.873897414276215 3 0.7306676595647346 0.7597864768683275 0.5741399762752076 0.9607392793388857
0.6806274878937145 2 0.6740842490074556 0.5885350318471337 0.36857749469214435 1.5524465567672463
1.1525596161776308 5 0.7986236062209117 0.527190332326284 0.29657603222557904 1.7092582873787356
0.8046675638197854 5 0.4937968864557371 0.6119273984442524 0.4065110919043503 1.3569999263096282
0.6019209717449048 3 0.39779236201184404 0.545751633986928 0.3681917211328976 1.5217862539059892
1.269059969001844 6 0.8317477816029675 0.8055009823182712 0.6048897620606855 1.1833004776581613
0.6096234236251917 4 0.3920068957153353 0.4230055658627087 0.29931972789115646 1.7894207043646377
0.951483960260421 4 0.6206391079340446 0.559254327563249 0.10963160230803373 1.9077522100873228
0.9002530512753368 3 0.7562445437932431 0.45585215605749485 0.28952772073921973 1.6596017184847338
0.8599642810436239 3 0.49892051927725395 0.7489711934156379 0.3790580704160951 1.3315526398387865
1.0609541504576758 4 0.8047523380750945 0.9182282793867121 0.5491198182850653 1.1415942906636571
0.7029159307848437 3 0.3492443634940777 0.760586319218241 0.7057546145494028 0.8706208025313815
1.3331126853194817 6 0.7758180825613838 0.68782722513089 0.5104712041884817 1.2649445049636616
0.6210843745575724 2 0.5662307691662626 0.6622613803230544 0.4033284385707293 1.4222335913927264
1.1432712062088137 4 0.9671291049648051 0.32737276478679506 0.09995414947271894 1.8413813051882575
0.9265036032968706 3 0.8414669578591341 0.6599264705882353 0.25306372549019607 1.5540337502660606
0.9799660997952819 5 0.5957527443563685 0.7652846099789178 0.38322792223003044 1.3589418834423816
0.9950239901849212 3 0.9456869922435707 0.625 0.3194444444444444 1.324977819598128
0.3488300958480944 2 0.3033379120533549 0.7161803713527851 0.372236958443855 1.3537931677823667
0.9239803206933788 5 0.735669669302438 0.7258370183196462 0.6529795746472942 0.8944252336296251
0.9233461513804275 4 0.5771456273762224 0.779020979020979 0.4631701631701632 1.2432432308236554
0.8647370965378594 3 0.7603933045270952 0.7706270627062707 0.504950495049505 1.2123278017331385
0.6019209717449048 3 0.32164127053888 0.7622950819672131 0.4713114754098361 1.0700811248773185
1.162695833512044 4 1.07067757350133 0.6491935483870968 0.3718637992831541 1.3349670660574802
1.1034289096530807 4 0.8603493552217745 0.6695804195804196 0.3793706293706294 1.2311582449728815
0.9979124174094544 5 0.6177336272258676 0.6847977684797768 0.42515109251510924 1.2883507609251745
0.9987735091959308 5 0.587671653888336 0.6752136752136753 0.33618233618233617 1.553006033522839
0.8711292706225457 4 0.6906780191549018 0.37470997679814383 0.09048723897911833 2.1322139703211125
1.0561791478014633 5 0.7718159467978364 0.6050999310820124 0.4323455088444751 1.3124392165559282
0.37676816126100815 2 0.3235604395235786 0.7796875 0.6817708333333333 0.9895228552459117
1.178604677880991 6 0.7279520125737543 0.6594285714285715 0.4518095238095238 1.3267461597206762
0.8497946407024576 4 0.6624275951538604 0.7373572593800979 0.4059271343121262 1.3508633557066838
1.116363075303045 4 0.8606396460524997 0.5047438330170778 0.24794433902593296 1.3856342376024244
0.8562749956809566 3 0.7116252129494753 0.6845003933910306 0.5302911093627065 1.1316638689007492
0.8222613373494543 4 0.5607656760294758 0.5776081424936387 0.3935538592027142 1.2486918220058958
1.5110801761045443 6 1.2853559222573638 0.3991477272727273 0.20975378787878787 1.731954055407722
0.9470541522889971 3 0.665196249391546 0.7247899159663865 0.5350140056022409 1.1919981749010182
0.9507449270676422 4 0.6336385880388534 0.4386422976501306 0.3563968668407311 1.3818476869547496
1.3180188017344843 5 1.101039846989226 0.6463414634146342 0.1753774680603949 1.4881205752317432
0.7902307553651863 4 0.6763537083121263 0.7591549295774648 0.31784037558685446 1.2941604095143395
0.8815292611983065 3 0.6404626916545281 0.6177285318559557 0.327331486611265 1.3856312941309021
1.1771914400253383 8 0.7781354368430566 0.5180683311432326 0.3519491896627245 1.551253247899717
0.7774591319216559 3 0.5595725817736332 0.8454106280193237 0.5131508319914116 1.2410312968016395
1.1034289096530807 4 0.5966939157806072 0.7047184170471842 0.3774733637747336 1.3409270342791064
0.6931451805619453 2 0.5200078492343227 0.9257950530035336 0.41813898704358066 1.4289588876924375
1.1274782350206984 5 0.8190560912245587 0.545335085413929 0.46561541830924225 1.4416374936406071
0.5297041990605473 2 0.6066758241067098 0.6066176470588235 0.1053921568627451 1.554700810508866
0.848682557733917 3 0.8190616218815934 0.928 0.6813333333333333 1.0528815965698026
0.8738413903022423 4 0.6403204157662482 0.5387387387387388 0.37357357357357357 1.495076632281916
0.8305206914932463 3 0.7213528015354227 0.6041379310344828 0.27034482758620687 1.6701570611261762
0.6019209717449048 3 0.4368328650035165 0.4960998439937597 0.25065002600104 1.6738349856594619
1.0870713771773173 4 0.8146791969489214 0.6774628879892037 0.3081421502474134 1.5529422221403297
0.562333144621475 2 0.4044505494044732 0.8554216867469879 0.5682730923694779 1.2478445165295442
0.8587379130152242 3 0.9015823493286583 0.6864864864864865 0.22882882882882882 1.5805778623524687
0.9251260835783115 3 0.7315706321801655 0.8010471204188482 0.6719022687609075 0.9492487394006115
1.0336965498709902 4 0.7735631167318938 0.6866883116883117 0.5086580086580087 1.097450600675639
1.220818237155706 6 0.7860482307721264 0.5998481397114654 0.3771197165274614 1.4446587370795847
0.708685028227737 3 0.3426096099831708 0.8628571428571429 0.46285714285714286 1.3244952599967283
1.0230604543825625 5 0.6966112664815728 0.5653550429669832 0.4450474898236092 1.146392867043835
0.37676816126100815 2 0.34667189948954846 0.8708791208791209 0.7902930402930403 0.7151733117136305
0.6931451805619453 2 0.6933437989790969 0.4112676056338028 -0.10985915492957747 2.1097492381996585
0.7356189397674613 3 0.6587892018016509 0.6230366492146597 0.5392670157068062 1.3494318412453385
0.8305206914932463 3 0.3883250707216651 0.8660084626234132 0.6991067230841561 0.9595780788039033
0.7902307553651863 4 0.4032510687890366 0.10294117647058823 -0.3411764705882353 2.957211056885181
1.033558054221353 4 0.9365058194575797 0.625 0.23163841807909605 1.4438072269765465
0.8313995205030316 3 0.6175986171072608 0.6867647058823529 0.5901960784313726 1.0217111645043135
0.7724228653892548 4 0.5201615026205099 0.571319018404908 0.24233128834355827 1.3715302618056118
0.8305206914932463 3 0.970681318570736 0.6793388429752066 0.34655647382920113 1.282020748982005
1.0053834327751212 4 0.9350894691097889 0.719640179910045 0.46526736631684157 1.304227430579996
0.5783222866734842 3 0.4207589840179431 0.8888888888888888 0.48148148148148145 1.3685541442342026
1.1407161964286858 4 0.7694451848099801 0.625 0.3697916666666667 1.3260182230379178
0.8239562165098322 3 0.6087154231243738 0.40977443609022557 0.15413533834586465 1.814736295023546
1.3917347695399336 5 0.9612315114807416 0.5876288659793815 0.23883161512027493 1.460283957543389
1.236680869152204 4 0.796224637115548 1.0 1.0 0.5848148888824372
1.0397177708449181 3 0.868784688553727 0.5797101449275363 0.357487922705314 1.1328207818084424
1.488423753683319 5 0.9676303314137968 0.3295880149812734 0.011235955056179775 1.90271724558959
0.9179613278777785 4 0.6092284188507656 0.5718562874251497 0.2109115103127079 1.7155686550642857
0.562333144621475 2 0.34667189948954846 0.4409937888198758 0.2753623188405797 1.7311571606045144
-9.999994999180668e-07 1 0.0 0.5885714285714285 0.20761904761904762 1.5930017440615003
0.37676816126100815 2 0.5211721693816053 0.494475138121547 0.2974217311233886 1.5228381340503945
0.562333144621475 2 0.34667189948954846 0.5531914893617021 0.4397163120567376 1.5236745529332891
0.9368853075459159 3 1.236054291055388 0.804945054945055 0.5448717948717948 1.114797835740911
0.7356189397674613 3 0.3492443634940777 0.678996036988111 0.5583443416996917 1.1248563861988257
0.7029159307848437 3 0.598613084765306 0.8449408672798949 0.5317564607971966 1.265322459549006
1.1407161964286858 4 1.036199094364555 0.7177304964539007 0.4160756501182033 1.2377412045556253
1.352204399254528 5 1.0039987081207176 0.6616541353383458 0.4392230576441103 1.405990064541954
0.8305206914932463 3 0.5110245832558671 0.7803547066848567 0.5243292405638926 1.1177214011519905
0.9585223574469117 4 0.7399408613212332 0.5243317340644277 0.3607493717157871 1.4204206096885876
0.7029159307848437 3 0.6309954003643491 0.5354691075514875 0.4759725400457666 1.0906306136671613
1.2406802919645792 4 1.0139264715604044 0.49843260188087773 0.3072100313479624 1.3904927481497453
0.6779057256561851 3 0.4487648173994424 0.731437598736177 0.47972617166929965 1.2579355264276821
0.708685028227737 3 0.2257042131168612 0.5 0.4402332361516035 1.3196136705421586
0.9868954488573298 4 0.32415698665149983 0.5908346972176759 0.3649754500818331 1.5359748218832538
0.8675602284925862 3 0.8321278461313573 0.632051282051282 0.2465811965811966 1.4348395920696784
0.8222613373494543 4 0.5438336720002805 0.515695067264574 0.4260089686098655 1.514551391593566
0.8222613373494543 4 0.6873311518613044 0.6127946127946128 0.48428731762065097 1.3082079928456558
0.9470541522889973 3 1.0193204710860142 0.6771545827633378 0.48244414044687645 1.4813662480109477
1.0397177708449181 3 1.2044614466408796 0.5207756232686981 0.20221606648199447 1.7403048571157718
0.9002530512753368 3 0.807530263819876 0.7471590909090909 0.5700757575757576 1.0928990643378749
0.8082669580111547 3 0.8190616218815935 0.7329749103942652 0.32437275985663083 1.236913183186823
1.006210565960437 4 0.6763537083121263 0.8671875 0.7083333333333334 0.8656025037914126
0.8486825577339171 3 0.6548331815513957 0.7531914893617021 0.28936170212765955 1.494352549329667
1.2824490468562035 6 0.923831632997875 0.5335664335664335 0.3895104895104895 1.5038439001103372
1.4542110454255812 7 1.0840095453608507 0.43956043956043955 0.22967032967032966 1.6284042173015503
0.562333144621475 2 0.7281798780853151 0.6757493188010899 0.5140781108083561 1.2268589670758159
1.0220117102900652 7 0.5469821824752567 0.7044728434504792 0.4371671991480298 1.3272515444602082
1.1049995018736563 6 0.626422325508318 0.7243293246993524 0.5871106999691643 1.178228735310925
0.7714991333437926 3 0.7351947132940462 0.7577922077922078 0.4841991341991342 1.1590013821300698
1.7010423920150635 8 0.8477546786174356 0.47151898734177217 0.052742616033755275 1.0440035762754991
1.7869240973332088 8 1.180058141888991 0.5873015873015873 0.4828042328042328 1.177131715076769
0.8815292611983065 3 0.6590975969961134 0.30601092896174864 0.02459016393442623 1.9194685917279342
1.5690343035088223 7 1.0380324123421354 0.6270627062706271 0.39163916391639164 1.346302129845234
1.2468236415853091 6 0.8980227255129236 0.6185567010309279 0.16151202749140894 1.7289077639920138
1.2105317626442678 5 0.9108910635269207 0.6617954070981211 0.3761308281141266 1.4708457929110121
0.8785220991345981 3 0.66298727001974 0.663760896637609 0.3769198837691988 1.482885757776154
0.8396018998715464 3 0.5852734087246534 0.6158896913985554 0.43904574305099586 1.2425506438553742
1.0768052827066699 5 0.6946580531603803 0.8237442922374429 0.563165905631659 1.1188243102536246
0.8647370965378594 3 0.7763641078222422 0.49437148217636023 0.18198874296435272 1.77071848260551
0.7774591319216559 3 0.7118855102452437 0.6082191780821918 0.2945205479452055 1.7074113800775843
0.9798163223261881 4 0.8503307006203827 0.5287907869481766 0.3103007037747921 1.40939256571262
1.3617612563363606 8 0.9470755808414274 0.7342019543973941 0.395656894679696 1.447810996384258
0.562333144621475 2 0.3235604395235786 0.703551912568306 0.5865209471766849 1.1023447855803947
1.2958415835734314 6 1.1111344214480894 0.4298880842659645 0.15514592933947774 1.8009869329239743
0.778129548180132 3 0.49320296334341934 0.5116504854368932 0.2407766990291262 1.407067453875852
1.0810869891877244 5 0.6940295192570861 0.7141922825376062 0.5934161761499891 1.2401672513733022
0.8313995205030316 3 0.6338045042618987 0.6617842876165113 0.37771859742565467 1.3380698277547771
1.5227460294092643 8 0.9950780688777069 0.3840774610005379 0.1301775147928994 1.740039899859736
0.811087892185955 4 0.39070148343897565 0.6854092526690392 0.3397390272835113 1.3004440096542513
1.3503281021064173 6 0.8367369456979773 0.6379928315412187 0.41188769414575865 1.4751701355775622
0.5010439137754297 3 0.32260085503122926 0.8384401114206128 0.7288765088207985 0.7007934602517708
1.2337320151871376 6 0.710179315214784 0.740072202166065 0.51985559566787 1.28506502629156
1.006210565960437 4 0.5865522231145023 0.6543408360128617 0.5133976420150054 1.056953136612541
1.0470367944261354 5 0.6361993454057454 0.7101335428122545 0.43964388583398795 1.2819955899195863
1.0791555913078943 6 0.7407861733538428 0.5820642978003384 0.16694867456288776 1.8028410217509498
0.6492463548730875 2 0.60667582410671 0.20168067226890757 -0.11204481792717087 2.22227012516842
0.6615612381601154 2 1.0400156984686455 0.372972972972973 0.218018018018018 1.4555757755563457
1.1682784501892294 4 0.9983997631844603 0.2809278350515464 0.0352233676975945 1.7571891451574422
0.45055920886990464 2 0.3197221015541813 0.3678571428571429 0.24642857142857144 1.842276504837643
0.6856641811782919 4 0.40325106878903666 0.7193808882907133 0.5713324360699865 0.875907649273484
0.6615612381601154 2 0.6933437989790969 0.7435064935064936 0.2564935064935065 1.2745619145380889
0.6885633693268978 4 0.28033097156213915 0.9530026109660574 0.7389033942558747 0.8276545707367003
0.6441837770885899 2 0.6500098115429035 0.6856835306781486 0.4025834230355221 1.4084274990524974
0.8222613373494543 4 0.7214439555329347 0.5459387483355526 0.33155792276964047 1.6736005464027257
0.8486825577339171 3 0.7386482238301215 0.4490934449093445 0.2198977219897722 1.5653584996096979
0.8582548673712889 4 0.5138826784835149 0.8676111382510991 0.7575313466862075 0.8320621848882132
0.7724228653892548 4 0.5232825279608049 0.6112359550561798 0.4062421972534332 1.2807229694222895
1.0163337300156354 5 0.7611113820994685 0.5859188544152745 0.5974542561654733 1.2519281736447365
0.8305206914932463 3 0.7614166248003867 0.8281535648994516 0.6380255941499086 0.9378039341299615
0.9941051664523205 4 0.8356896288840359 0.6141935483870967 0.5049462365591398 1.1163123437141766
1.467400171261818 6 0.7895947257664097 0.6338028169014085 0.4413145539906103 1.3198447560612878
1.1448232479159801 8 0.7520146769870705 0.5732484076433121 0.33970276008492567 1.248605796040025
0.7412532053049075 3 0.6180069670348712 0.7379983726606998 0.602657987523732 1.1788102086881387
0.562333144621475 2 0.17333594974477423 0.632183908045977 0.47126436781609193 1.4592784245508124
0.9180419180850247 4 0.7338763709830585 0.7277486910994765 0.5532286212914486 1.1101826617892923
1.4947573362970032 6 1.1860955336338461 0.5924608819345661 0.46823138928402086 1.2016213610781386
0.5908402462780749 2 0.499615384558467 0.6353135313531353 0.6006600660066007 1.0718610607762955
1.2919010073697945 5 1.1705467926487518 0.5946547884187082 0.40979955456570155 1.1959771846135465
0.7774591319216559 3 0.7723700224760514 0.3939393939393939 0.24242424242424243 1.717738178392309
1.127279988065397 6 0.6995671646562474 0.5669710806697108 0.2780314561136479 1.439472597767408
0.9160055452638736 5 0.5606354841583714 0.5821917808219178 0.43105022831050227 1.3532598496412889
0.5783222866734842 3 0.5165239094758078 0.6772655007949125 0.3852676205617382 1.5780709513507978
0.6774924044507715 2 0.6825103021200487 0.5475792988313857 0.26989426822481916 1.3649031664453244
0.8486825577339171 3 0.6548331815513957 0.7195767195767195 0.5299823633156967 1.2331069371602559
0.6134080494594264 2 0.4170896290733631 0.7554179566563467 0.38390092879256965 1.3879066116256815
0.873897414276215 3 0.5486779741351241 0.6936936936936937 0.5415415415415415 1.0561106827352402
0.5908402462780749 2 0.5709890109239623 0.7917189460476788 0.43078209953994145 1.3673871228044812
0.9554431414136643 4 0.8420381175085943 0.5669291338582677 0.3674540682414698 1.4427012660683072
0.6150312641604908 3 0.4821122141328557 0.6826666666666666 0.5431111111111111 1.280291379921166
1.2696886679028714 6 0.6680953604341312 0.4736129905277402 0.16711772665764546 1.7829164073386135
1.1021026019260851 5 0.7906278742699696 0.514396887159533 0.2588845654993515 1.8067411143304284
0.7269983625603583 3 0.5710624686002901 0.722636815920398 0.49336650082918737 0.9613614625113134
0.8222613373494543 4 0.3795454188668896 0.6724738675958188 0.3524970963995354 1.2386211947425518
0.8815292611983065 3 0.9154751326603404 0.6847826086956522 0.32367149758454106 1.3524409494694034
1.037587108111206 4 0.7521027294527975 0.5074906367041199 0.16292134831460675 1.7071264353742255
1.0173450453836812 4 0.8929920089033435 0.4524221453287197 0.19405997693194926 1.7566458260149422
1.132412328026199 4 0.9108710376249369 0.6211096075778079 0.2534957149300857 1.778506407315731
0.7592911029513061 4 0.46098089638483924 0.8210151380231523 0.7111902641733452 0.7178718438171373
1.046436528126807 5 0.6722659485143886 0.5133630289532294 0.33667409057164066 1.364691678134903
1.0433504269474334 3 0.8650776281040227 0.7572992700729927 0.3059610705596107 1.3173241320817588
0.6236528495704226 2 0.6740842490074556 0.6712962962962963 0.4696502057613169 1.1376058875438197
1.1874117698577518 4 0.7272431042552631 0.7784313725490196 0.4320261437908497 1.2831474791435473
0.5783222866734842 3 0.39040056314384 0.44104134762633995 0.37417049515058703 1.747222856379112
0.9868954488573298 4 0.8689074922406499 0.5339673913043478 0.22327898550724637 1.7040020419781268
0.6365121682970628 2 0.7280109889280518 0.7210144927536232 0.41183574879227053 1.076071392584108
0.7774591319216559 3 0.4301344733749724 0.5007215007215007 0.36363636363636365 1.419327155673673
0.8018155525515516 3 0.788617005344153 0.6983783783783784 0.44828828828828826 1.2749254581832075
0.9926308222756665 4 0.6762870971750436 0.8138987043580683 0.5104043973301924 1.0271963664555943
1.15438507467377 5 0.8008700378993133 0.4485627836611195 0.2302067574382249 1.786827020258447
1.0614575343822867 5 0.8371724474947112 0.6951623591782637 0.43914292025624035 1.2482101689484837
1.4388779502356193 5 1.3340094227582504 0.9109461966604824 0.6648113790970934 0.8286016446162519
1.3873561479224839 7 1.1853166999275346 0.5683060109289617 0.3729508196721312 1.7387641932662812
1.5808125358866347 6 1.111406728207988 0.4297385620915033 0.14978213507625274 1.3106482152760137
1.1004886442033905 5 0.7459706513570222 0.29666254635352285 0.07457766790276062 2.007286788193459
0.9317005522060149 5 0.5509807591371333 0.4680156657963446 0.27088772845953 1.7394331902570679
1.2842608476734632 8 0.8915808481989754 0.5779092702169625 0.37201402586017973 1.4049598849748477
0.9965069445051584 4 0.759921472932789 0.8088235294117647 0.5906862745098039 1.269876426307848
0.8647370965378594 3 0.6198026048269625 0.6987854251012146 0.40431848852901486 1.4759734381071838
0.8647370965378594 3 0.7213528015354226 0.7142857142857143 0.5595238095238095 1.1817669153236425
-9.999994999180668e-07 1 0.0 0.625 0.5687984496124031 1.1961556854625632
0.981029853074775 5 0.4843263732823834 0.694560669456067 0.504881450488145 1.4027215371169175
0.7029159307848437 3 0.630995400364349 0.81282722513089 0.7722513089005235 0.9246497869035986
0.917828205453311 4 0.5445387460345924 0.7186684073107049 0.6353350739773717 1.1885546160805083
1.4515196051894068 8 0.8913635894564245 0.6717157005534518 0.5091756481211768 1.203019966263385
0.8199666831006802 3 0.8297796212291556 0.5834061135371179 0.24570596797671032 1.670947842532224
1.1569836443581192 4 0.41109871259988173 0.5263157894736842 0.3738191632928475 1.1902074700283694
0.7077828865835065 3 0.6025144569863167 0.6275229357798165 0.46269113149847096 1.2236636058710242
1.135283979071995 5 0.8276146638611275 0.740893470790378 0.4861397479954181 1.2935456452934353
0.20619005064325946 2 0.06740842490074554 0.7013729977116705 0.4088482074752098 1.1991646567399235
1.3296563488760078 5 0.9096953329647564 0.6103404791929382 0.42202606137032367 1.588073682456265
0.9710427129658552 4 0.7867087512716942 0.49048442906574397 0.39273356401384085 1.3452813972926783
1.055459498904683 4 0.904106694004998 0.45650048875855326 0.2404692082111437 1.4901820366647665
1.2134698472903183 6 0.8486073667707755 0.5979314802844214 0.35962077138547727 1.5898552709859397
1.3001556202812663 7 0.7805353047034871 0.621841155234657 0.3629663056558363 1.5081902587971783
1.5975615365252707 9 0.8743856267202023 0.5901328273244781 0.37792536369386465 1.433611132351764
1.0334931520236736 4 0.7242612524777211 0.6482084690553745 0.48403908794788275 1.3341506782346069
1.1499131378053324 4 0.7116127947101181 0.643609022556391 0.3899749373433584 1.3853139723965768
0.8328188358627552 4 0.5975453301706362 0.8242556281771968 0.552166545630598 0.9702769775209846
0.4634105588430012 3 0.2683542536131831 0.675187969924812 0.3659147869674185 1.4557922552923135
1.0239176833096844 5 0.6370553555884886 0.5146412884333821 0.4353343094192289 1.2127289818715254
1.0313197897061275 4 0.7681860041587886 0.43837441705529645 0.13324450366422386 1.815326380948975
0.9368739699545781 4 0.6544323860511407 0.8597560975609756 0.3719512195121951 1.4101370728848681
0.9391013058996258 4 0.6970291747177204 0.5883720930232558 0.3082687338501292 1.4470319496851873
0.8424980282996427 4 0.5774296296120223 0.7194244604316546 0.48201438848920863 1.3329743604194195
0.9840835030884701 3 1.0840851022841005 0.6675531914893617 0.5483156028368794 1.0567205638117836
0.37676816126100815 2 0.34922853003778254 0.6027874564459931 0.7282229965156795 0.9908245795474706
0.9894615713699251 4 0.6637619741824438 0.6637554585152838 0.45880640465793304 1.2373257865570242
1.3853553778070342 5 1.1251739819407969 0.6418300653594772 0.44357298474945533 1.3290041700071586
0.30463409735528807 2 0.24267032964268392 0.6313465783664459 0.5268579838116262 1.089868899953451
1.1432712062088137 4 1.0323205093082617 0.5524781341107872 0.282798833819242 1.4093038353149807
0.9868954488573298 4 0.8412855736888044 0.8435462842242504 0.6979574098218166 1.2693398168612668
1.05509861817353 3 0.8154531061049562 0.5390625 0.2630208333333333 1.407907687459083
1.0929881150028202 5 0.7743371892884842 0.5518763796909493 0.3936718175128771 1.0794503531635937
1.1131432133066688 5 0.5598466570317828 0.6666666666666666 0.3333333333333333 0.967699127057895
1.0614575343822867 5 0.7125203903183478 0.8983050847457628 0.7288135593220338 0.9103759999112265
0.5459662999076078 3 0.32577888229896407 0.8995695839311334 0.6360593017694883 0.7924578166706303
0.6779057256561851 3 0.48536528895413544 0.7350901525658807 0.5811373092926491 1.084483570931613
0.9002530512753368 3 0.6661466156250271 0.900749063670412 0.6385767790262172 1.0108695328853323
1.0609541504576758 4 0.6437531679967239 0.6236559139784946 0.4336917562724014 0.9451647379724859
1.069635310149657 4 0.6527429392865643 0.6297709923664122 0.3893129770992366 1.2754229245413893
0.6779057256561851 3 0.5915581878415772 0.8613707165109035 0.8037383177570093 0.5617734811283528
0.8865576711603558 4 0.7008748733541392 0.5739313244569026 0.37467881336136416 1.3003036154968797
0.7029159307848437 3 0.5901842050641747 0.40735694822888285 0.19709355131698456 1.6760308624969145
1.4581016778702127 7 1.0247012482494648 0.5525525525525525 0.46846846846846846 1.2200767359769915
1.3874021325086323 9 0.7182150213618779 0.5872420262664165 0.3868042526579112 1.3161727320346424
2.0009985234645136 8 1.3631708240649303 0.4 0.2 0.7830127018922192
1.2702252390236917 7 0.7318991744349926 0.5850540806293019 0.27695837430350706 1.5296112003607203
0.9881502243059441 4 0.8455965069859366 0.6362252663622526 0.44190766108574325 1.3460721464817282
1.2676720290705552 5 0.7448902154401379 0.484251968503937 0.3219597550306212 1.359856585979663
1.260602721173116 6 0.75740138408308 0.4985056784219964 0.21717473600318787 1.6183320068672922
0.9649599230141778 3 1.1243182594473702 0.5620052770448549 0.15127528583992964 1.4053514271602425
1.3625332106899275 6 1.0750006991864822 0.602013422818792 0.29463087248322145 1.4679514392959776
1.0728264744838318 6 0.6763247776290405 0.49538679914833217 0.25384433404305656 1.5896628465607316
1.0879625969302695 6 0.6869168444946105 0.44218094667465546 0.26542840023966446 1.607927315800642
1.2601660355781097 5 0.7914554160857589 0.485838779956427 0.24449285887194383 1.8034113423533955
1.7913867726926251 10 1.0081784235909292 0.6168831168831169 0.44696969696969696 1.083548956029967
1.747550551314526 8 0.9678710050131335 0.3333333333333333 0.18518518518518517 1.7742757246750989
0.6434895530215068 2 0.7045267634787598 0.7971929824561403 0.5969590643274854 1.0031754263043282
1.1446429046963085 6 0.7043224087153215 0.7495462794918331 0.38898971566848156 1.5408540151229386
0.8222613373494543 4 0.5295352443419591 0.7678571428571429 0.5119047619047619 1.0872634168919229
1.1664180785148506 7 0.688070204693141 0.5263644773358002 0.38236201048411966 1.3056539337187167
1.110966475964542 5 0.7785379167913122 0.7029077117572693 0.6434892541087232 0.8732855499424774
0.9470541522889971 3 0.6993078698102605 0.5515239477503628 0.2893081761006289 1.6285587432849113
1.2033270407244037 5 0.7148404638353485 0.546875 0.390625 1.195878325750498
1.0710138890401815 4 0.9965130224198996 0.5086206896551724 0.3649425287356322 1.4259919268056882
0.6779057256561851 3 0.6826334504638865 0.5598802395209581 0.2759481037924152 1.6785372435276016
1.440228749736266 6 0.8302403105748772 0.666156202143951 0.46911689637570186 1.2417446196463684
1.187411769857752 4 0.8345484541113619 0.4897959183673469 0.13216715257531583 1.642040637715496
1.1966077112492732 5 0.984057859827063 0.6888888888888889 0.41917211328976034 1.4681778335309905
0.7529716827772218 3 0.5549200248157141 0.5 0.5 1.0245190528383263
1.51189055856606 6 1.2416825649651246 0.6897506925207756 0.5429362880886427 1.3017470271622065
0.9045819688655362 4 0.6312840724222963 0.7021276595744681 0.5799484203739523 1.1411472010072612
0.674972446850451 3 0.5486630963530369 0.6586826347305389 0.6487025948103793 1.1489587786932454
0.9368853075459159 3 0.728109507603122 0.6309859154929578 0.36338028169014086 1.4725712518768654
0.465997256964483 2 0.45500686808003243 0.6083333333333333 0.31555555555555553 1.160680036590493
1.3005870075587553 5 0.8128804397271688 0.6781045751633987 0.44281045751633985 0.870042565485077
1.440228749736266 6 1.1393213163050258 0.672945205479452 0.5165525114155252 1.1623185291241163
1.176798203839184 7 0.8224156185461764 0.506482982171799 0.3295515937331172 1.358998705416823
1.3125802974886023 6 0.9046002011162 0.5989340439706862 0.36042638241172553 1.3113824899049769
1.0408358374387054 4 0.7861174327335091 0.46 0.2951111111111111 1.5442281744449962
1.190071307235074 5 0.8344359863589474 0.5645390070921986 0.3541371158392435 1.4674820668670456
0.6774924044507715 2 0.6825103021200487 1.0 0.870863599677159 0.9198247773674294
0.9550993071993614 4 0.5139006062043349 0.7037671232876712 0.3789954337899543 1.2798389388790459
0.8486825577339171 3 1.031447419656477 0.8654708520179372 0.36771300448430494 1.1321063753730916
0.7088299480082485 3 0.6240469500050236 0.3080684596577017 0.20619396903015486 1.7573978091297922
1.1973325916199458 5 0.8307704884997269 0.606544901065449 0.3668188736681887 1.6767757029129242
0.9108967985804619 3 0.7259771281057077 0.7457475380483438 0.41868099074903015 1.100529809479719
0.9470541522889973 3 0.6661466156250272 0.7816455696202531 0.4477848101265823 1.0168904048599543
0.6615612381601154 2 0.8666797487238712 0.7795275590551181 0.37926509186351703 1.2934050222286781
0.9002530512753368 3 0.6633777159633922 0.6864274570982839 0.3421736869474779 1.4153745120937158
0.6837359058583963 3 0.6089128758364146 0.64 0.304 1.521335849038692
0.8463628296370541 3 0.9516003301113143 0.7580645161290323 0.43172043010752686 1.6186800109850086
1.1034289096530807 4 0.71602989562099 0.5006934812760055 0.29033749422098937 1.4630247681996795
0.9019473817099335 4 0.4345504360282959 0.7702702702702703 0.5123873873873874 1.3006957845364353
0.7298399194925769 3 0.6795219601081186 0.7647058823529411 0.5729096236195628 1.0895623684749458
1.0055669996315013 6 0.7182027013088977 0.4060751398880895 0.20889954702904343 2.001091682184502
1.2613290575795588 6 0.6377361448439525 0.7188498402555911 0.5285764998225062 1.2190827272457225
0.6210843745575724 2 0.7280109889280519 0.8823529411764706 0.5859943977591037 1.0011443625543768
1.3306540933984425 6 0.7775276463580258 0.5307994757536042 0.3053735255570118 1.280553644307927
0.9944445916057315 4 0.6661220636119612 0.612952968388589 0.2634284245695194 1.3990848253284618
0.7774591319216559 3 0.6404626916545281 0.7134052388289677 0.48073959938366717 1.1908233877496952
1.0128923535043128 4 0.7753882487366787 0.3454773869346734 0.18216080402010051 1.878493964511095
0.6874327505165218 3 0.3543233549624783 0.592057761732852 0.20016044925792217 1.3903451479416846
0.6019209717449048 3 0.5501052904834544 0.7717041800643086 0.25937834941050375 1.4782379700240829
0.37676816126100815 2 0.34667189948954846 0.8672566371681416 0.5722713864306784 1.1401643572533533
0.7732166077372823 3 0.6016821835622379 0.8532110091743119 0.43730886850152906 1.2099509140038858
0.7298399194925769 3 0.636487766060667 0.5986754966887418 0.22251655629139072 1.4099638071574645
0.6004799082620752 3 0.2688340458593577 0.7207207207207207 0.5188521855188521 0.9903047763691091
0.6108623020572744 2 0.44405847438080737 0.7184986595174263 0.6559428060768543 1.0051384338480183
0.7119170414129119 3 0.4758001650556572 0.8846846846846846 0.7105105105105105 0.9052326929431871
0.6037449613673687 3 0.3999656870423184 0.9085239085239085 0.6742896742896742 0.9728593017353477
1.0710138890401817 4 0.847142919862003 0.815 0.7183333333333334 0.7330486393823508
0.37676816126100815 2 0.34667189948954846 0.8571428571428571 0.4875283446712018 0.9399606174009469
0.6210843745575724 2 0.6471208790471573 0.5843478260869566 0.3060869565217391 1.0967292988168744
0.8647370965378594 3 0.8507909099340835 0.7102803738317757 0.4735202492211838 1.1068738605156303
0.8982023397133163 3 0.7743165172443109 0.5260115606936416 0.1955684007707129 1.4802220159549555
0.3488300958480944 2 0.4247715955497671 0.6627906976744186 0.15891472868217055 1.6521454293704663
0.30463409735528807 2 0.24267032964268392 0.6629213483146067 0.43820224719101125 1.2051660244361544
0.41011431829249234 2 0.4044505494044732 0.625 0.16666666666666666 1.71823351279308
0.6931451805619453 2 0.5662307691662626 0.6831395348837209 0.29796511627906974 1.3926691237127582
0.6605758876622089 3 0.4953869366928781 0.7773167358229599 0.4891655140617796 1.2415798098195983
1.0699133418346678 4 0.8147664808639531 0.651685393258427 0.24469413233458176 1.4444680306890592
1.2551580417378487 7 0.9091940681891693 0.24875124875124874 0.11721611721611722 1.8789787923584633
1.1679869880608347 5 0.7447918722900928 0.33766233766233766 0.1774891774891775 1.6508717635350736
0.8647370965378594 3 0.6471208790471573 0.7763636363636364 0.5987878787878788 1.1658639595867424
0.7029159307848437 3 0.4049938988065385 0.6126760563380281 0.45422535211267606 1.4888090349590342
0.37676816126100815 2 0.34667189948954846 0.8802395209580839 0.5768463073852296 1.2336170118577672
0.37676816126100815 2 0.22837292968155806 0.6011904761904762 0.30257936507936506 1.904313402448438
0.9868954488573298 4 0.7171638365656557 0.7769347496206374 0.317653009610521 1.348516616645132
0.8305206914932463 3 0.8532601323569459 0.8382352941176471 0.2769607843137255 1.3560730351438266
0.8239562165098323 3 0.5232018987497721 0.7118301314459049 0.3505224132119987 1.28728355393418
0.8605452869815533 4 0.45681952926444597 0.7884816753926701 0.44712041884816756 1.1376548174183592
0.6365121682970628 2 0.4550068680800324 0.48753462603878117 0.3425669436749769 1.650178119049295
0.7529716827772218 3 0.5621591297236851 0.3798076923076923 0.23931623931623933 1.5910073933523783
0.37676816126100815 2 0.34667189948954846 0.43333333333333335 0.22777777777777777 2.0111020333413183
1.0910020110154024 4 1.0325659455213294 0.3333333333333333 -0.005192107995846314 2.110309676626803
0.6645264386570353 2 0.546008241696039 0.5263748597081931 0.10475121586232697 1.8438680802022434
0.6837359058583963 3 0.7281095076031221 0.4363143631436314 0.18879855465221318 1.7724238895394293
0.8018155525515516 3 0.7820253010042663 0.652073732718894 0.18740399385560677 1.9171305601604156
1.183377833848204 4 0.8277317817532337 0.6919191919191919 0.43060231949120836 1.237678795747028
0.9238377056376721 3 0.6423490801902159 0.7445482866043613 0.5628245067497404 0.9807089688637293
1.0533914983798527 4 0.7481755747936409 0.43333333333333335 0.13333333333333333 1.7010219782855618
0.68531220727849 2 0.6471208790471573 0.5329457364341085 0.3624031007751938 1.276958689152168
0.8305206914932463 3 0.8423067346812815 0.7168021680216802 0.520776874435411 1.307289036547184
0.7029159307848437 3 0.3169022521309493 0.8011363636363636 0.6439393939393939 0.910155161072034
0.8473934350417813 5 0.5673706884075881 0.5770263016639828 0.20772946859903382 1.6911106547794743
0.7356189397674613 3 0.5367085072263662 0.5441176470588235 0.4180672268907563 1.2847754750564768
0.9279119221955754 4 0.6171029673728107 0.8070456365092074 0.5326928209234054 1.1581910655274228
0.9507449270676422 4 0.5977172360538988 0.6584699453551912 0.2522768670309654 1.4252528588446711
0.3624980217649752 3 0.2016255343945183 0.6954765751211631 0.3602584814216478 1.3792971311049866
1.0699133418346678 4 1.1168753675621985 0.7987519500780031 0.2787311492459698 1.362877780593566
0.9286204108967226 4 0.7058492079836997 0.6649417852522639 0.37645536869340235 1.1128672239597746
0.5297041990605473 2 0.4282417581929717 0.7536231884057971 0.5059288537549407 1.1898927399434174
0.6159875783368298 3 0.4376571619206975 1.0 0.9085365853658537 0.42104094045313667
0.7773068260750033 3 0.5504771950582791 0.676416819012797 0.3604509445460085 1.2681730183789997
0.8647370965378594 3 0.6633789228587211 0.6754684838160137 0.2788188529244747 1.6469092676413075
0.848682557733917 3 0.667392665854916 0.6855524079320113 0.3031161473087819 1.3632768985203234
0.6546665645411436 3 0.5222776704147898 0.7697547683923706 0.4250681198910082 1.3238264992663553
0.992870323736136 4 0.5177902376324266 0.775236200895077 0.5259406597049561 1.1543413566047434
1.1101624371125378 7 0.6733769503784514 0.6891788181120491 0.5075466871322589 1.1573005649553996
1.1034289096530807 4 0.8501346918963851 0.369449378330373 0.2599171107164002 1.7894417030939018
0.6428539131201454 4 0.46366809821472654 0.6545801526717557 0.5168575063613231 1.1805590562587844
0.37676816126100815 2 0.3235604395235786 0.8533886583679114 0.5970493314891655 1.02932842576839
1.0139006609549652 4 0.5862495243109764 0.7418181818181818 0.515959595959596 0.754624252115179
0.8563813684374095 4 0.6231956846964865 0.6999232540291634 0.561524686620619 1.1275680063921185
1.2468236415853091 6 0.8725133272030271 0.7833787465940054 0.5068119891008175 1.274662433127063
1.0940524568490424 4 0.910154811019347 0.4967741935483871 0.3935483870967742 1.959227401554067
0.6035378825850605 3 0.3814479719418085 0.7740355174525413 0.5711369667279037 1.0263577112635496
0.6911474381458151 3 0.563874829152135 0.6574162679425838 0.5208931419457735 0.9146028366007231
0.7380565340967918 3 0.7552237547930921 0.7164855072463768 0.4314613526570048 1.1285544726326946
1.1246662892518389 4 0.6417811833382774 0.5433287482806052 0.2200825309491059 1.733694426685598
1.353586352154273 5 1.3255068580302563 0.44625407166123776 0.18132464712269272 1.6843853138730915
0.7774591319216559 3 0.34450534508614705 0.8967391304347826 0.6280193236714976 0.8517330597828072
1.2299136037908067 5 0.6728450072535711 0.685214626391097 0.314785373608903 1.328653148788002
0.9470541522889973 3 0.8434998289371239 0.6733212341197822 0.2928009679370841 1.1747626653975656
0.7774591319216559 3 0.5919146931367617 0.615234375 0.541015625 1.1677923408794963
0.562333144621475 2 0.5600084530215782 0.7532855436081243 0.48307447232178413 1.180863437504062
0.674972446850451 3 0.38603132161093157 0.746078431372549 0.4362745098039216 1.2359049373701745
0.8647370965378594 3 0.6783122596711727 0.8545176110260337 0.6049004594180705 1.0344140903874088
0.8896926321473294 4 0.5605529570898723 0.6311263972484953 0.47406133562625397 0.9880547679747048
0.4825755651802941 2 0.3235604395235786 0.615071283095723 0.49490835030549896 0.8573672259257612
1.2360479342861534 5 0.7517733427675853 0.6390168970814132 0.5576036866359447 1.1749106341788487
0.8064739418934614 3 0.7083144847118746 0.5685589519650655 0.4186317321688501 1.6779602586438067
0.6786041517078594 3 0.60667582410671 0.7204399633363886 0.3476932477849068 1.1291913433363012
1.3421207227714134 5 1.0737433430521137 0.5506329113924051 0.3080168776371308 1.3738783331958824
0.8587379130152242 3 0.965462528095064 0.5571177504393673 0.30697129466900996 1.582449462168833
0.6365121682970628 2 0.7280109889280518 0.9166666666666666 0.677536231884058 0.9408940713133724
0.562333144621475 2 0.6471208790471573 0.8497854077253219 0.5164520743919886 1.0622078043511383
0.5366615624993688 3 0.37400798579372707 0.7033096926713948 0.5819542947202522 1.0475833601159676
1.1266215590578943 5 1.013320439959776 0.5163329820864068 0.2764313312258518 1.7073469862951491
0.3676464774226919 3 0.27737505051547506 0.7957532861476239 0.5092686215032018 1.1099260650807607
1.1667128134963625 6 0.7729588601616213 0.6198288159771754 0.427246790299572 1.193388356915882
0.8159165767243362 4 0.4954847625788365 0.3336267605633803 0.3136737089201878 1.3049257743663119
1.1903180264995288 6 0.9497133618212422 0.5383333333333333 0.31083333333333335 1.5011049296935628
0.6922360496993866 3 0.5793029852567476 0.6492146596858639 0.6230366492146597 0.9058488596500018
1.0838185988502702 4 0.8670740778670022 0.5392405063291139 0.5101265822784811 1.5177356070586963
1.2721511217858872 7 0.7218793927203265 0.7320205479452054 0.401541095890411 1.2997139994730424
0.9514520171053227 4 0.7633348297422728 0.4057142857142857 0.11210884353741496 1.8287128922209626
1.2525138485795355 5 0.8431056269343383 0.6998175182481752 0.6094890510948905 1.03611552179099
1.0435918477641586 5 0.7721845269008175 0.5617977528089888 0.4898341359015516 1.4628127126760562
0.6837359058583963 3 0.728109507603122 0.6929133858267716 0.28608923884514437 1.5017169445464293
1.2765447798562028 6 0.6530979665319689 0.5671957671957671 0.34638447971781305 1.5143512020537078
1.3296140054628764 8 0.9484651772758915 0.6328195829555757 0.3798730734360834 1.4129214584901966
0.6365121682970628 2 0.5515234764606454 0.43486238532110094 0.19021406727828746 1.7127764785377397
0.8082669580111547 3 0.667392665854916 0.6414602346805737 0.40721425467188177 1.5882971870892557
0.9802185317790895 6 0.6494028997031008 0.7649051490514905 0.4175700090334237 1.3228559877905148
1.0408358374387054 4 0.63020435453677 0.6862745098039216 0.38823529411764707 1.4233972365941616
0.4825755651802941 2 0.4853406592853679 0.6142061281337048 0.36443825441039923 1.3684180535648809
0.5455925739719631 2 0.60667582410671 0.7008086253369272 0.6042228212039533 1.0177121562626938
0.4437542842777149 3 0.2882202757882223 0.78125 0.6875 0.9035272986247448
0.7715771988905983 5 0.5297180306618748 0.592619926199262 0.25904059040590405 1.5955854116710197
1.1432712062088137 4 0.7682212617421992 0.5958904109589042 0.25525114155251144 1.6433532192889868
0.5235843374841986 2 0.3309140858763872 0.4547244094488189 0.276246719160105 1.5519781716314125
1.0397177708449181 3 1.0807851339926522 0.7513812154696132 0.6243093922651933 0.951134184169301
0.8207798307306521 4 0.4429718383840357 0.7102496714848883 0.442838370565046 1.2436448267183993
1.0797296179408153 5 0.6458246180262398 0.8832298136645963 0.7875776397515528 0.684668207270546
0.4634105588430012 3 0.3247535337794211 0.699594046008119 0.5886332882273342 0.9725161371186929
0.9507449270676422 4 0.6566793243348481 0.8681318681318682 0.5334249084249084 1.2839657169976453
0.9180419180850247 4 0.6362737266847611 0.8100407055630936 0.5848032564450475 1.0643211257761471
1.310275113644197 6 0.9888791136009212 0.6725888324873096 0.4712351945854484 1.2242742000304
0.4825755651802941 2 0.4853406592853679 0.7662682602921647 0.5586542718016821 1.0017413881518338
0.8305148252944701 3 0.5293453574779288 0.6802030456852792 0.350253807106599 1.2484258019396397
0.8305206914932463 3 0.7536949128985511 0.7515274949083504 0.4596062457569586 1.3472249033051127
0.9868954488573298 4 0.786117432733509 0.6235294117647059 0.30522875816993467 1.4158217126250687
0.708685028227737 3 0.5157237098282386 0.6541143654114365 0.3816829381682938 1.3534019285790118
0.7963086401815129 3 0.6708856340329578 0.7212121212121212 0.35555555555555557 1.309494289293502
1.18921674019698 5 0.8448486305105568 0.631578947368421 0.49122807017543857 1.2877530489236266
1.1761030996824753 5 0.78602274384891 0.595606183889341 0.42744778953078383 1.3228200504736782
0.8896858797175395 4 0.5532306830332989 0.49851632047477745 0.29277942631058357 1.6336762878778626
1.704545445289297 6 1.2995066896468372 0.0 0.0 2.391808826847647
1.8711534142609727 7 1.1649313103221501 1.0 1.0 0.3496793685588863
0.8979427248642798 3 0.9168421508057573 0.5443037974683544 0.16877637130801687 1.554416746888202
1.7762764757483724 9 1.302413296374177 0.5 0.36666666666666664 1.2837713240271469
1.7382071357492448 7 1.2624253245807593 0.6 0.5333333333333333 1.864390800261883
1.7050438175626947 7 1.2987297889124465 0.7517401392111369 0.6419180201082754 0.7838367698294765
1.4571181105987177 7 1.136951750062506 1.0 1.0 0.30064126288222853
1.8069828458572723 8 1.2644267601640446 0.6521739130434783 0.6014492753623188 1.4005502473703089
1.875674010356809 8 1.2462666402325289 0.32608695652173914 0.3188405797101449 2.1479234022528932
