0.6779057256561851 3 0.3033379120533549 0.8607242339832869 0.5125348189415042 1.1810706961196025
0.6605758876622089 3 0.4044505494044733 0.837573385518591 0.6731898238747553 0.8356929641864471
1.0062105659604368 4 0.6762682514394587 0.8351648351648352 0.7367216117216118 0.764527830957161
1.1355466971758892 4 0.7522001085997734 0.8461538461538461 0.5744810744810744 0.8778123682790003
1.082192530043434 3 1.1094063747523095 0.9667673716012085 0.6958710976837865 0.8732731662012564
0.37676816126100815 2 0.34667189948954846 0.7580645161290323 0.7741935483870968 0.7258064516129042
1.1034289096530807 4 0.5109473485476296 0.7451923076923077 0.5576923076923077 1.195000697618302
1.0296500140697402 3 0.4981542634455387 0.8870636550308009 0.7262149212867899 0.8425474175273939
1.7045379704202506 9 0.49590308049556986 0.8597785977859779 0.6893437688139675 0.9797133520652271
1.5367057511506559 7 0.4406658415999442 0.8962199312714777 0.6416953035509737 1.2580372055081468
1.00252114476399 5 0.37521463516596554 0.9475862068965517 0.8489655172413794 0.9350262968747738
1.4347150216729985 6 0.5131364610213137 0.8981723237597912 0.7761096605744126 0.7805373956628181
0.923837705637672 3 0.33369633292745804 0.8554006968641115 0.39547038327526135 1.0217271706459194
1.168601912721095 4 0.5520434885444322 0.7935126582278481 0.5353375527426161 1.15174578935585
1.0433504269474334 3 0.7118855102452438 0.8856345885634589 0.6675964667596467 1.1825105623165846
1.3197259215281616 4 0.6187216881347289 0.8767361111111112 0.6278935185185185 1.2820942979392287
1.023925799644203 3 0.4692151806025598 0.8708751793400287 0.6336681013868962 1.0141444324038011
1.110649481367775 4 0.40795219638590613 0.810126582278481 0.6112517580872011 1.0032522475380827
1.023925799644203 3 0.4692151806025598 0.889060092449923 0.5536723163841808 1.204073257616761
1.2463951877375228 4 0.23642174806089267 0.96875 0.8125 0.9069160230758514
0.6436562611196064 3 0.37917239006669373 0.8241563055062167 0.5609828300769686 1.1192370953108064
0.6837359058583963 3 0.31824839963189716 0.884393063583815 0.720616570327553 1.4760086202058886
1.486890226905892 5 0.9783314894342825 0.8622159090909091 0.5918560606060606 1.2201826901576878
0.7774591319216559 3 0.6795031946462005 0.8453333333333334 0.6653333333333333 0.8354768145259103
1.0408358374387054 4 0.5466973751971064 0.8429054054054054 0.49324324324324326 1.1235409417586362
0.6559727323476829 3 0.4666737108513153 0.8636363636363636 0.696969696969697 0.7763889356182143
1.2130035659909044 4 0.5998751727651855 0.8513513513513513 0.5671428571428572 0.9460974570268509
0.8082669580111547 3 0.4095308109407968 0.7612612612612613 0.5480480480480481 1.2870577106814134
1.2820422400626548 4 0.4692151806025598 0.8697247706422019 0.6336391437308868 1.2881711414123849
0.887691275807461 3 0.7501435779319834 0.850253807106599 0.5922165820642978 1.239073550330409
0.9002530512753368 3 0.8412834144079898 0.9337979094076655 0.6335656213704994 0.9455804365194591
0.8852848344614438 4 0.270045790297366 0.9474497681607419 0.4770736733642452 0.9364251206390192
0.8815292611983065 3 0.38252412130315655 0.8656716417910447 0.7697874265038445 1.1519773328841536
1.7573785685632357 9 0.4327469360148845 0.6991869918699187 0.44026548672566373 0.928254564057177
1.9649536535478118 9 0.7343417228193444 0.8455217748562038 0.38431081415491214 1.2737344958915418
0.9002530512753368 3 0.5893985255179869 0.9558823529411765 0.5049019607843137 1.0754737383444872
0.9002530512753368 3 0.640462691654528 0.8347457627118644 0.7170433145009416 0.8273406167467151
1.501307619999309 5 0.5465535960974135 0.8241042345276873 0.5805284111473037 1.382880123103277
1.4614671293220243 5 0.4057446220537332 0.8838951310861424 0.47503121098626716 1.4693187729689972
-9.999994999180668e-07 1 0.0 0.2696629213483146 -0.21722846441947566 2.5013252025186574
1.0835261213227891 3 0.7597664427163013 0.6402116402116402 0.4432686654908877 1.050068144841204
1.4880300442092584 6 0.6387070118733439 1.0 0.8888888888888888 0.9796652553453091
0.9743117528756828 3 0.6633777159633923 0 0 0
0.9502675392390678 3 0.6962823147451627 0.7934782608695652 0.5486542443064182 1.0843054977924784
1.5247023930458519 5 0.5968771775537421 0.8631984585741811 0.5985870263326911 1.0992267446331552
1.3862903611278907 4 1.3584246709564693 0.8321678321678322 0.6783216783216783 1.1996354161758676
1.0397177708449181 3 0.41606257577321265 0.9575971731448764 0.7561837455830389 0.9500837310434113
0.7029159307848437 3 0.3235604395235786 0.8086124401913876 0.745879851143009 0.7461946640583927
1.082192530043434 3 0.5893985255179869 0.75 0.6851851851851852 0.9052166431446469
1.1432712062088137 4 0.6728450072535712 0.8017094017094017 0.6199430199430199 0.9137006119308135
1.251151983376565 4 0.3201927284731453 1.0 0.7797513321492007 1.0459363946057432
1.5212620451382395 5 0.5138093529297771 0.9402767662053897 0.7108521485797523 1.0560998136681619
1.2449487211461137 5 0.5020708130445635 0.7996820349761526 0.6306306306306306 1.4960698505844712
0.9496754169299566 4 0.5908693737481622 0.6873527101335428 0.49437025399319195 1.28654254703763
0.5385539462748679 3 0.23484225449291996 0.6902485659655831 0.5809432759719566 0.9082638097631404
1.3789853127688474 5 0.3318338833573101 0.967420814479638 0.787908337396392 0.644935872343087
0.8752559385262877 3 0.38979125042753343 0.8635875402792696 0.6505549588256355 1.0179163489265863
1.199591357315035 4 0.48934382729225073 0.9131736526946108 0.6383898868928809 1.0196888378910283
0.778129548180132 3 0.35876431988051377 0.8400488400488401 0.6381766381766382 1.0754837590778203
0.7774591319216559 3 0.6760952793598524 0.7408491947291361 0.5041483650561249 1.158518811004029
1.3130055920611063 5 0.744442487416308 0.896774193548387 0.6 1.038576637928341
0.8222613373494543 4 0.44490256398955796 0.7165021156558533 0.44334743770568874 0.9928429137407634
0.562333144621475 2 0.34667189948954846 0.8706199460916442 0.7196765498652291 0.8219529629797917
0.708685028227737 3 0.4095308109407968 0.8416370106761566 0.6720047449584816 0.9115652987070676
1.0435429071304205 5 0.3941161515446174 0.8394904458598726 0.6394904458598726 1.3929799396422027
1.3853553778070342 5 0.5530483963535865 0.9214501510574018 0.6324269889224572 1.487659218091877
1.8767229751558456 11 0.49636793267624646 0.7692307692307693 0.5107260726072608 1.4345748544289167
0.7774591319216559 3 0.5501052904834545 0.8562091503267973 0.6862745098039216 1.0626499651699959
1.3452791690719432 6 0.4765918112913529 0.9927963326784545 0.9050425671250819 0.7748869131261824
1.0601159359447578 3 0.3300353773960415 0.8385899814471243 0.4996907854050711 1.285469224828948
1.6356870862561461 6 0.7595964264704841 0.6631158455392809 0.27115858668857845 1.4550055845207592
1.2130035659909044 4 0.3943604555808526 0.8809034907597536 0.7782340862422998 1.0916492807536162
1.1513756233462642 4 0.7256518255711901 0.7078189300411523 0.52400548696845 1.0416141401482135
0.6615612381601154 2 0.7280109889280519 0.8006814310051107 0.6320272572402045 0.8567556158312348
1.082192530043434 3 0.7927756201261384 0.8876221498371335 0.7068403908794788 1.1048162930084602
1.4188590173219966 6 0.6326329801382018 1.0 0.8852530541012217 0.854073654878996
2.046729532747218 9 0.8845334472539446 0.7973568281938326 0.3747833622183709 1.214052177381793
1.2130035659909044 4 0.6512945488886033 0.7922971114167813 0.7368179734066942 1.2249842089949479
1.1223681290828398 4 0.42195791517788395 0.9136029411764706 0.7935049019607843 1.2073644834972364
1.22098412369235 5 0.38047209450971226 0.8531271960646521 0.5825729927007299 1.0878116192845182
1.3107796781094638 4 0.5093338686663356 0.9583333333333334 0.6805555555555556 1.1657541860545584
1.2148856539607453 4 0.6673926658549161 0.9071618037135278 0.6136162687886826 0.9335521468845064
1.1582356647009335 4 0.4908723722054415 0.7978521794061908 0.6830911770899136 0.7953493217066454
0.9981896767863389 3 0.4506734693364131 0.9279720279720279 0.624941724941725 1.2622273878306838
1.251151983376565 4 0.9835704444365375 0.9092409240924092 0.6842684268426843 1.1661896470991493
1.3334690391277029 4 0.5952453737148725 0.8797814207650273 0.7008196721311475 1.005186893472848
1.3421217227574136 4 0.5364921362313301 0.8104838709677419 0.4910394265232975 1.0273850716827064
1.580812535886635 6 0.7510143833991473 0.833916083916084 0.4939293598233996 1.160835754437534
1.2074834417356126 4 0.3624161112523622 0.9246861924686193 0.8214783821478382 0.8626073049752473
1.440228749736266 6 0.343799081522945 0.9658119658119658 0.6997455470737913 0.7210333458888626
1.376222604352713 4 0.6865265333028294 0.8793503480278422 0.7575406032482599 1.2036542970680177
1.118932474584686 5 0.2506160503252276 0.8656099241902137 0.6191132552262807 1.3718660836042755
1.2440116958164495 5 0.5525225530161979 0.925 0.703125 1.0372042862337403
1.4880300442092587 6 0.4877519584377075 0.8034285714285714 0.5733333333333334 1.4030333467995637
1.405234835157047 7 0.6187755935222968 0.8564437194127243 0.487405868605557 1.2375592784603453
1.6731123626671671 6 0.8463952292420276 0.889943074003795 0.661606578115117 1.050299184974389
0.7589337727720928 3 0.2426849250019536 0.5177025963808025 0.25203252032520324 1.2911244016687913
0.9743117528756828 3 0.4692151806025598 0.7557251908396947 0.5487701441899915 0.9107737180481134
0.9507449270676422 4 0.5223847585841044 0.8650568181818182 0.6638257575757576 1.3980732337071338
1.0408358374387054 4 0.6910442139876171 0.8991596638655462 0.8347107438016529 0.817746750952277
0.9840835030884701 3 0.4753549650782201 0.9373368146214099 0.7502175805047868 0.8197802546746971
1.1407161964286858 4 0.6459475220365258 0.6045296167247387 0.2218350754936121 1.4390156640535134
0.7529716827772218 3 0.37293033938610376 0.8408450704225352 0.37183098591549296 1.20114008839361
1.2440116958164495 5 0.5318682629655548 0.8296398891966759 0.5997229916897507 1.0213972066891601
2.070308055604328 14 0.5703078561614622 0.9093298291721419 0.731365470375876 1.183409909857312
1.1573692982344566 4 0.6727275683094189 0.8083735909822867 0.5700483091787439 0.8888401600237562
1.0408358374387054 4 1.0636795046340135 0.8356164383561644 0.4637239979705733 1.2662366742080131
0.6615612381601154 2 0.8666797487238712 0.9045936395759717 0.6101295641931684 1.070906862168134
0.23378965871499252 2 0.11315498653578566 0.7818659658344284 0.5821287779237845 1.403603432748162
0.9950239901849212 3 0.8190616218815936 0.7352941176470589 0.3541666666666667 1.4591404657344174
0.8486825577339171 3 0.5157237098282386 0.736 0.6013333333333334 1.0390815225505503
0.8064739418934614 3 0.5010222337591076 0.927027027027027 0.7255255255255255 1.0314079451255582
1.3208833431716553 5 1.046763648734719 0.8372413793103448 0.4891989198919892 1.229691263244864
0.9832709442526746 3 0.5999473616504806 0.781591263650546 0.4264170566822673 1.4053054754807974
1.2110400167942978 4 0.7376113269710604 0.7894736842105263 0.5524066576698156 1.241141799019484
0.6931451805619453 2 0.4044505494044732 0.927710843373494 0.5200803212851406 1.3418667764969345
1.3114263374954453 5 0.8005783645681599 0.8540540540540541 0.5363363363363364 1.2378523769456267
0.5359580497226601 3 0.34381580655215904 0.93717277486911 0.8086096567771961 0.7118966523004782
1.2123098802805643 4 0.2925896355179474 1.0 0.9485930735930735 1.1743873182598983
1.6979799586319448 7 0.7970208283488025 0.9316628701594533 0.6681492463553249 0.9223921793704593
0.8852848344614439 4 0.6338393243998616 0.8628571428571429 0.5841269841269842 1.0272777572168743
0.4330873123940955 3 0.34671225246989323 0.8955223880597015 0.7572742348861752 1.159555661752906
-9.999994999180668e-07 1 0.0 0.8708791208791209 0.7847985347985348 0.9988094560263228
0.37676816126100815 2 0.3430025306697317 0.6169014084507042 -0.0631768953068592 2.1067821877458353
0.9002530512753368 3 0.5821820018384869 0.8743455497382199 0.6649214659685864 0.9874722126621779
1.2130035659909042 4 0.602777170418528 0.8321579689703809 0.5307945463093559 1.498181787075897
0.7902307553651864 4 0.4579875548694779 0.9147058823529411 0.6622390891840607 0.677504358492429
0.994920632577275 3 0.3954228528078786 0.8516949152542372 0.635593220338983 1.0569336191432737
1.2227753162068027 4 0.818539952568467 0.9485294117647058 0.7338235294117647 0.9728499318885078
1.3003351677571806 4 0.696117422669057 0.9010736196319018 0.6071063394683026 1.0273085558303616
0.37676816126100815 2 0.1617802197617893 0.8826446280991735 0.4479338842975207 1.4097333881118572
1.0710138890401815 4 0.8127818797298334 0.7901049475262368 0.5472263868065967 1.1383211649598446
0.6914140776191252 2 0.109322206276202 0.9444444444444444 0.45901639344262296 1.6114761033559573
1.4303448314286107 5 0.9930753447194718 0.84375 0.7291666666666666 1.1756242420638783
0.6791912659935828 2 0.6943296507508848 0.7669172932330827 0.49122807017543857 1.328022369707743
0.6931451805619453 2 0.3055050463303894 0.8556701030927835 0.6374570446735395 0.8439780223938109
1.1187393359986095 4 0.4130080917972512 1.0 0.8032786885245902 1.8437418249025965
0.562333144621475 2 0.5091750772173156 0.7391304347826086 0.5314009661835749 1.2373497449668796
1.7485391552277192 8 0.7282251044425945 0.9400749063670412 0.6878824969400245 1.2080425016242733
1.8636719873894998 8 0.8599624764211761 0.9041916167664671 0.5345252774352651 1.1950791991861305
1.559576156273877 5 0.6620699091693251 0.7236024844720497 0.4660377358490566 1.0622370550018512
0.562333144621475 2 0.4044505494044732 0.7942857142857143 0.4819047619047619 1.290254531984169
0.6615612381601154 2 0.24247497114811215 0.585635359116022 0.31952117863720075 1.2438615541404292
-9.999994999180668e-07 1 0.0 0.5957446808510638 0.5673758865248227 1.6416460039702774
1.14905569698277 4 0.8458492184502293 0.6785714285714286 0.4194139194139194 1.5262314924078846
1.4614671293220243 5 0.35954394376072346 0.916776750330251 0.7498943810730883 0.7323537122578861
-9.999994999180668e-07 1 0.0 0.9224704336399474 0.662724485326325 1.21218945411435
0.9586888593311804 3 0.8645376790208292 0.8978723404255319 0.708274231678487 0.7713107054724608
0.6365121682970628 2 0.43598468393752 0.924812030075188 0.8245614035087719 1.2208314556943265
0.8815292611983065 3 0.35594275512262186 0.7066848567530696 0.3451568894952251 1.2064005314642168
1.1359337539160497 5 0.3308027912181042 0.9047292666209733 0.6885171790235082 1.0465972336940375
0.6019209717449048 3 0.39091780362417866 0.7597254004576659 0.6285278413424866 1.1642573455077925
1.37299991288545 4 0.3589539278883759 0.6896551724137931 0.593521421107628 1.261081266940425
0.6779057256561851 3 0.5764405515764446 0.8783570300157978 0.5766192733017378 0.9827689619508679
1.4987346466414497 5 0.5408295611797886 0.8833819241982507 0.6161321671525753 0.805665623527148
0.9470541522889971 3 0.3960424528752498 0.7512274959083469 0.5782869612656847 1.3233234213118266
1.4798434184951597 5 0.6581056667047186 0.8602564102564103 0.5995726495726496 1.0131736553251538
0.9002530512753368 3 0.13806415027670876 0.7488789237668162 0.6223218734429496 1.4261981418463003
0.562333144621475 2 0.3055050463303894 0.8367003367003367 0.7222222222222222 1.0227832268293509
0.9832709442526746 3 0.6262444689951031 0.8221614227086184 0.6511627906976745 1.2372282191986652
1.0397177708449181 3 0.5057403048215456 0.9002770083102493 0.6648199445983379 1.6757568935273885
0.9002530512753368 3 0.8321251515464253 0.84375 0.5871212121212122 0.7683992918377835
1.222261923566135 5 0.7057843392252139 0.8046594982078853 0.4115890083632019 1.2656408362732496
1.0910020110154024 4 0.5030592523573153 1.0 0.8828125 0.917467105090819
1.3107796781094638 4 0.40942071193065394 0.8978723404255319 0.6950354609929078 0.682513134411483
1.034638742334352 5 0.6432109620556701 0.772027972027972 0.7491841491841492 0.9970418433366902
1.326862416041685 5 1.0318443466993117 0.8956043956043956 0.6289377289377289 0.7652813994423748
0.9002530512753368 3 0.7304212106036999 0.8038147138964578 0.8474114441416893 0.9033605476751835
0.7463175398204221 3 0.9102107735102056 0.8849840255591054 0.6844160454384096 0.7438746793092211
0.5929513174499546 2 0.5663621273996895 0.8889916743755781 0.7761332099907493 0.5966245215885079
1.394365711957062 7 0.6215462105921905 0.9642857142857143 0.643035343035343 0.9048781042801629
2.040017078630292 10 0.5539593475215232 0.9556962025316456 0.8122362869198312 0.7465817789231676
1.243757885229896 4 0.56402318086688 0.9503968253968254 0.8492063492063492 0.8737490995662004
0.6019209717449048 3 0.34179174784615396 0.4972677595628415 0.25774134790528236 1.8551570743320358
2.0074114609622713 9 0.6050733213422884 0.8778877887788779 0.7590618336886994 0.9401301145281227
2.3066577254751977 11 0.7992650640470088 0.7268041237113402 0.18970588235294117 1.424107587021922
1.5996532024578312 6 0.8768954100346393 0.837160751565762 0.4887063655030801 1.1077528528935692
1.2381656412373059 4 0.6976122113951148 0.813200498132005 0.6168534661685346 1.188181507414581
1.0637125529891018 3 0.7963235933119757 0.9369665134602758 0.761216896476253 0.8585332690951174
1.4516943791224588 6 0.5267289398393341 0.9378995433789954 0.7844748858447489 0.8541840464059085
1.5366438975219352 6 0.7939227177729992 0.8677298311444653 0.6244527829893683 0.9935210751420167
1.5419704327906343 6 0.6238654974895191 0.9438356164383561 0.5753424657534246 1.0953986522621537
1.0538750239265342 4 0.42640952430414975 1.0 0.7661548304542546 0.7412371856603074
1.532515495883491 8 0.4111412393241034 0.8514657980456026 0.7029315960912053 1.0720396848219262
-9.999994999180668e-07 1 0.0 0.8866120218579235 0.7868852459016393 1.0108348293463336
1.349031124467377 5 0.3995912266532564 0.7583936800526663 0.3138922640745241 1.8520991482789895
1.704545445289297 6 0.40642354439257505 0.9116504854368932 0.6016181229773463 1.0739130838796813
0.9172980625417203 5 0.4849597255834176 0.9175931981687377 0.7275080906148867 0.843554367140213
1.1034289096530807 4 0.5014440388162373 0.800266311584554 0.5316179677278674 1.0629541887953762
2.262545294554489 13 0.6925546835291799 0.799354491662184 0.4561526343427271 1.0246354885776183
0.9912056991928586 4 0.31022666922608566 0.79644128113879 0.5575326215895611 1.0946099416049893
1.0933873064836659 3 0.5207257098502269 0.8530465949820788 0.6696535244922341 1.1371292229821204
0.5010439137754297 3 0.2912438030412488 0.9665738161559888 0.9331476323119777 0.4489001697615972
0.6645264386570353 2 0.2548629573298603 0.9711191335740073 0.7821901323706378 0.38627848689762667
1.0710138890401815 4 0.579687318177685 0.8858520900321544 0.7952840300107181 0.8759731786626622
1.0769748414270668 4 0.42247867467443906 0.8601728201099764 0.6412673474731605 1.031889515224194
0.6774924044507715 2 0.6371573933246507 0.7614213197969543 0.4077834179357022 1.3434076785206635
0.5783222866734842 3 0.4817353273955901 0.6974789915966386 0.6470588235294118 1.0733933713979729
0.7356189397674613 3 0.6194631175301046 0.9027027027027027 0.7324324324324324 1.268765030296767
0.8018155525515516 3 0.3583166699654146 0.8608247422680413 0.5601374570446735 1.147758869799209
1.329657348863758 4 0.6424422987241748 0.9714285714285714 0.6058558558558559 1.0622014486510436
0.7985174440277224 3 0.3169196621999308 0.9535666218034994 0.8245850157021085 0.6380760144028047
0.562333144621475 2 0.17333594974477423 0.948051948051948 0.33116883116883117 1.3056173355696898
1.0397177708449181 3 0.6795031946462005 0.9386422976501305 0.7463011314186249 0.9373522161984043
0.8325682617961419 3 0.5287168690108773 0.8858988159311088 0.6828130606386796 0.9953300038463209
0.8313995205030317 3 0.510808212260831 0.6391478029294274 0.33422103861517977 1.7366673021318138
1.4066717022850572 6 0.9715171234250777 0.9037656903765691 0.7847512784751278 0.9682815478984138
1.3392548034067857 7 0.32844355744760734 0.9477283829995115 0.8895945285784074 0.7926749473755791
0.7720981207377531 4 0.37658555374176667 0.699625468164794 0.4986267166042447 1.3773128760716753
1.7173560711800238 6 0.5645644053958586 0.8400954653937948 0.7760540970564836 0.85552577037018
1.1432712062088137 4 0.5143552638339778 0.4826325411334552 0.19500304692260817 1.0368382298522543
0.9321081206942513 4 0.3042780742700061 0.8154838709677419 0.796989247311828 1.187659358873313
1.5838637878316872 6 0.712796130454317 0.971830985915493 0.8755868544600939 0.8023046467659566
1.2235919218758426 5 0.6576728801854832 0.8821656050955414 0.6916135881104034 1.2376966603374246
1.6488949357296028 8 0.5249868386941136 0.8934092758340114 0.7288441692466461 0.8446563465264785
1.0397177708449181 3 0.8321251515464253 0.8304597701149425 0.6206896551724138 0.969673666794598
-9.999994999180668e-07 1 0.0 0.8324607329842932 0.7207678883071553 1.0799520473490674
1.048419918397894 4 0.4258744078982836 0.9210526315789473 0.8444760550023708 1.117224957543144
0.7777869315641237 3 0.5278977095670315 0.764026402640264 0.7425690021231423 0.7598417009468325
1.0608539471628964 3 0.2637927667254218 0.6080178173719376 0.19629375428963625 1.7857851055938858
1.276714704799067 5 0.6659921462085522 0.696969696969697 0.4444444444444444 1.6139859564729926
1.2535208656188028 4 0.7592862020535741 0.8645357686453576 0.6159309994926433 1.2239110023056385
1.1198713630692476 6 0.25970159328861886 0.8602739726027397 0.633072625698324 1.2913304576616087
1.676690132615511 6 1.1813123594082828 1.0 0.6322204557498675 1.3480548609682081
0.8760888930740542 3 0.4797002659640298 0.7846410684474123 0.5308848080133556 1.015751314123309
0.6365121682970628 2 0.3033379120533549 0.7195767195767195 0.5141093474426808 1.0867657009218754
1.3401591684848435 5 0.45682648265708625 0.9117647058823529 0.6279669762641898 1.197823509508233
0.9586888593311804 3 0.8645376790208292 0.8738738738738738 0.7327327327327328 0.8608702702992341
0.6837359058583963 3 0.5709890109239623 0.8946047678795483 0.6783772480133835 0.9703844043778911
1.789015162324512 7 0.59303684184227 0.7637795275590551 0.39669421487603307 1.2150282210825063
0.7343766707251014 4 0.15493196539023157 0.776 0.6213333333333333 1.1051728641440977
1.4691048236079665 5 0.7223574297998824 0.8687415426251691 0.5872801082543978 1.248813055540793
0.97432580995695 4 0.3607874256816371 0.7494163424124514 0.49130998702983136 1.512839636766585
0.48691070946784487 2 0.24267032964268392 0.8656716417910447 0.642620232172471 1.0016423181785206
1.2342409455896624 4 0.47643660225595236 0.8536585365853658 0.6398678414096917 0.9840102994272371
1.1432712062088137 4 0.6371351848400093 0.8514492753623188 0.5428743961352657 1.10402669201262
1.4053434997833174 5 0.8262510609564915 0.8857677902621723 0.48064918851435706 1.2441717129877514
1.4646899302575702 5 0.654931372066877 0.7750865051903114 0.5288350634371396 1.4109585366492838
1.3219660745263635 4 0.5540159611801969 0.9201623815967523 0.6472710870545783 0.8351010779648007
0.33421814623892604 3 0.10608279987729906 1.0 0.9287622439893143 0.8258074287735249
1.1179586062770868 5 0.6254313346750229 0.8674832962138085 0.6221232368225686 1.0652189777211378
1.0717270941171957 3 0.5501052904834545 0.8923357664233577 0.6465936739659367 1.1208125700409912
0.9430416700201563 4 0.46631048481136106 0.9120370370370371 0.7592592592592593 0.9019645175491895
0.8037391073239946 3 0.33050141234650654 0.8431372549019608 0.550326797385621 1.2128544415640525
0.9238377056376721 3 0.4137911341491164 0.8453292496171516 0.52475752935171 1.599188849854421
0.7356189397674613 3 0.3488283992970735 0.7377717391304348 0.291213768115942 1.7008760562131477
1.0114012647128516 3 0.8149341898661369 0.8731884057971014 0.46497584541062803 1.0812247812349778
1.5764861940737795 6 0.8224554279298737 0.9321789321789322 0.7205387205387206 1.1009081026552554
1.6695731270226568 7 0.5773542742899805 0.867027027027027 0.6064864864864865 1.335304940865804
1.257356571098325 5 0.764700172133877 0.901060070671378 0.7047506870828426 0.7642382307496554
1.1976078735825337 7 0.4071049670780582 0.8048411497730711 0.47655068078668683 1.519148651095037
1.4636320296153515 5 1.0628557239144782 0.8979456593770709 0.6876518665783079 0.9104895761921025
0.4293210219344571 2 0.21128721905408843 1.0 0.3914656771799629 1.8518184403626432
0.7789947493120368 3 1.142796817783169 0.7254098360655737 0.5737704918032787 1.0388446740381483
1.8407417286006145 7 0.6759164997028232 0.8202614379084967 0.4166666666666667 0.9541978928895677
1.8507254006361782 10 0.5425634178327594 0.7268232385661311 0.35682462535439446 1.2936235638727436
1.1520410636890663 6 0.46397327457301796 0.7186684073107049 0.5363359442993908 1.4706129273822364
1.313762302886772 6 0.689739449875441 0.8507560815253123 0.6943896559281175 1.169472131913546
-9.999994999180668e-07 1 0.0 1.0 0.8897058823529411 0.5543787585281228
2.0565002829898935 10 0.3713751629029527 0.9805668016194332 0.5349958088851634 1.112632810848517
1.251151983376565 4 0.9350626501546861 0.9285714285714286 0.7261904761904762 1.1763983213436027
0.848682557733917 3 0.8082619476419955 0.6947674418604651 0.6589147286821705 1.1713047446413212
1.0941771392793793 5 0.4648347964012133 0.8633193863319386 0.6821282401091405 0.9760482653296334
1.3050923719579406 4 0.5466973751971062 1.0 0.9380453752181501 0.811610983897252
1.4074386265914696 5 0.5153143908550577 0.9373368146214099 0.8957789382071366 0.6916291273552392
2.704031207551894 19 0.6691556281899456 1.0 0.8797527626896423 0.8091574502416933
1.3110903624400168 5 0.6136831577760088 0.9056768558951965 0.5865968008825152 0.9087569744241939
0.8981340031965964 3 0.5169577544572012 0.5020242914979757 0.3792172739541161 1.1298219609553124
1.7721075864802565 9 0.5731584064621998 0.7908256880733945 0.5877034358047016 1.0149996699663109
1.7400632513347083 7 0.3656790652649963 0.8501718213058419 0.41115702479338845 1.4480249872346074
1.4383258472799654 6 0.6436416853967094 0.9405034324942791 0.7566742944317315 1.0468200949105118
2.1352292576117655 11 0.7295235694117066 0.8650693568726355 0.6408560311284047 0.9555642077654545
2.2451478720701727 11 0.9227770940211362 0.7318339100346021 0.5001385425325575 1.1763311880379659
2.0395734751446954 9 0.7122793802592041 0.8426197458455523 0.5733076676291305 1.1189674261596638
1.56782298126274 6 0.4066684653190261 0.859082094376212 0.49903038138332256 1.3520990612829045
1.176415899207488 8 0.42146196710351624 0.8989169675090253 0.5380565583634176 1.5388444516157425
2.125779507792187 11 0.6065093241041001 0.8633776091081594 0.6571258199165176 1.278950087762117
1.7045077283240109 7 0.45698964686679194 0.8592833876221498 0.6426292278238672 0.870712997116069
1.0175999861211105 3 1.0314474196564771 0.9142857142857143 0.6516290726817042 0.9260069584321521
0.8313995205030316 3 0.7828075149763997 0.9201161946259986 0.7322682159283467 0.7832184796913711
1.2554783251894204 4 0.5999094512165626 0.924812030075188 0.5654135338345865 0.9530172421768677
1.8724561094188645 8 0.7806573029632143 0.9282576866764275 0.7454061895551257 0.8318959079432859
1.2453655278302587 5 0.41950445813006937 0.7774816788807462 0.49011769931157007 1.398583810885092
0.9624522168049643 4 0.21606971736201086 0.7134146341463414 0.5447154471544715 1.1588928466212964
1.3938375039032918 6 0.5486921647794699 0.8635658914728682 0.7436692506459949 1.164832068408767
1.270596963036478 7 0.5265292528525899 0.8776978417266187 0.7170263788968825 1.1433076106443893
0.23378965871499252 2 0.0936238863686262 0.6702127659574468 0.7335992907801419 1.4299197590001458
-9.999994999180668e-07 1 0.0 1.0 1.0 0.950936929443246
1.431132521967259 6 0.47643388894436206 0.9327510917030568 0.741193595342067 0.7001987117535006
1.4770394048725517 6 0.623202209363334 0.8444444444444444 0.6984749455337691 1.038956129032068
0.7595443914838008 3 0.3903712862322286 0.9492273730684326 0.7211184694628403 0.9650747527549015
1.461467129322024 5 0.6676847786566337 0.9329446064139941 0.6758989310009719 1.131071521150825
0.6019209717449048 3 0.6609435535076628 0.9061277705345502 0.8435462842242504 0.7505138993260485
0.36220855714026556 2 0.3033379120533549 0.7265625 0.4192708333333333 1.4235326874590821
0.7482072115014525 3 0.16965274396043953 0.9227373068432672 0.5261221486387049 1.0094441436247277
0.6770833131473121 3 0.12846981603804314 1.0 0.4444444444444444 0.9419157039946859
0.13579195876860908 2 0.07583447801333873 0.847457627118644 0.6779661016949152 1.209256925270813
0.5526626224971306 2 0.3466718994895485 0.9340028694404591 0.6580583452893353 1.0165615499943392
1.0733806203412612 3 0.8645376790208292 0.8169209431345353 0.6611188164586222 0.95210718303567
0.9840835030884701 3 0.4656898263720593 0.8913857677902621 0.7771535580524345 0.518645475494556
-9.999994999180668e-07 1 0.0 0.8118279569892473 0.6057347670250897 0.9341294751592726
0.8070520675686494 4 0.3836523743027539 0.7022900763358778 0.4677692960135708 1.3558221678462985
0.36220855714026556 2 0.05304139993864953 1.0 1.0 0.6241763795862374
1.2469119542416962 5 0.4315406122055433 0.9201121233356693 0.6788133613641673 1.2315069447944147
1.082192530043434 3 0.758594748250141 0.6866485013623979 0.38419618528610355 1.4556307654775733
0.8974313194732115 5 0.319041699474152 0.8948948948948949 0.8148148148148148 1.3800607488431214
1.7435206749896963 10 0.6189634259681512 0.8114446529080676 0.6104173012488577 1.2979749528829332
1.53125765017331 7 0.817074882641364 0.2 0.06666666666666667 1.4570937640367343
1.6576005929954543 9 0.5191153553990493 0.8859390363815143 0.5136020976728941 1.3616951621693543
1.3605088827635579 5 0.7569872094662939 0.8356164383561644 0.6017250126839168 1.1802735296081088
1.5418277383006125 5 0.6862551619829443 0.8740157480314961 0.6723534558180227 1.2366100112855285
1.3180126651185584 5 0.6423188040174505 0.9456066945606695 0.6321976489340506 1.1486592249107732
1.303087403780619 5 0.7336542563783284 0.8153034300791556 0.6438818565400843 1.175438021063608
1.5956700250689246 6 0.7048983226240387 0.8422818791946308 0.5729306487695749 1.270445566435935
1.7921039128081768 11 0.6762207174137984 0.8757984386089425 0.5562868815251929 1.2296335013953128
2.4302984889919625 13 0.7301787588218469 0.8202516476932294 0.4799281006590773 1.0316188178613672
1.388599867880939 7 0.6476004662635626 0.7814088598402323 0.5158557250060518 1.1985737580316171
2.399939382595834 17 0.6915317953207979 0.737012987012987 0.47477477477477475 1.3893346083685159
2.0083093596633397 9 0.6663279348744667 1.0 0.8928571428571429 1.2986643783437615
1.4947286716172352 6 0.7876229110799847 0.8617543859649123 0.6025730994152046 1.2804623236049382
1.6072574587273496 7 0.47303682974891703 0.8003629764065335 0.4531155474894132 1.3624303603159644
1.36335710238106 6 0.5649152484968307 0.9285714285714286 0.5892857142857143 0.7376678763706853
1.324198282186573 10 0.42095790993035753 0.9722479185938946 0.8291717417783191 0.8390702521734263
-9.999994999180668e-07 1 0.0 0.8381795195954488 0.8053097345132744 0.6477792308474732
0.37676816126100815 2 0.20367003088692623 0.7764876632801161 0.5602322206095791 1.5930706789053974
1.2324012234793282 4 0.47590582599449105 0.953125 0.8385416666666666 1.286650217574859
0.8852848344614438 4 0.7706164147186653 0.6982758620689655 0.5517241379310345 1.6291519072662974
0.8037391073239946 3 0.5835445337786751 0.7395209580838323 0.47904191616766467 1.4738004198571946
1.251151983376565 4 0.5594311516848377 0.877488514548239 0.742215416028586 1.317105691926956
2.017737072864471 9 0.7331244004138088 0.8104956268221575 0.3302598491198659 1.3240846652937914
1.1525596161776308 5 0.5451992023371712 1.0 0.7498910675381264 1.2748153037693755
0.6492463548730875 2 0.14986973510352247 1.0 0.8333333333333334 0.6830127018922182
1.4770394048725515 6 0.5998611114719292 0.9930747922437673 0.976915974145891 1.2135756845421886
1.3816746130565478 6 0.5440673025656896 0.8868471953578336 0.7998065764023211 0.8311496471380977
1.2702221251794057 6 0.4887921932613292 0.9311377245508982 0.7275449101796407 1.2200822488617915
0.848682557733917 3 0.3229338162635712 0.6338028169014085 0.19599303135888502 1.7052101588651387
0.9586888593311804 3 0.506249047095527 0.9 0.5566666666666666 1.0880306518227465
0.45055920886990464 2 0.09984263517863441 0.8496732026143791 0.6601307189542484 1.4191149771265328
1.5595741563008767 7 0.8653450509532638 0.9178082191780822 0.7866666666666666 1.2128141415680567
1.0541484094729752 4 0.9178112594909873 0.8962722852512156 0.637493246893571 1.0125450698303637
0.7194738101578686 4 0.4175633232705171 0.8900732844770153 0.7088607594936709 1.1410880256802376
0.562333144621475 2 0.8146801235477048 0.8066666666666666 0.6097777777777778 1.2760328605907532
0.562333144621475 2 0.8146801235477048 0.8808510638297873 0.6931442080378251 1.0814511325590503
-9.999994999180668e-07 1 0.0 1.0 1.0 0.34967936855888543
1.0805800221630848 4 0.5732579520642307 0.8672945205479452 0.6766552511415526 0.9717086098154386
0.9368853075459159 3 0.6066758241067098 0.8116591928251121 0.5560538116591929 0.8952378477129321
0.8192269997152338 3 0.38795356463877373 0.8337408312958435 0.5281173594132029 1.3528066177095963
0.8993275357044113 5 0.30682756954582496 0.6582952815829528 0.654490106544901 1.7157026482464706
1.0271723091878753 3 0.6153848438832644 0.8746642793196061 0.5998209489704566 1.1043780854697307
1.2281018514812791 4 0.7409001147938536 0.879746835443038 0.6176160337552743 1.1078362687873924
0.9002530512753368 3 0.4679093850636046 0.6417322834645669 0.30446194225721784 1.3888539078029176
0.6019209717449048 3 0.2749352062975749 0.7597503900156006 0.43941757670306814 1.2361175287746682
0.6365121682970628 2 0.10608279987729906 0.912 0.36533333333333334 1.7888152916168345
1.3130055920611063 5 0.4369353112561115 0.8403225806451613 0.5419354838709678 1.4038668072843328
1.162695833512044 4 0.490042647220976 0.8294036061026352 0.5700416088765603 1.0920660861415759
1.2337320151871374 6 0.46230535629887515 0.918918918918919 0.6171171171171171 1.3887664092610414
1.5665520795615715 7 0.4248733559018385 0.889790398918188 0.6384944782510705 1.3210595574392598
1.4870334658590993 6 0.5454939612041432 0.7434052757793765 0.5782041033839594 1.2536232484464833
1.2764545989953933 5 0.6912806239823186 0.845580404685836 0.6116435924742634 1.1237748124029538
0.7356189397674613 3 0.3235604395235786 0.8756302521008403 0.6728291316526611 0.905577514784314
1.5110811760905445 5 0.6916967750495491 0.7496723460026212 0.5513324595893403 1.0704417789087801
1.2559725038747749 6 0.637608871800056 0.8658442559753277 0.446520776985493 1.238845164414501
1.3050923719579406 4 0.6599698006770442 0.7334360554699538 0.41602465331278893 1.1637508476710925
1.245535891313868 6 0.47035374628997617 0.7060301507537688 0.4886934673366834 1.3109502893158087
1.3451489218761268 4 0.5949930650733383 0.7701564380264742 0.4941837144003209 1.153297661111525
1.1034289096530807 4 0.6405028958904427 0.9067524115755627 0.5691318327974276 1.2027288794611846
0.6615612381601154 2 0.17333594974477423 0.9469026548672567 0.7020648967551623 1.0766779279474767
0.8359343644979985 3 0.8129653080380054 0.9056356487549148 0.6644823066841415 0.9998337203691401
0.9256979111429664 4 0.525181031893198 0.7947019867549668 0.45165562913907287 1.3216236994103887
0.9007213623751444 3 0.647153718605514 0.928928928928929 0.7337337337337337 0.9204549269388091
1.0549171679911442 3 0.5932379252043698 0.938337801608579 0.805183199285076 0.8484357454700934
0.8234516496340567 3 0.40953081094079674 0.9675675675675676 0.8303303303303303 0.758530633883619
-9.999994999180668e-07 1 0.0 0.9875259875259875 0.7574497574497574 0.7920722118273457
0.465997256964483 2 0.3033379120533549 0.8125 0.7291666666666666 0.8585395959466608
1.082192530043434 3 0.8321251515464253 0.8231292517006803 0.562358276643991 1.0998288413896573
1.1034289096530807 4 0.6565618853906959 0.8852173913043478 0.6202898550724638 0.9917560592082469
1.1274782350206984 5 0.5723812991676053 0.7538940809968847 0.5628245067497404 1.215416206768621
0.8304687124458194 3 0.6907074054984298 0.8641618497109826 0.615606936416185 1.3517668348711138
1.0608539471628964 3 0.4550068680800324 0.9011627906976745 0.5794573643410853 1.0389106490995679
0.47413731306119833 2 0.48534065928536785 0.7640449438202247 0.651685393258427 0.919052523142477
1.153737942712465 4 0.9838023123644075 0.875 0.4473684210526316 1.1715499581796411
1.3316552868451748 5 0.5910335280152359 0.6976744186046512 0.35125968992248063 1.4756553961455647
0.8264013223146565 4 0.4285958829983858 0.9087136929460581 0.7063162747810051 0.9134264298309844
1.2554783251894204 4 0.5628630581158292 0.8951310861423221 0.6685393258426966 1.0631330395582743
1.1763840703738286 4 0.5313760387749921 0.9240759240759241 0.5238095238095238 0.9521941453025197
1.1763840703738286 4 0.5313760387749921 0.9240759240759241 0.5238095238095238 0.9521941453025197
0.9470541522889971 3 0.6795031946462006 0.9563636363636364 0.7575757575757576 0.9554366379159065
0.6019209717449048 3 0.31682501742271185 0.801056338028169 0.7124413145539906 1.2803944582200184
1.082192530043434 3 0.5224827128681683 0.9341317365269461 0.7405189620758483 1.1427628218529218
0.9002530512753368 3 0.4606928613841045 0.8184523809523809 0.4226190476190476 1.6677686290710023
0.8815292611983065 3 0.5984956458211536 0.7389984825493171 0.37632776934749623 1.2414186189634862
0.37676816126100815 2 0.1617802197617893 0.9730392156862745 0.5441176470588235 1.0806823915851371
1.2580204180001746 4 0.8882020571419923 0.6875631951466128 0.46275699359622513 1.0524237862061927
1.4796520939634255 5 0.527541395849312 0.8073298429319372 0.5095986038394416 1.0345840497354195
1.4648113849073128 5 0.7609913643710351 0.7950138504155124 0.6020313942751616 1.5270994222496146
1.2324012234793285 4 0.774836449322209 0.8701923076923077 0.5363247863247863 0.9921864673925967
1.3862903611278907 4 1.382747396859189 0.9 0.4888888888888889 1.5374785217660736
0.9554431414136644 4 0.6834576905143568 0.6448598130841121 0.45898234683281414 1.682009729925528
1.725088715979263 6 0.8972895384940187 0.8249158249158249 0.48191027496382055 1.3580093155918238
1.3689183607484692 4 0.6003613658871474 0.7831978319783198 0.46883468834688347 1.2655023531194962
0.3250809733970037 2 0.3394500514782104 0.8341013824884793 0.3302611367127496 1.6756591119092772
1.538731951576843 7 0.5726805078515483 0.7390572390572391 0.4231674208144796 1.1162564715472463
0.873897414276215 3 0.45500686808003243 0.7492211838006231 0.6121495327102804 0.7773760504437678
1.5068763489075567 7 0.6579125180650418 0.7 0.3172043010752688 1.4091167563965452
1.981324514763983 8 0.8522387140725337 0.7267441860465116 0.3327693175408911 1.2070674176692138
1.4013876466272654 5 0.7405458382558051 0.8834688346883469 0.6074977416440831 1.4123809036468495
0.6210843745575724 2 0.4044505494044733 0.9318181818181818 0.8446969696969697 0.8430811771526009
0.8941775800632705 7 0.36730334189452857 0.69296833064949 0.4140721196130167 1.6195474629735573
1.2123098802805643 4 0.5952453737148725 0.7752100840336135 0.5147058823529411 0.9887617088485279
1.2607288615377252 5 0.7171005313692684 0.8126501200960768 0.5695222844942621 1.0739747172357408
1.4614671293220243 5 0.963438948456283 0.7882513661202186 0.4949908925318761 1.0937779785771364
1.0242851955307495 4 0.5975195456836679 0.7956381260096931 0.5751211631663974 1.0051074323130798
1.3704983899271759 4 0.5952051694789576 0.875195007800312 0.5143005720228809 1.036534093734821
1.4904741581613166 6 0.7162170070789052 0.8395860284605433 0.5442000862440707 1.189874867385344
0.8838716262904258 4 0.5266770993965216 0.9064558629776021 0.642675698560542 1.0270461657844725
0.4563314323118595 3 0.17718582664649601 0.9664634146341463 0.8760162601626016 0.7282810640646457
1.1205421688116504 4 0.5700630314832793 0.8153564899451554 0.4914686166971359 1.2165823699708125
1.4284468368208367 5 0.3709277606924288 0.8432708688245315 0.45258375922771155 1.5072927220934653
1.0986092886726095 3 1.0921642614046831 0.8526912181303116 0.5382436260623229 1.2482797008784463
0.7298399194925769 3 0.4282417581929717 0.8474114441416893 0.5440508628519528 1.215221882055871
1.4426236142407987 6 0.4158988226552208 0.8781700646444555 0.639648599370131 0.8443738007641624
1.606704184308466 7 0.5468120414056101 0.8833461243284727 0.7656689690457917 0.8049088578690015
0.6210843745575724 2 0.3960424528752498 0.6785079928952042 0.48016577856719955 1.6684194172820828
1.5651838956088042 9 0.5166075113920493 0.8788167938931297 0.7585877862595419 0.7484426642965658
1.3208843431586557 4 0.6275102503697634 0.6127247579529738 0.4467496542185339 0.9988167015854028
1.2283063521749178 4 0.8242502137392711 0.8412121212121212 0.6856565656565656 0.7406856205107468
0.8550050929358425 3 0.24270315531645778 0.9270913277052955 0.8715784088002047 0.6940266100037863
0.9002530512753368 3 0.6471208790471573 0.8896457765667575 0.5821980018165305 1.1151393468548445
1.4320074921930153 5 0.6327030401101493 0.8064516129032258 0.7032258064516129 1.7362332373807432
0.9499949476361365 4 0.4637200601514037 0.9197795468462951 0.7617881200244948 0.877085246299106
0.6236603064956592 3 0.4068412607156843 0.8277511961722488 0.7444976076555024 0.8013492539866289
1.073499017567149 3 0.8949576740668509 0.8568840579710145 0.6370772946859904 0.9682272463168684
1.2996459635728974 5 0.7018194075662662 0.8046767537826685 0.4465841357175607 1.6336714109744608
1.251151983376565 4 0.6189165683906108 0.9804560260586319 0.6205211726384365 1.062540401965161
0.8313995205030316 3 0.8089010988089467 0.8568840579710145 0.5422705314009661 0.9943397827660532
1.331655286845175 5 0.7907042755269617 0.7170111287758346 0.4260731319554849 1.1597952166281134
0.8313995205030316 3 0.8089010988089467 0.9364791288566243 0.558983666061706 0.9813329345184431
0.23378965871499252 2 0.10657403385139377 0.931640625 0.8046875 1.245537751223559
1.3426447384529887 4 0.5797213694679006 0.7419354838709677 0.52389486260454 1.1412898439553054
1.5130879164174833 5 0.665448914313402 0.9009803921568628 0.5837245696400626 0.9536211781804198
1.1573692982344563 4 0.8118013567040082 0.8591117917304747 0.5834609494640123 1.0243371499273302
1.008765523641566 4 0.5524255169850307 0.9200343938091143 0.8082545141874462 0.819585953804514
0.6931451805619453 2 0.5662307691662626 1.0 0.8092328581126952 0.9782275265579001
1.351966380394613 4 0.5336545474552421 0.9201228878648233 0.8120839733742959 0.859175022305522
1.1963646552134861 4 0.4500040380903007 0.8253275109170306 0.7280931586608442 1.4315617936377085
0.774308244508462 3 0.5320231870897411 0.8395967002749771 0.5600366636113657 0.9164133543827213
0.4634105588430012 3 0.3168250174227119 0.7705696202531646 0.45516877637130804 1.4156378116488053
1.5247013930572264 6 0.6551830728007428 0.859402460456942 0.5937321937321938 1.1881905283668563
0.45055920886990464 2 0.24267032964268392 0.9601449275362319 0.7137681159420289 0.8411960260293284
0.9840835030884703 3 0.5501052904834545 0.8340486409155937 0.6914639961850262 0.8818362772349155
0.5763321277593284 2 0.13481684980149108 0.9432624113475178 0.8289992119779354 0.8400825494204569
2.3756345482234975 12 0.7686505466575035 0.8672286617492097 0.6891669410602568 1.0134987439204957
0.9485825316612628 5 0.3393500386077807 0.8806875631951466 0.6117290192113246 1.0451799926207144
0.9033788557213398 5 0.3404753167032863 0.9415121255349501 0.6188777936281502 1.3280030415682869
0.16794214774719357 2 0.03536093329243302 1.0 0.7256455399061033 1.2508410440681452
1.4975078733668459 7 0.4175146435842408 0.9358333333333333 0.7525 1.1483195198014746
1.4120063364256445 5 0.418869428772705 0.9528795811518325 0.8316412859560067 0.5591889637448967
0.6816052691015522 5 0.3867998511655422 0.7341772151898734 0.6371202663337495 1.206166948398053
1.7143329120939559 7 0.9435764772506136 0.8784246575342466 0.6655251141552512 1.1262641701428973
1.6618711419212981 6 0.6901386067562281 0.8865306122448979 0.6895238095238095 1.0548524113967241
1.6527559744954232 6 0.5327436443134219 0.9835766423357665 0.8205596107055961 0.9329715146821751
1.4890265416245314 6 0.7393575366061548 0.7688603531300161 0.5569823434991974 1.3765596040297594
1.3107796781094638 4 0.7505329921965798 0.8110236220472441 0.6115485564304461 1.1991901462363688
1.3355971336783399 6 0.6091502587068507 0.801058201058201 0.5908289241622575 1.147137804700919
1.6582969339887363 10 0.5303496939279883 0.7447869446962828 0.531542699724518 1.400714930378953
1.0986072886928595 5 0.6360861694998089 0.7394495412844037 0.3643542019176537 1.4878219956140983
1.8438544379932413 7 0.6327122472812557 0.9217731421121251 0.4780380673499268 1.1971289003252479
1.8151298879620545 9 0.6595120741657218 0.8902439024390244 0.41112922951487973 1.2860144587544622
1.162695833512044 4 0.22780101317521773 0.8745098039215686 0.7803921568627451 0.9020230513857971
1.082192530043434 3 0.6957600315624356 0.8119777158774373 0.6555246053853296 1.0298010378250506
0.5783222866734842 3 0.24398205389514288 0.9272237196765498 0.784366576819407 0.9928752585545041
1.0710138890401815 4 0.6307545028290529 0.921875 0.8645833333333334 0.7270549762175635
1.3027933950907093 6 0.5123186588047536 0.9114391143911439 0.7640836408364083 1.0464711418907107
1.8364143868017586 8 0.6225676978773694 0.8095890410958904 0.4365296803652968 1.388873991930834
1.0947637527445333 4 0.5452029153824814 0.8494094488188977 0.645997375328084 1.1495930791274247
0.37676816126100815 2 0.17333594974477423 1.0 1.0 0.3657837607641697
1.7289434648321818 8 0.8049195451273943 0.8909329829172142 0.642137538326763 1.1778595344829537
0.6837359058583963 3 0.2541641324682131 1.0 0.9614906832298137 0.5635934078606653
0.6019209717449048 3 0.37269980613019704 0.9282814614343707 0.7532701849345963 1.0585605529097075
0.9743117528756828 3 0.7927756201261384 0.8681318681318682 0.6785714285714286 1.147164297520294
0.9002530512753368 3 0.4044505494044733 0.8914518317503393 0.696969696969697 0.9681081470192838
1.3320791195988875 4 0.574968254379732 0.8807106598984772 0.6895093062605753 1.2434202069752949
1.023925799644203 3 0.6795031946462005 0.8565737051792829 0.6945551128818062 1.0562014749389588
1.3778155080471581 4 0.6024661852936682 0.8595600676818951 0.6785109983079526 0.9009055169632568
1.251151983376565 4 1.025145648905106 0.8818737270875764 0.6211812627291242 1.0415088018342193
1.1432712062088137 4 0.5595725817736332 0.8372549019607843 0.6562091503267974 1.1060209949751951
0.9554431414136644 4 0.5486094907786842 0.8507670850767085 0.6612096407457936 0.798341260254563
0.5982675885877072 2 0.4044505494044732 0.9272727272727272 0.7737373737373737 0.9221122309852983
2.05908757437712 12 0.4928709508602862 0.9736842105263158 0.956140350877193 0.7956646611047374
1.2589078871120034 6 0.7700497448101318 0.7868185516680228 0.5774342283699485 1.1619260082445984
1.1635999156175196 6 0.3655281145121652 0.7394658753709199 0.39564787339268054 1.4644670993804536
0.7214606867021781 3 0.7387221564183651 0.3333333333333333 0.1111111111111111 1.9052349241144413
1.7671879978245744 7 0.7735146136628556 0.0 -0.6666666666666666 3.443375672974064
2.0253182208050675 8 0.8093955957908702 0.8227848101265823 0.3269230769230769 1.5657374755881694
2.222492133524714 12 1.0327640747435856 0.9 0.7666666666666667 0.9316987298107783
1.6286445191258274 8 1.067251357746327 0.9 0.8666666666666667 1.6728844493157737
1.6978680368256447 7 0.7069808111150306 0.9118329466357309 0.7981438515081206 1.1084036460749411
1.6769807743644167 7 0.7038613169117566 1.0 0.6666666666666666 2.455341801261479
1.7042365935814314 7 0.7547078866617547 0.7391304347826086 0.4859154929577465 1.0677558572094101
2.019147357059377 10 0.9538683946117116 0.9347826086956522 0.8333333333333334 1.3710444736766534
