1.1806924403768844 4 0.4392902590106796 0.6768802228412256 0.23454699407281965 1.1711690061289355
1.1942686843595642 4 0.6358227157816116 0.8825831702544031 0.34752891692954785 1.2873806018234595
1.222261923566135 5 0.5722941050964411 0.49175824175824173 0.27846674182638104 1.2191606896529081
1.2367880008196712 5 0.47167383538459096 0.6959706959706959 0.32526621490803487 0.9857144174425099
0.37676816126100815 2 0.27888145520872704 0.6797583081570997 0.41472868217054265 1.2302416908932121
0.6615612381601154 2 0.27888145520872704 0.3548387096774194 0.23102310231023102 1.103294081885392
0.8815292611983065 3 0.6115518505884786 0.40384615384615385 0.07565337001375516 1.2600102079571653
1.709264364438243 7 0.7563553643176754 0.7002053388090349 0.3236009732360097 1.0938688265877137
1.325825508278714 7 0.43867764258298847 0.5129151291512916 0.2246309963099631 1.0842409651405993
1.3364702142826346 7 0.59948393426212 0.7003436426116838 0.30446058091286304 1.5076187852881726
0.8924920391310609 4 0.2900799860703782 0.496551724137931 0.16818340917045851 1.7518190378144554
1.4253298164231512 6 0.6208034902872046 0.7336814621409922 0.32850404312668463 1.1198856798487138
1.544376980931289 5 0.4175275637165359 0.7003484320557491 0.42626953125 0.9891854506840256
1.2999080688602793 5 0.5763339614763927 0.7191455696202531 0.19216020451640392 1.4290454908122436
1.1803005570082867 4 0.34233302527047554 0.5132496513249651 0.05750798722044728 1.3582169356159834
1.0733806203412612 3 0.5985603882989833 0.7621527777777778 0.20631881282910483 1.4874349341722133
0.8305206914932463 3 0.21555535850055912 0.5193687230989957 0.19028819581523884 1.124907523426008
1.1973325916199458 5 0.4497112905371661 0.6675105485232068 0.2978142076502732 1.2497143347624726
0.68531220727849 2 0.32536169774351487 0.5285053929121726 0.2944758590691605 1.3858641073208455
1.3156076748560521 6 0.4041755909135386 0.59375 0.3 1.2266291375848344
1.488149796652518 6 0.5547767621605507 0.6838365896980462 0.19624967891086564 1.2735356183529767
1.14905569698277 4 0.7165790954223983 0.6502890173410405 0.2796242774566474 1.0403607201077196
1.2816270499443367 7 0.7876554968360151 0.7315340909090909 0.18244219653179192 1.6824746055568847
0.9180419180850247 4 0.5388647740142891 0.4493333333333333 0.16040462427745664 1.2313585946676457
0.562333144621475 2 0.3904340372922179 0.6013513513513513 0.1851074986890404 0.959890525780161
1.153737942712465 4 0.4476606282941571 0.6136363636363636 0.313953488372093 1.1478072903995737
1.0397177708449181 3 0.8922621931662293 0.6531531531531531 0.13817330210772832 1.3791145473463906
1.283168648026101 4 0.44547392007032444 0.4954954954954955 0.17974683544303796 1.5927191342184817
1.7868013400192388 7 0.5258238171324877 0.781651376146789 0.35409342039176295 1.226154596383691
1.0751353240202306 4 0.5010546847157807 0.9390862944162437 0.24442943956785956 1.5521874847910646
0.37676816126100815 2 0.2602893581948119 0.9477351916376306 0.24454392837157246 1.227018629851257
0.8082669580111548 3 0.24273555772255156 0.9041731066460588 0.48674242424242425 0.9271157107028106
0.8305206914932463 3 0.2936155383122789 0.6770691994572592 0.16844821231109472 1.8786777450336485
2.003060991122665 9 0.4997162169337732 0.6910569105691057 0.4901098901098901 0.7873700421481703
1.2965723938550786 5 0.430449091678085 0.7477403451109285 0.21191319751992915 1.233858852943292
1.2130035659909044 4 0.46194517522775314 0.7095588235294118 0.1702127659574468 1.3735464929108823
0.9507449270676422 4 0.3438296920211395 0.7203389830508474 0.15347826086956523 1.467223280637272
1.0195735101392425 6 0.3183967949671879 0.6319218241042345 0.21892189218921893 1.5638996893832953
1.162695833512044 4 0.5400106504197456 0.7097378277153558 0.16151685393258428 1.6095489134936487
0.562333144621475 2 0.43190666508742226 1.0 0.25 1.7835997871546792
1.5242816928787146 6 0.6385554913170539 0.5061728395061729 0.13679959616355375 0.9876495179348588
1.64621855385587 6 0.5973292854430591 0.3333333333333333 0.16666666666666666 1.6536055616447165
1.2281018514812791 4 0.7111304184317654 0 0 0
0.92761433433364 3 0.4041035218326629 0.59472049689441 0.17184176945980434 0.9407395063938707
1.043788880870876 5 0.7030027952009895 0.6339113680154143 0.33579881656804733 0.9101496653861805
0.562333144621475 2 0.2671062661546669 0.958041958041958 0.1958041958041958 1.3135012005951743
0.9743117528756828 3 0.3006725336242094 0.6042402826855123 0.5441176470588235 1.656986843723834
1.1034289096530807 4 0.5870698690576945 0.6124401913875598 0.28131680205215903 1.371043658776729
0.9002530512753368 3 0.6736295393752589 0.7444444444444445 0.38222222222222224 1.4152914885051213
1.162695833512044 4 0.49876031712667857 0.7230769230769231 0.28721804511278193 1.1677697110372764
1.4226250262260236 5 0.6931404503573744 0.5950266429840142 0.301090564248459 1.1923169557396205
1.2271996049223424 5 0.6288953156491488 0.5142024763292061 0.2901531728665208 1.2078294104601632
0.7298399194925768 3 0.22435301519511217 0.7297297297297297 0.23569157392686804 1.8738068076998522
1.2865082428530115 6 0.5127976299751608 0.6645718774548312 0.1867195242814668 1.5397175733358184
1.315303782357866 5 0.622829557797011 0.7954110898661568 0.3344191096634093 1.1028765878366984
1.2564162260781837 5 0.353692138108473 0.6108597285067874 0.05900027314941273 1.3870850340447747
1.0302161476663259 5 0.4144953191527095 0.5252416756176155 0.07303974221267455 1.9727920529391247
0.9798163223261882 4 0.40258259858261175 0.5568862275449101 0.1927027027027027 1.2171343330778763
1.1761578051009935 4 0.35068600217920276 0.706959706959707 0.22328042328042327 1.4432197648386988
1.331655286845175 5 0.47845507724494596 0.7320644216691069 0.3309120258272801 1.1567814662735698
1.3647143751635504 5 0.7020783128479685 0.7419354838709677 0.29048140043763676 1.2620837383227144
1.2342409455896624 4 0.6654910590298186 0.6671368124118476 0.3547249647390691 1.040673194590003
0.9743117528756828 3 0.5078296833412987 0.8706199460916442 0.34885439763488546 1.131819137196872
0.6057954993747123 2 0.12201063665381809 0.7241992882562278 0.3561710398445092 1.220259830560667
0.9269025594249207 5 0.47938272028178663 0.7490445859872611 0.20605095541401275 1.6392678241481746
1.645909830058834 7 0.41803253596307904 0.9229607250755287 0.3360655737704918 1.3813809721175943
1.1140475994514598 4 0.44993848097152084 0.6974935177182369 0.2443820224719101 1.7010146927608607
1.2996459635728974 5 0.41136307072326933 0.5735294117647058 0.22923010004349717 1.3147159331054532
1.8199351476166763 9 0.5109194367488107 0.75049115913556 0.27995152354570635 1.4566287807355567
0.9426719615709955 3 0.24434402449714115 0.7198515769944341 0.2537105751391466 1.1487244640471077
1.3295957678855173 5 0.6296159140104671 0.8362183754993342 0.3810327370907864 1.265921589186119
0.8313995205030317 3 0.2932128293965694 0.7125256673511293 0.2807203389830508 1.6000453522788702
0.9794742656146667 4 0.48522597898500375 0.6008230452674898 0.18225039619651348 1.290973014083759
1.1573692982344566 4 0.6830178067337405 0.7018739352640545 0.30594405594405594 1.653826460555628
1.4201114367096959 5 0.6248420399539008 0.4788273615635179 0.20448307410795974 1.4172588165857276
1.137796145878902 5 0.4996218728277754 0.81217277486911 0.39070680628272253 1.4297851338242562
1.331655286845175 5 0.508405167309587 0.593245227606461 0.24408783783783783 1.1801907201941102
1.5595741563008767 7 0.5625967136123153 0.4896836313617607 0.15600568585643212 1.5250206918409064
1.7736668072175452 8 0.5956012961632271 0.48713235294117646 0.2787046123650638 1.485057378761184
1.2286679424395899 4 0.5359371831796309 0.6900913562895291 0.1452252252252252 1.6439368513385126
1.5229500675463181 5 0.619756640409542 0.7916666666666666 0.44565217391304346 1.0434785252588088
0.9368853075459159 3 0.49431843808571074 0.6870026525198939 0.15569709837225762 1.444525409129198
1.5362455465889777 7 0.6345263892693994 0.5963360707517372 0.39050621175598 0.9862697898288774
1.3870411963550762 6 0.6176201235633275 0.686013986013986 0.3314390095392734 1.283650982676425
0.8647370965378594 3 0.30205952510797573 0.7491749174917491 0.1605461393596987 1.264028918385163
1.4287631203534064 6 0.5753588922505652 0.6461748633879781 0.22527472527472528 1.043416638601226
1.0397177708449181 3 0.566817850894226 0.5577956989247311 0.19027565084226647 1.118548091448766
1.3421207227714134 5 0.38548201485886874 0.8111888111888111 0.27982326951399117 1.0698462730066003
1.6002591066117162 7 0.4727973047760175 0.6485355648535565 0.322962154294032 1.3803341313942568
1.2763562855105708 6 0.38039173587180436 0.6410256410256411 0.15584415584415584 1.7924583110488927
0.8260611866360109 4 0.2602388374486656 0.7331786542923434 0.18406351073213761 1.4722987814086963
1.1109999958216166 5 0.37255774079314347 0.5885596140592695 0.2194868238557559 1.6922116660829052
1.0735388464213231 4 0.49935118622489744 0.74375 0.4391662627241881 1.1718186237290003
1.0336965498709902 4 0.4253459497816549 0.6114285714285714 0.24342857142857144 1.3665148652944683
1.4469309529079644 6 0.5455092622647857 0.6264274061990212 0.1879133409350057 1.4010443550370877
1.6357364952699969 7 0.6388281094450583 0.6053130929791272 0.17789373814041745 1.2317767751667181
0.7858148373693892 5 0.2802431621040814 0.7600314712824547 0.3278522641032128 1.2933770637872577
1.331655286845175 5 0.8530270603449154 0.6081424936386769 0.15114503816793892 1.1791618734744278
1.276714704799067 5 0.6672249156982502 0.734375 0.3330965909090909 1.2031845884779542
1.5110811760905445 5 0.8473410910031074 0.6218487394957983 0.44319526627218936 1.75073016440035
0.9507449270676422 4 0.3650004124025104 0.5626631853785901 0.2193211488250653 1.2062507043290709
1.35457707522167 4 0.6017775508751338 0.7979094076655052 0.2222222222222222 1.2161204530229268
0.9586888593311804 3 0.29096543093875543 0.8028169014084507 0.1378012048192771 1.5718222703236977
1.8080377196319966 8 0.9292802722452821 0.6038781163434903 0.2226750648388292 1.0921348561734416
1.3574142992588134 7 0.4546725736585272 0.6754270696452037 0.23299419826788867 1.6096940858175832
0.9470541522889973 3 0.4366731717968199 0.5603864734299517 0.15483234714003946 1.0060033418169252
1.3421207227714134 5 0.5695535052224073 0.6788432267884322 0.1894291754756871 1.4783310532091558
1.082192530043434 3 0.25844300242875995 0.872791519434629 0.27794263105835804 1.5920991682173553
1.2123098802805643 4 0.48782968232759455 0.6885676741130092 0.24605781865965834 1.5784453047278872
0.6869595765993484 2 0.12597277731716483 0.6507352941176471 0.19117647058823528 1.6360794537337053
0.6365121682970628 2 0.3660319099614543 0.356 0.18224852071005918 0.9871212335987228
1.439185645405426 5 0.5679229882172997 0.4018018018018018 0.1744982868330886 1.667438856698897
1.5268731472912596 5 0.657560324787417 0.5365517241379311 0.17000392618767177 1.1580275590932159
1.541970432790634 6 0.6057157402628947 0.7113884555382215 0.23556942277691106 1.403956710405709
0.5297041990605473 2 0.10579040124954528 0.6950067476383266 0.1987179487179487 1.4214102921725107
1.0397177708449181 3 0.9928208038183804 0.43373493975903615 0.09902597402597403 1.1223971728169697
0.4293210219344571 2 0.20200991067907437 0.35315315315315315 0.07612781954887218 1.4666737593405155
0.2711873730488856 2 0.20200991067907437 0.3856893542757417 0.2179144385026738 1.5366877573962983
0.37676816126100815 2 0.11989578808281798 0.6948051948051948 0.2840909090909091 1.7255046300695156
0.9976473375660755 4 0.39341728783332075 0.6818526955201215 0.2617397998460354 1.3504658317286884
0.8037391073239946 3 0.46459547314140937 0.8857142857142857 0.2914485165794066 1.2675418885812952
0.982110595073432 5 0.3800801921296362 0.4084124830393487 0.06502216664772081 1.681484173831702
1.2130035659909042 4 0.3288836511062983 0.739010989010989 0.2529411764705882 1.8479258478673473
1.2130035659909044 4 0.38657376910116853 0.8591549295774648 0.23380281690140844 1.2057188977995754
0.9002530512753368 3 0.595992581273406 0.5 0.2594594594594595 1.4256451366826992
1.3208833431716553 5 0.702367925258412 0.8349788434414669 0.3117408906882591 2.0174648193122753
1.299736799566753 5 0.28277498684739055 0.7205882352941176 0.472809667673716 1.2134542275085571
1.641728712210896 6 0.759949701383338 0.7966101694915254 0.20871559633027523 0.9592640873027464
1.023925799644203 3 0.7228633246417837 0.65 0.4368061485909479 1.0998908906635778
0.9737488448875713 3 0.6281145140746707 0.63420245398773 0.24808988764044942 1.1795294378128127
0.8815292611983065 3 0.523925858507191 0.5603305785123966 0.15654205607476634 1.254931859025856
1.4787465246662288 5 0.7188863717758284 0.6761619190404797 0.28424265547500954 1.5861811270891992
0.7529716827772218 3 0.3466265172105658 0.7777777777777778 0.3888888888888889 1.808644887004659
1.2622381675143337 5 0.3705497479544132 0.859375 0.44921875 1.513689313152691
0.45055920886990464 2 0.10899617098437998 0.7030075187969925 0.25093984962406013 1.3631012650020289
1.1803005570082867 4 0.5782232322567403 0.6082474226804123 0.13896457765667575 1.5477900546822216
0.7214606867021781 3 0.3407579151806805 0.9836065573770492 0.24180327868852458 2.6152215004126904
-9.999994999180668e-07 1 0.0 0.5072463768115942 -0.007246376811594203 1.6431066036664077
1.534133464007767 8 0.7481988457927072 0.700374531835206 0.29784537389100124 1.2157123798694756
1.374128834133517 6 0.4939798792968055 0.653692614770459 0.18339193941033272 1.3581870182551852
0.562333144621475 2 0.4400709136648139 0.34782608695652173 0.10591603053435114 1.0764566572833971
1.0397177708449181 3 0.5357537196504695 0.5028571428571429 0.06 1.4605383435956918
1.4941701383046417 5 0.5803983674620152 0.638121546961326 0.1655960028551035 1.6117402392221483
1.3208843431586554 4 0.5151526830390237 0.574468085106383 0.18617021276595744 1.6165795228110662
0.5297041990605473 2 0.29973947020704494 0.8076923076923077 0.4271978021978022 1.6578362004906284
1.4201114367096959 5 0.475386635413507 0.6367239101717305 0.15503875968992248 0.7327664084987332
0.37676816126100815 2 0.11989578808281798 0.8436268068331143 0.1948094612352168 2.244080906306283
0.9554431414136643 4 0.36852820489158306 0.7021276595744681 0.35390591281829953 1.2681978856472345
0.7214606867021781 3 0.2728848653236522 0.6259398496240601 0.19078947368421054 2.1526122348731627
1.0699133418346678 4 0.6524893728902729 0.6521145975443383 0.2238003838771593 1.40871536800007
0.7864275900297811 4 0.2803505952762624 0.7580534612748457 0.227553118574366 1.7321418828320694
1.1432712062088137 4 0.4635730988052483 0.36384439359267734 0.06807780320366133 1.6684359631983838
1.162221544934567 4 0.6007998867835848 0.5047021943573667 0.3166144200626959 1.8137960897865875
1.3664214949572275 4 0.5582016879140994 0.45813586097946285 0.1577834179357022 1.4156822433959193
1.4161346803785861 5 0.7717726589419547 0.6107871720116618 0.25203252032520324 0.9240067732279009
0.8305206914932463 3 0.3798146228119145 0.7119476268412439 0.14852700490998363 1.7754554278647934
1.4798434184951597 5 0.6102261463163794 0.6294871794871795 0.2113022113022113 1.0196626874884467
1.0336965498709902 4 0.5004124482340416 0.6113602391629297 0.22683109118086697 1.658630807695749
1.103428909653081 4 0.7926062523272003 0.5437710437710438 0.14898989898989898 1.8490561236742598
0.8222613373494543 4 0.31702464484427345 0.6415868673050615 0.0619015047879617 1.8585659664748064
0.37676816126100815 2 0.08563984863058427 0.850415512465374 0.31024930747922436 1.46741969864495
1.494170138304642 5 0.7548239756470192 0.65625 0.4031372549019608 0.9558755227045027
1.218191072429304 4 0.45008442813312494 0.7365591397849462 0.20835482207323364 1.4237096776071332
1.1407161964286858 4 0.3473021696178803 0.6875 0.19642857142857142 1.6917814198807457
1.5229500675463181 5 0.7981883316454729 0.6 0.17913832199546487 1.4611569274286824
1.871628367330613 11 0.6030999769649212 0.5727272727272728 0.1743359521137299 1.550613061287442
1.3246616106700748 7 0.5139175300855159 0.6472527472527473 0.2984485190409027 1.3486047271510997
1.3862903611278907 4 0.7914310682972493 0.7411444141689373 0.39321789321789324 1.5984837800474512
1.5158768933865798 7 0.4516792807066813 0.711395101171459 0.24217907227615965 1.7067950111203931
1.3268886935763162 5 0.4227597421123596 0.6253469010175763 0.3133672525439408 1.7014803277295463
1.1269093936487378 4 0.46109394253201913 0.6474025974025974 0.27611090011393846 1.1908800046409878
1.5154721246386058 7 0.46398375061214625 0.6708860759493671 0.32564575645756455 1.0809653888631834
1.5767197918469993 9 0.5103234475821302 0.5436507936507936 0.2418191902384914 1.5200057726448695
1.667454933468628 7 0.6007661682177108 0.7158469945355191 0.2703081232492997 1.060845084922352
1.8407396333352268 9 0.5368866235446713 0.7656765676567657 0.37089618456078083 1.2619630061452862
1.440228749736266 6 0.5752315722869586 0.7835051546391752 0.37628865979381443 1.2406852097299865
1.0710155424146817 3 0.741536353224223 0.6503131524008351 0.20157384987893462 1.2003805920418154
1.2381656412373059 4 0.6319507954784993 0.6189290161892902 0.21802002224694106 1.3546848559894888
1.3517897525228761 5 0.745619466200091 0.562048588312541 0.2920267085624509 1.0983683554664956
1.6746746417134815 8 0.6003965732825769 0.6182648401826484 0.2423949782713665 1.0385675920530806
1.7744502779326514 9 0.5390876611890122 0.6388367729831145 0.2558970693352395 1.6342194940975103
1.3535863521542728 5 0.5927783975057646 0.5808219178082191 0.1662548535121779 1.6614219212417143
1.4116423906497388 5 0.5929843078048227 0.5988483685220729 0.2320685434516524 1.310399167730271
1.8079414436174426 9 0.6025831810962397 0.6091205211726385 0.2343430905377808 1.7842979700525028
1.5110801761045443 6 0.7936516341359356 0.6653005464480874 0.22954866008462624 2.2462096811359613
1.0614575343822867 5 0.33736392437233514 0.7893350888742594 0.28192890059249504 1.3045431836505803
2.036957782536986 9 0.8000879780575297 0.7398058252427184 0.282025819265144 1.2393021756942277
1.2832944590855881 5 0.4002457187255479 0.6357096141268803 0.1925021795989538 1.487301793736833
1.580812535886635 6 0.36129304993040434 0.5898801597869507 0.22495412844036697 1.2298845561301217
1.813926121344605 8 0.5081314125708672 0.7036040882194728 0.21697574893009985 1.1177589479680259
1.3364434299641916 5 0.6427228704032747 0.606405693950178 0.2392970648719387 1.4208884124801726
1.55957515629021 6 0.5577882437235289 0.525089605734767 0.24020076481835564 1.8100580392771448
0.6829061047025133 2 0.4392382919537451 0.8607242339832869 0.36637931034482757 1.2371101915834957
1.3014623581088305 5 0.4691800403447228 0.6642599277978339 0.2965009208103131 1.814247870322262
1.3995645288719336 6 0.4353568811869949 0.7684887459807074 0.28401639344262297 2.117558018739337
1.14158630260356 4 0.3541175626588587 0.821681068342498 0.2721440397350993 1.5987606177288767
1.35457707522167 4 0.662116356967102 0.6429780033840947 0.12724820143884893 1.3477317648060363
1.921328314008734 8 0.6725808310037972 0.5 0.053409090909090906 2.0789138546759887
1.3208843431586554 4 0.5809474500521495 0.5378378378378378 0.12761355443403027 1.5043227064624436
1.4978601368029953 6 0.7573475440991461 0.7242268041237113 0.2615979381443299 1.1117404392236516
1.0114012647128516 3 0.4515062266727455 0.3607142857142857 0.17142857142857143 1.4094180021861447
0.9831541857299609 5 0.5315140051787557 0.8304172274562585 0.4149132521225544 1.3286946033965574
1.0735388464213231 4 0.44259443889668404 0.6363636363636364 0.18262987012987014 1.5089647515735294
1.023925799644203 3 0.485625457436315 0.8590078328981723 0.35272184936614465 1.4810975534493025
1.4163049275018076 5 0.4077080470676485 0.5048439181916039 0.19778030734206034 1.674219726443835
0.8647370965378594 3 0.3398493601176418 0.59254327563249 0.33688415446071907 1.8773712474085713
0.6546665645411435 3 0.22053926667724402 0.6610878661087866 0.22663877266387727 1.3626735721499574
1.377161700121381 6 0.5623210824095952 0.4601856375183195 0.08304409307108883 1.895579092009238
0.6810856444618092 3 0.18969207218631318 0.7887640449438202 0.3058052434456929 1.5299693293815964
1.4493841118532615 7 0.6169765171579398 0.4665871121718377 0.32011640596580576 0.8735827858813844
1.5481095269040173 6 0.6539718577843513 0.5228519195612431 0.3849056603773585 1.2384648765719783
1.5366438975297125 6 0.5052745723275069 0.4632258064516129 0.13716502115655854 1.0560284503564792
1.1421116645905731 5 0.5012852531769445 0.5845070422535211 0.08285163776493257 1.1062512447503907
1.2616393398261216 5 0.4682172107552823 0.6146496815286624 0.2309043020193152 1.1719793194221317
1.3372710837555561 6 0.7970332539493581 0.5711960943856794 0.30511763279165655 1.2444960015448925
1.494170138304642 5 0.6320000014917447 0.7614942528735632 0.4813874788494078 1.263873987689179
1.1601812440033161 5 0.5048243690363953 0.49912739965095987 0.08466312056737589 2.107935659374945
1.4600737093983558 5 0.44668957052572966 0.7809388335704125 0.37638031068688005 1.0692720580458661
0.6365121682970628 2 0.3445006211401922 0.42574257425742573 0.22122302158273383 1.3405482349951012
1.0506602766235624 5 0.44044613370155233 0.6102449888641426 0.21380846325167038 1.4692915066028351
1.2123098802805643 4 0.38512767096597084 0.7575757575757576 0.29545454545454547 1.4324883126372774
1.5227356461880759 7 0.6397271166042698 0.5235920852359208 0.269854645038972 1.2989704336034342
0.7937440463650709 4 0.30469988409807947 0.7376712328767123 0.3116367403314917 1.6248082176709382
1.3812825267042024 6 0.4803067482389436 0.7901430842607313 0.28299595141700407 1.607421394400392
1.1150619841118241 4 0.5000649460515104 0.6360601001669449 0.12437395659432388 0.8824637976608596
0.6837359058583963 3 0.369994050624801 0.5502645502645502 0.2650273224043716 1.5516189878756828
1.2758856819204998 5 0.4984789965756027 0.7832817337461301 0.2520412548345509 1.356565755931537
1.1525596161776308 5 0.7324231724258567 0.6936936936936937 0.2984154929577465 1.30398573514261
1.132412328026199 4 0.42500160415999194 0.6587202007528231 0.263306309481847 1.2756545514884057
1.5992152566148932 6 0.4750189511438833 0.5354330708661418 0.22008547008547008 1.193271215406797
1.4933221987409384 6 0.685499830648419 0.524 0.09562073121735637 1.0834182176835108
0.8556101747273293 3 0.3918827725226972 0.7124492557510149 0.16936038514442917 1.4138729054806762
1.1039616526534424 5 0.29378112389023325 0.7766536964980545 0.34642576590730556 1.4792000661385731
1.0621872548140254 5 0.6006018482554248 0.736318407960199 0.32230023403543967 1.279158911218884
1.3686846376446478 5 0.6158489298208224 0.7770034843205574 0.26867119301648884 1.0452803243385353
0.4634105588430012 3 0.21555535850055912 0.7862318840579711 0.2638888888888889 1.1534414369570356
1.3954936777351024 5 0.8390396485067699 0.7584269662921348 0.1704119850187266 1.5605741851405543
1.2211696786359678 6 0.42460022298018907 0.7335640138408305 0.2718531468531469 1.623753083499002
1.2676720290705552 5 0.6837100640099476 0.7929634641407307 0.35264841805901176 1.4295003044643086
1.17781701416191 4 0.46136339515366326 0.5316117542297417 0.12757884752193502 1.8939677722802941
1.1377961458789023 5 0.3524828752067832 0.7739420935412027 0.20601336302895323 1.289219277379452
1.3547064187264608 4 0.5402028574664011 0.7773722627737226 0.20477642276422764 1.4932471165983991
1.4107874712741497 5 0.6468500483162231 0.48302469135802467 0.19967333605553286 1.1587282079127255
1.4253306217701074 6 0.43448257262325 0.596078431372549 0.17659462308908802 1.2427948450315747
1.0375871081112062 4 0.39550550699859555 0.7886676875957122 0.26454823889739665 1.556028490589986
0.9180419180850247 4 0.4316308738086698 0.7445652173913043 0.17017663043478262 1.2556214482563082
0.6365121682970628 2 0.5856510559383269 0.6086956521739131 0.2073050345508391 1.2654457618248744
1.4614671293220243 5 0.7989952589234022 0.481962481962482 0.2088084939048368 1.274522484333866
1.399483607880251 5 0.589059563513299 0.8064864864864865 0.36781929726715 1.5084392099958674
1.4721379895519955 6 0.658221745090586 0.673733804475854 0.271043223919402 1.2971845157328759
2.209048795269269 11 0.5345852419416012 0.594553706505295 0.15337919870497774 1.7012369483917797
0.9783308604347127 3 0.4539266239583658 0.5699138502319416 0.1857222532069158 1.1882421839892747
1.3114263374954453 5 0.6795575590548353 0.9146567717996289 0.4112814895947426 1.8169444440739722
1.9469620740560294 8 0.8081838950798207 0.6912568306010929 0.17754662840746055 1.7571024275230618
1.5110801761045443 6 0.6409261557011158 0.6470588235294118 0.21977124183006536 1.1536747200139368
2.3722528650000676 13 0.7581839737817456 0.7330037082818294 0.25567423230974634 1.0956956332358025
1.0768398523881983 4 0.40684385604944856 0.6246736292428199 0.15910574412532638 1.5204222425852176
1.1835596270398896 7 0.33680436380479056 0.6370808678500987 0.28385853167951725 1.2999767768684551
1.2418485249134217 5 0.40105053708256505 0.6470588235294118 0.1856060606060606 2.131430551578269
1.7335120564092839 8 0.48451283513272764 0.8161943319838056 0.3205907906168549 1.4760791914722957
1.331655286845175 5 0.6838294893027684 0.6071428571428571 0.22448979591836735 1.2182214132580607
1.4270560433975996 5 0.5585762561523688 0.49709302325581395 0.21670428893905191 1.6105723205235118
1.1043004525364941 6 0.42144917420704336 0.5920502092050209 0.15446304044630405 1.7989465694428988
1.353586352154273 5 0.6120807914631352 0.43717277486910994 0.18714488636363635 1.3776635979862706
1.6258707079112265 8 0.5564549312330992 0.5300261096605744 0.28000733003481765 1.1465676668143172
2.432330886923992 17 0.6596615103055171 0.6623944072240023 0.2803337843933243 1.2220887621462277
1.3567663194098065 4 0.6510417236119214 0.7187772925764192 0.18318813279962326 1.4757835759347098
1.0123278391088069 3 0.6147507383891874 0.6639676113360324 0.23481781376518218 0.7276325712541867
1.6805262660346298 8 0.655542572688379 0.691743119266055 0.3914767096134787 1.2099964332748772
1.6175544803967763 6 0.5502880543592928 0.6646048109965635 0.14504386783647563 1.674708686655561
1.2566339067596946 4 0.4890803108304598 0.6544622425629291 0.13535228677379482 1.5146618797270797
1.923060868138912 8 0.6470683105664103 0.5863808322824716 0.21186161449752883 1.1795837948940517
2.0125187101080986 10 0.7141665046298202 0.5224913494809689 0.12011044638748274 1.261986897022767
1.187771034844252 4 0.5767831712130064 0.6226783968719453 0.13338338338338337 1.485790927222107
1.481154355249138 7 0.4302987206519745 0.6903684550743374 0.23737289548258042 1.5717550591891585
1.6486859335721917 8 0.6081678675915487 0.7964801444043321 0.2595151789759855 1.8015560953716352
1.728384750342475 8 0.6096847189207529 0.5901328273244781 0.19752487260373697 1.3688430197154768
1.5892316908163167 6 0.4934205970804241 0.6879478827361564 0.32121771217712175 0.9282321016181169
0.923837705637672 3 0.5261769338423665 0.643609022556391 0.2437579348286077 1.2623941682600321
0.8738413903022423 4 0.37109292233020275 0.6092955700798838 0.2668759811616955 1.275904402039872
0.9002530512753368 3 0.24863827187704235 0.6451127819548872 0.28374777975133214 1.2908900820306073
1.0101592992280066 5 0.5133208327799782 0.5109809663250366 0.16549815498154982 0.9370151543516764
1.0761619798102255 6 0.48397572167484804 0.6968687541638907 0.20752831445702866 1.4964042900872443
1.168030744639497 4 0.5524477066850667 0.3902439024390244 0.20032840722495895 1.305387873846259
1.255972503874775 6 0.42181054835035 0.6930232558139535 0.22669826224328593 1.6256171437310696
0.989736096507331 5 0.3584610488298265 0.6546762589928058 0.19514388489208634 1.7203191054171614
0.4825755651802941 2 0.11989578808281798 0.8138297872340425 0.3849734042553192 1.996714264020271
0.562333144621475 2 0.3863090652282845 0.37630662020905925 0.1524390243902439 1.5719791705724726
1.9992427897473888 11 0.707502568831886 0.7379912663755459 0.3869369369369369 1.1610509020389141
0.465997256964483 2 0.14986973510352247 0.7660130718954249 0.18725490196078431 1.8781312863482793
0.30463409735528807 2 0.10077822185373186 0.4746136865342163 0.04028697571743929 1.9288561043587937
1.1274782350206984 5 0.47663598957569536 0.7769679300291545 0.22048104956268222 1.2447339582708297
1.0408358374387054 4 0.40080619696096115 0.6870925684485006 0.26564537157757495 1.9256834639724643
1.4012716486656107 5 0.33997411027685104 0.6484375 -0.02320185614849188 1.5110744643779948
1.5366428975499344 7 0.4435660104282768 0.9492273730684326 0.6125827814569537 0.7140472275342297
1.2240164287545032 4 0.44053198590786513 0.3333333333333333 0.4444444444444444 1.2251421601809789
1.3932852746094804 6 0.6243138509270088 0.5508474576271186 0.19642857142857142 1.110379278815387
1.153920893601118 4 0.46406725916660696 0.9153515064562411 0.39210526315789473 1.1416453459496532
1.3130055920611063 5 0.4509291875973327 0.5700416088765603 0.23789712556732223 1.1241588962697604
0.7774591319216559 3 0.35682494718936847 0.5561797752808989 0.13146011038635222 1.122764089180679
1.2281018514812791 4 0.7901535666675843 0.6505376344086021 0.2916666666666667 1.5661522541507953
1.1262556602395715 5 0.30851707594499456 0.7175572519083969 0.18906455862977603 1.398724224818391
1.1407161964286858 4 0.5599788020708181 0.6074766355140186 0.3216 2.069929950430437
1.1930955547733886 5 0.5386765783120472 0.6874562018220042 0.17501751927119832 1.5307051833840555
0.7029159307848437 3 0.23623731235968795 0.6239782016348774 0.1955040871934605 1.1084854879091481
1.1336682820897654 6 0.32928510658933 0.6816816816816816 0.29504504504504503 1.5366310770536866
0.8369822168854993 6 0.24692298712170394 0.5290806754221389 0.20614446529080677 1.5258814008535537
1.1389438644068912 5 0.5952732060766911 0.4 -0.10526315789473684 0.8822540797572916
1.064273040785952 5 0.3632904398913327 0.7610619469026548 0.16912487708947885 1.4758144925004242
0.5004004235413129 2 0.17127969726116854 0.6103500761035008 0.11834094368340943 1.6519243538095654
1.039905546447092 4 0.684679658519957 0.40813648293963256 0.13156167979002625 1.1027552622052847
0.9406745525040552 5 0.29494077246441375 0.6443514644351465 0.18889223359422036 1.2300291706949529
1.5229500675463181 5 0.8395597300508801 0.6279683377308707 0.47112676056338026 1.0223214433598682
0.7052074897137071 4 0.20156629101899443 0.6697986577181209 0.20855704697986577 1.3365955363901756
1.9790297207209262 11 0.685030184612066 0.6912704045422285 0.23430513324986585 1.4978531627492586
2.233258375063049 12 0.7360839661456807 0.6297183942480528 0.24750086177180283 1.2372841712967684
1.2257392701928478 5 0.4949799960073661 0.6659404502541757 0.2631288004422333 1.3083386828316816
1.5730092181999136 9 0.5683766413348833 0.6493506493506493 0.2956945572705118 1.1014630992555228
1.1054275522947798 5 0.39566288410720685 0.4444444444444444 0.14285714285714285 1.978822341862056
1.2508041405446086 5 0.562285080627646 0.7396491228070176 0.29303547963206306 1.6717165264016454
1.2027797612498219 4 0.32182814778107705 0.6678765880217786 0.0594059405940594 1.5852364443775306
1.418297684427168 6 0.45924448459411943 0.7142857142857143 0.3317307692307692 1.1399228663997725
1.1696465210626028 5 0.40342094226011604 0.7012025901942646 0.26831588962892483 1.2869423891736234
1.3470055978937512 6 0.4919257558525015 0.5512010113780025 0.16240753194351043 1.727273593915779
0.9180419180850247 4 0.38788133494290733 0.5631349782293179 0.1774310595065312 1.6887556198524905
1.3180198017196094 4 0.6406072236642538 0.6796875 0.373046875 1.1577586198428114
0.9560413809737569 3 0.5174497201442 0.5689655172413793 0.21982758620689655 1.6577220101333847
1.1806924403768844 4 0.41960171737563146 0.7664670658682635 0.30202095808383234 1.5634511821564128
0.9743117528756828 3 0.49081343109404346 0.7212863705972435 0.2672281776416539 1.5110348010779528
2.017737072864471 9 0.9315058286514711 0.7580174927113703 0.27262611275964393 1.0079116417361405
1.2056937720254832 4 0.6915586317824879 0.6248366013071895 0.45077932731747333 1.4820191267371337
1.4520390732123836 5 0.6618517183617543 1.0 0.625 1.2585634706909565
1.7315284082991147 7 0.6938098788067454 0.7506925207756233 0.4376731301939058 1.5003289772289228
1.740970627455659 6 0.5073915855890719 0.746615087040619 0.3781136300027988 1.1167211696323782
1.3244353666748145 4 0.6855682841802558 0.6017964071856288 0.13098535813217255 1.4246165364070411
0.9649599230141778 3 0.26254321246177215 0.6 0.37253521126760564 1.5483186000719296
0.923837705637672 3 0.5418213379552774 0.7466666666666667 0.31493038886221797 1.0779866001079912
0.9779212266416395 4 0.3149553415964121 0.5751633986928104 0.17069109075770192 0.8657151599790264
1.8903547753831345 8 0.8368585994130788 0.553082191780822 0.2923801369863014 0.9417550123940642
0.7142341963280658 3 0.29071158180133455 0.5680713128038898 0.18152350081037277 1.4324740049140126
1.3537055079831184 7 0.4290177739946738 0.5676215856095936 0.19556692242114238 1.633217878861687
0.8305206914932463 3 0.3398493601176418 0.5173333333333333 0.225 1.630682782498878
0.9089037349314474 5 0.44430264733782787 0.5985815602836879 0.274468085106383 1.5149430433165947
1.2222619235661352 5 0.5051388818466805 0.9709443099273608 0.5060532687651331 2.268040998947638
1.3577719932699663 6 0.58527197671349 0.6164383561643836 0.2854320987654321 1.2854854022854094
1.303087403780619 5 0.6155035447994152 0.5515695067264574 0.1443661971830986 0.9683454445393718
0.6890072384786752 2 0.19982631347136331 0.5574572127139364 0.1845965770171149 1.245184883174802
0.8365655260502773 4 0.32365366452736843 0.8835616438356164 0.3856544901065449 1.6756102192702644
1.0700681237529877 4 0.6349365870159708 0.8513876454789615 0.23997944501541624 1.3650291565096855
1.1432712062088137 4 0.6833184743723159 0.680379746835443 0.29967727063162747 1.1144913434919923
0.9002530512753368 3 0.2857538113274543 0.9566929133858267 0.22314911366006257 1.1496498839102929
1.3316552868451748 5 0.45494479496797946 0.8018720748829953 0.2579113924050633 1.4706597260929513
1.4270560433975996 5 0.7383165942512389 0.72 0.172 1.4728775311260394
1.528458710106712 7 0.6911746396247949 0.8516129032258064 0.12254901960784313 1.9254568631969673
1.3862883611548904 6 0.37561278786607055 0.8099861303744799 0.39805825242718446 1.2316099074818043
1.279172456259622 5 0.622784116525666 0.777027027027027 0.2511261261261261 1.68165893935709
1.071286508411284 4 0.4317201266080813 0.8661257606490872 0.3384043272481406 1.8054007866907478
1.8535210586726363 8 0.8057278835459263 0.6618705035971223 0.2626859142607174 1.423231267809236
1.1225254602012011 6 0.4326781911165271 0.47071352502662406 0.0979765708200213 1.8036372535215837
1.245012889263182 4 0.5231773384042365 0.5915966386554622 0.23698884758364314 1.0734662708081664
1.5606942228730645 6 0.6979623479596527 0.6579292267365662 0.33728010825439786 0.8750947383978507
1.4287621203894052 7 0.5128934083645272 0.5682343870470317 0.12177835051546392 1.328534814884375
0.8815292611983065 3 0.4163348319423697 0.613251155624037 0.27630989699955216 1.2573450127563208
0.9401403181611825 5 0.45555323251152285 0.7248743718592965 0.2402638190954774 1.455179184299096
1.1421160430043351 4 0.5570375603354762 0.7605294825511432 0.25516528925619836 1.2149317169119778
1.331655286845175 5 0.5122358453737733 0.6897106109324759 0.17044967880085654 1.1749241072839771
0.9743117528756828 3 0.5236900577494824 0.3864306784660767 0.06390328151986183 1.3380490790873751
0.9019473817099334 4 0.484731353564632 0.5910878112712975 0.17307692307692307 1.4507593479255052
1.041975276423227 4 0.5687052290946579 0.6635761589403973 0.23247927656367748 1.463501929569374
0.7474329091895069 3 0.3587499810128482 0.5835835835835835 0.2828555976203353 1.1609730414107553
1.3592317006835064 5 0.5488929557662886 0.6863270777479893 0.3569384835479256 1.0226602346419242
1.233876984400064 4 0.5466720306376993 0.7054054054054054 0.17874015748031497 1.110738361347162
1.1841195846492587 6 0.4720197759547902 0.5062370062370062 0.20242914979757085 1.2616821406705796
1.236473074597035 4 0.41704369274086145 0.6375 0.15827338129496402 0.9961166270671409
0.562333144621475 2 0.25469170654608264 0.8197278911564626 0.41241496598639454 1.3908356476653216
0.7029159307848437 3 0.44686516939916393 0.6991304347826087 0.3011937557392103 1.1524234505779132
1.023925799644203 3 0.5510862261712991 0.7040498442367601 0.22415458937198068 1.028911352794572
0.7549927581524607 4 0.32885808917275255 0.5057803468208093 0.08272859216255443 1.4173330656279157
0.9368853075459159 3 0.8019242728340026 0.5174418604651163 0.1438953488372093 1.1413451210884271
1.2406802919645792 4 0.574455461299555 0.6966292134831461 0.21875 1.4070957795981955
0.9556968911186592 3 0.4350699692442201 0.5833333333333334 0.2 1.5260571672468377
0.8222613373494543 4 0.402233746158258 0.5116279069767442 0.13458702064896755 1.3009488011308092
0.8264013223146565 4 0.40795662610721506 0.4827109266943292 0.15485938056247775 1.371020022172514
1.1573692982344563 4 0.6658675097956372 0.39325842696629215 0.10603899191631003 1.3439826457699116
1.2552781605086596 7 0.5253803017222751 0.7122877122877123 0.24520582971107133 1.1060970968809845
0.9479026676745321 5 0.4338246356226484 0.6543456543456544 0.2867609903991915 1.1120515506125646
1.3917347695399336 5 0.5828469033390082 0.649090909090909 0.29910269192422734 1.4262410144367554
0.6019209717449048 3 0.28980442630272485 0.5316901408450704 0.05413732394366197 1.8983983329133673
0.6615612381601154 2 0.4578964562651433 0.7215568862275449 0.2105691056910569 1.7827552503554314
1.0735388464213231 4 0.8120070563850382 0.7797619047619048 0.22916666666666666 1.6766001198477323
0.9470541522889973 3 0.38512237603580307 0.6783004552352049 0.1700652528548124 1.1860621184695148
0.8647370965378594 3 0.45885351895848797 0.8088235294117647 0.20952380952380953 1.2502292624334048
0.9454525408721228 4 0.4697174415076931 0.5409504550050556 0.22433574879227053 1.0600376363065978
1.366541136903562 6 0.6886299754945863 0.7465968586387435 0.2570351029881056 1.2472711578817381
1.2730243365997507 4 0.6012270113473903 0.5013850415512465 0.22022160664819945 1.6488988031327534
1.187411769857752 4 0.4759384560547563 0.6666666666666666 0.1935096153846154 1.1957023357168752
0.37676816126100815 2 0.12876968840942818 0.6166666666666667 0.10833333333333334 1.4699945533381293
0.8852848344614438 4 0.3601630876278207 0.764797507788162 0.35942367601246106 1.6107802414386176
1.1266215590578943 5 0.24817737585359537 0.8237934904601572 0.3051237766263673 1.1845998695487658
0.848682557733917 3 0.4257122475242098 0.7533875338753387 0.244579945799458 1.4799361577582393
0.3250809733970037 2 0.0666087711571211 0.9216589861751152 0.3271889400921659 1.6099795491961715
1.4199674579744714 6 0.6089923635452265 0.6043771043771043 0.23448385053831539 1.3265038546573393
1.0950748621250341 3 0.5171141032905494 0.616822429906542 0.36670891423743135 0.783155714543207
1.1525596161776308 5 0.3860296439988413 0.85 0.38333333333333336 0.9181917725157624
1.9273841261826075 8 0.8161592134505985 0.5833333333333334 0.18206086492258408 1.1623543095730402
1.6674559334546282 6 0.38480977343437056 0.6991869918699187 0.3556910569105691 1.5943589853048472
1.0336965498709902 4 0.36626159926680396 0.625 0.2981260647359455 1.2625918796746471
1.4249262007891423 8 0.5991604460783315 0.6768652710681696 0.32529118136439267 1.7187090063208164
1.1803005570082867 4 0.7405570476214874 0.3907563025210084 0.22775357809583074 1.1406510283509008
1.1407161964286858 4 0.6923807386328564 0.6509207365892714 0.2671153399860757 1.2923423878790632
0.8815292611983065 3 0.5046651565569694 0.5778688524590164 0.19992310649750097 1.2413205731630592
1.1132542920687403 4 0.5038560778803693 0.5387722132471728 0.19311276164753544 1.3621954053018421
1.251151983376565 4 0.632010043167596 0.6177847113884556 0.19029209621993126 1.147365390652506
1.5061197372323638 5 0.6772980182519323 0.6623544631306598 0.17580071174377224 1.1751866175206327
1.1174859594391537 4 0.5051239977504163 0.6376811594202898 0.17188665175242357 1.2216978091988466
0.6519478373883025 3 0.14807382522581208 0.4573170731707317 0.1486280487804878 2.069886238465021
1.2665245387897954 5 0.5045669565713338 0.5237659963436929 0.14292980671414038 1.2579743481289918
1.251711516665559 4 0.6031072843818555 0.5809199318568995 0.13066482631700024 1.454795599634538
1.4648113849073128 5 0.9397701038537837 0.5920679886685553 0.12111801242236025 1.1846809045666575
0.9779212266416395 4 0.6399056358373528 0.5694822888283378 0.1497584541062802 1.2580212333491938
1.597167604120767 8 0.6390645661786881 0.5847836897066137 0.25502008032128515 1.115930600342151
1.5773122786675406 9 0.6119091064476505 0.5360706062931696 0.1907242823577485 1.1274655241999614
0.562333144621475 2 0.19982631347136331 0.7211367673179396 0.4049733570159858 1.3118577542314211
1.9080414202905633 8 0.8109776463292665 0.6125954198473282 0.2847222222222222 1.0353467991421212
0.9868954488573298 4 0.5390467106672484 0.8215767634854771 0.3189056757860351 1.223394806843607
1.2260710503918193 5 0.7519400782115939 0.6012121212121212 0.3103448275862069 1.0089154679876715
1.3520111223423554 5 0.5029087248726933 0.511128165771297 0.19076857929282237 1.0314228911563674
1.5110811760905445 5 0.599548381492834 0.6961852861035422 0.3403703703703704 1.09262613726757
1.3923162547786792 5 0.7458167672122594 0.7322580645161291 0.3980263157894737 1.6680386934799458
1.3962345408852967 6 0.5891731225565717 0.5309246785058175 0.12620003491010648 1.216458156115536
0.9736358152931861 4 0.28053255423527806 0.8985645933014355 0.490847280334728 1.2206993804229298
1.4128525772093752 5 0.6196645703581082 0.6902173913043478 0.2954717935745004 1.3192169041963542
1.1274782350206984 5 0.5254690209226477 0.7922971114167813 0.2610041265474553 1.5692679164825007
0.9180419180850247 4 0.2498891377991657 0.6677524429967426 0.2776872964169381 1.0037741573332777
1.249338231094037 5 0.5647773071994032 0.7445652173913043 0.347068145800317 1.1409430482737113
0.9868954488573298 4 0.5592966722959503 0.5850556438791733 0.1623290692545214 1.0772687896402062
0.7774591319216559 3 0.1973301603332272 0.6333938294010889 0.28082851637764933 1.2287773421201735
1.103428909653081 4 0.4487302342838361 0.638671875 0.25341796875 1.8175267256811336
1.3725922392016565 6 0.577813073244726 0.6385902031063322 0.20934516831351532 1.3335644851183197
0.7621012220614225 3 0.45162623634795235 0.6784313725490196 0.2714746408677807 1.3009757293599813
0.8305206914932463 3 0.26363650031237906 0.5666156202143952 0.21047835990888383 1.2153595148691878
1.3358153181203167 5 0.5965018856877455 0.7343078245915735 0.3549316054715623 1.131766574917224
0.8815292611983065 3 0.2828972022626006 0.7637474541751528 0.47121896162528215 1.1749821644528458
1.166728308391748 5 0.5538549496129473 0.6451612903225806 0.32481907194550874 1.0804623332291594
0.7691237318222964 3 0.38449182435231555 0.896943231441048 0.4069868995633188 1.7256235631110315
0.6869595765993484 2 0.4880425466152723 0.76993583868011 0.3534416086620263 1.1840904876934517
0.8815292611983065 3 0.4215832863658536 0.7104430379746836 0.21795886075949367 1.2643125274178768
0.7902649680839791 3 0.4475754958118352 0.8347978910369068 0.2742369838420108 1.4074044309595866
1.329657348863758 4 0.9813830254402738 0.8478260869565217 0.18496538081107813 1.3323990632085425
0.7774591319216559 3 0.41077237714666803 0.642346208869814 0.23851590106007067 1.0761969787565566
1.1285912936899263 5 0.4153154158483611 0.37825059101654845 0.052080123266563944 1.3395420074264663
2.1742972362020976 11 0.7801260766045548 0.5216016859852476 0.2357630979498861 1.0989731631251143
0.8158468651929517 3 0.23843876035141995 0.5005055611729019 0.18996138996138995 1.2602496407171317
0.9291173862192641 4 0.455399234173802 0.5920114122681883 0.19186875891583452 1.362080111367251
0.9710427129658552 4 0.37113391974751475 0.5387323943661971 0.18772241992882563 1.0139679951313902
1.137192240034161 6 0.35235474088939517 0.6316666666666667 0.25710077845571216 1.4167334695871825
1.3825261283773729 5 0.4684738349219862 0.6197643979057592 0.3991000346140533 0.8000003772491552
1.6169133766488195 7 0.6172932124214426 0.5025316455696203 0.13285806869734285 1.582913343638585
1.9260321483096143 8 0.7056815640269357 0.5941780821917808 0.2110664881749219 1.5132489691630684
2.1286691102992257 10 0.9964006547028693 0.5951020408163266 0.27068586770807906 1.6323782594515734
1.776464963419242 7 0.5964999826318053 0.7290145985401459 0.41022474685107435 1.1842768612811607
1.750306288345908 9 0.6168513109013525 0.40930979133226325 0.15253496503496503 1.2223813081189296
1.2148856539607453 4 0.5013219401171964 0.5616797900262467 0.19090909090909092 1.3338154577497883
0.7269983625603583 3 0.29018068709250194 0.6772486772486772 0.12486772486772486 1.6826808575422014
1.8295781181269999 10 0.6194878538561728 0.45104261106074345 0.12734939759036146 1.806048122300713
1.0751353240202306 4 0.5957739798136564 0.5871559633027523 0.21284403669724772 1.4299865790602369
2.0884926193864644 9 0.7727654694816437 0.6870925684485006 0.21728893373696603 1.357363583553817
1.4655141833053547 6 0.564598643773313 0.676829268292683 0.15250352609308887 1.6001808731662015
1.1432712062088137 4 0.39439066704036974 0.6562091503267974 0.2454835281615303 1.3712779366725045
0.9840835030884701 3 0.12060673446675464 0.8105849582172702 0.32755842062852536 1.5335768340520055
1.2622381675143337 5 0.586922667252485 0.6765498652291105 0.14931506849315068 1.7683616653005174
0.8687166829249237 3 0.5272020780963633 0.546875 0.26785714285714285 1.0244090285389253
1.5138329608374963 6 0.4875989259809015 0.5402214022140222 0.12282031842304776 1.2831825521471696
1.8576517664005168 8 0.7350522173265345 0.6013698630136987 0.18319203833394765 1.4461883239039106
1.477372174058315 7 0.6394610241154068 0.7332677165354331 0.18849601593625498 1.66387982648829
0.9743117528756828 3 0.47382388563484457 0.7541436464088398 0.371007371007371 1.2205494267324863
1.4350554683489296 6 0.5799552686425202 0.7181340341655716 0.32429441062534586 1.1655973831676867
1.6920138079320137 6 0.7305694756098062 0.506832298136646 0.3244236551954561 1.6720478829943737
1.073538846421323 4 0.31687878413216997 0.6671177266576455 0.16398601398601398 1.8019837711758817
1.331655286845175 5 0.4806124080449385 0.6593406593406593 0.2010208087946604 1.3889142360548332
0.6210843745575724 2 0.4555063768409208 0.5617367706919946 0.15867158671586715 1.3541340867128697
0.9365955187388082 4 0.45346078236478227 0.7068527918781726 0.1638871071199487 1.7710897115436084
1.1432712062088137 4 0.4789290848473693 0.6547144754316069 0.3329541145240804 1.3872646866246616
0.7902649680839791 3 0.4853602457940274 0.622673434856176 0.16666666666666666 1.0948523360278877
1.1274782350206984 5 0.30802740992214683 0.6415478615071283 0.0632577754348972 1.2949964301162933
1.3421207227714134 5 0.6210959359541567 0.40588235294117647 0.14734561213434452 1.4081866815024409
1.0027369544028228 3 0.1755564738091704 0.6345885634588564 0.25245098039215685 1.3951458599989683
0.7963086401815129 3 0.49332540083306803 0.5666666666666667 0.0997643362136685 1.5345212000806192
1.1492792410488866 6 0.48269555424196625 0.5 0.13157894736842105 2.3421052631578942
1.8662070236608517 9 0.5285147292395114 0.7314890154597233 0.2751540041067762 1.4605766556014834
1.5487065403767875 7 0.5046216764847986 0.6213649851632047 0.11661721068249258 1.4100799455927775
0.6791912659935828 2 0.27249042746095 0.3333333333333333 0.0 1.2663460352255527
0.9911348966302049 4 0.44783075247375587 1.0 0.25 2.6160254037844384
1.2798502258440843 4 0.44515799862052163 0.759493670886076 0.17532467532467533 1.4222055388875978
1.2355894272768435 7 0.43059529380946443 0.7 0.3 1.2042468245269453
1.055459498904683 4 0.40873940898245037 0.5 0.35 1.250656986040721
1.400221423565214 7 0.49326170809209513 0.6566125290023201 0.2673444976076555 1.166617497310386
2.0039228586986586 8 0.6564703957131193 0.0 0.1875 3.2484827557301443
1.6571740791913792 6 0.5157599702606819 0.9565217391304348 0.43333333333333335 0.9456266610320224
1.0849993285248976 5 0.339995392363231 0.6956521739130435 0.2391304347826087 1.3205807623868784
