0.8463628296370541 3 0.5962751076157276 0.21448467966573817 -0.08028545941123996 1.6756426281753636
0.6581079875452631 2 0.8211558817711485 0.2328767123287671 0.07697325505544683 1.8627275291384888
1.3812825267042022 6 0.944430808347599 0.16483516483516483 -0.04390681003584229 1.9549414439149844
1.083167808569919 5 0.6610940035220728 0.152014652014652 0.024004683840749413 1.2151045917599546
0.9743117528756828 3 0.595080460426563 0.14501510574018128 0.024015369836695485 2.1394326507868824
0.37676816126100815 2 0.38391703563326424 0.16129032258064516 0.03225806451612903 1.3687652905760186
0.562333144621475 2 0.5374838498865699 0.04807692307692308 -0.26121794871794873 1.6099911540979583
0.823716731524093 3 0.47871951147432784 0.1375770020533881 0.20123203285420946 1.2276850599989089
1.0654035400024657 4 0.7203421519498842 0.3929889298892989 0.047031158142269255 1.4015353055196154
1.15161535924744 5 0.6259734373121809 0.35945017182130584 0.09828178694158075 1.6179336268014426
1.2679113430781594 6 0.6510262821775546 0.4337931034482759 0.12739420935412027 2.0087344783191705
0.7945576059915919 3 0.460079921349137 0.19516971279373369 0.0489556135770235 1.4632715628457817
0.9554431414136644 4 0.47327653811083786 0.14285714285714285 0.07924107142857142 1.7276329145927252
0.9743258099569498 4 0.7345080427757984 0.3212025316455696 -0.006510416666666667 1.9330475042396011
0.9868954488573298 4 0.8737753788260796 0.36541143654114366 -0.004649000464900047 1.661532192735565
0.7529716827772219 3 0.5684794198757643 0.1701388888888889 -0.07696759259259259 1.8909056951576748
1.1601812440033161 5 0.623776518570255 0.27116212338593976 -0.11594202898550725 1.5034810291907936
1.0872242706635578 4 0.5114685876677928 0.40253164556962023 0.0988292948543425 1.6734712823167193
1.1034289096530807 4 0.42692275838510985 0.20030816640986132 0.05879470847623714 1.7527638654474393
1.137796145878902 5 0.6728913680547055 0.203125 0.09895833333333333 1.894566126305384
0.8976180947860146 4 0.5315032165539114 0.2619893428063943 -0.03433984606275903 2.053890656476016
0.9368853075459159 3 0.8072290213220142 0.48554913294797686 0.38246628131021193 1.2649262659014955
1.3180188017344843 5 0.7250996436268999 0.5113636363636364 0.15416666666666667 1.5737426609466516
0.7029159307848437 3 0.6231812656204456 0.24666666666666667 -0.06755555555555555 1.6577640618113054
1.1034289096530807 4 0.8586348634287293 0.2685810810810811 -0.028716216216216218 1.6941631281130745
0.8982023397133163 3 1.009753814781654 0.29545454545454547 0.09090909090909091 1.9587653261390017
1.0735388464213231 4 0.6261804283073366 0.33783783783783783 0.04184704184704185 1.635182220160334
0.846362829637054 3 0.5999854531625713 0.05405405405405406 0.0 2.826981735692863
0.8815292611983065 3 0.6081499315927633 0.02018348623853211 -0.1724770642201835 2.209675193767239
0.887691275807461 3 0.36117095322190784 0.3020304568527919 0.05499153976311337 1.6570616998890833
1.1034289096530807 4 0.7689694199111112 0.3327526132404181 0.057648401826484015 2.1253947073442836
0.9554431414136643 4 0.735182566104673 0.5378670788253478 0.061823802163833076 1.4512138006887068
0.37676816126100815 2 0.31694967925734735 0.451831750339213 0.30303030303030304 1.7015276005604272
0.8100400099312414 3 0.3771455748247663 0.18699186991869918 0.2398921832884097 1.4666912553637435
1.2017231474545877 5 0.9137200802971194 0.18816762530813474 -0.10419485791610285 1.3595860794014762
0.9002530512753368 3 0.9514713906962623 0.39705882352941174 0.03799019607843137 1.7592806286025653
1.1900713072350737 5 0.6325542073641841 0.16242937853107345 -0.09283461018476791 2.1544296769439084
0.9957060518618919 4 0.6163379916023554 0.5200868621064061 0.2620340209916757 1.574438208788249
0.9180419180850247 4 0.2431626024665304 0.6910112359550562 0.07715674362089915 1.5828467244452278
1.2130035659909044 4 0.8147246750412191 0.29775280898876405 -0.24344569288389514 2.054538698584143
0.7621012220614225 3 0.7094919727905767 0.08465608465608465 -0.164021164021164 1.4201285319728492
0.9180419180850247 4 0.6092351945981048 0.3333333333333333 0.09090909090909091 1.957531754730548
1.2440116958164495 5 0.8825020080177153 0 0 0
0.6277022572090253 3 0.140166427779786 0.2686335403726708 -0.023749368367862556 1.0309741350129094
0.937151853082673 4 0.3442678943214083 0.3217726396917148 0.16907605279698304 0.8686795410867092
1.3862903611278907 4 1.1154316117141485 0.3706293706293706 -0.23689727463312368 2.326546520438505
0.9002530512753368 3 0.7595128728796301 0.36042402826855124 0.17550058892815076 1.6722553035333103
0.8313995205030316 3 0.6192980397065598 0.4688995215311005 0.13450292397660818 1.930346234808317
0.9002530512753368 3 0.3977598840322762 0.18888888888888888 0.06481481481481481 2.329638364717675
0.9470541522889973 3 0.7815280651503915 0.19316239316239317 0.010822510822510822 2.1405931074363274
0.37676816126100815 2 0.3583225665910466 0.3392539964476021 0.1201894612196566 1.3336178668238003
1.2903449253181654 5 0.691795378814664 0.28040786598689005 -0.06766381766381767 1.7612670305479898
0.7866982379284644 3 0.7079493078670315 0.3052464228934817 0.1489136195018548 2.109233062738062
1.0974116936645661 5 0.8249023010004809 0.3424980361351139 0.075772934617334 1.94962451362794
1.2854114734891529 6 0.689109817642487 0.21032504780114722 0.04174633524537922 2.0022709720090193
0.8193192134998255 3 0.6183468539698543 0.07239819004524888 -0.20603318250377073 1.5851291536634295
0.37676816126100815 2 0.3467637741203677 0.5843179377013964 0.19190834228428214 1.8185321596026236
0.8358908132447938 4 0.6277756123499505 0.3253493013972056 0.006320691949434464 1.663931831276909
0.9647430452481203 4 0.7785663124120916 0.33577533577533575 0.09109069117059529 2.1153648764026673
0.9214904308740949 3 0.6881922376874718 0.2547584187408492 0.10688140556368961 1.5006846924892534
0.9560413809737569 3 0.6585175175951086 0.4043010752688172 0.08100358422939068 1.892481052253514
0.8305206914932463 3 0.5336006239726839 0.5557122708039492 0.4414668547249647 0.9939309367129844
1.082192530043434 3 1.135108710125996 0.33962264150943394 0.018867924528301886 1.9792192229396108
0.6774924044507715 2 0.6718548123582124 0.35587188612099646 0.027876631079478055 1.7404004556651307
0.6581079875452631 2 0.4479032082388083 0.30445859872611464 -0.19787685774946923 2.3608082078311887
0.36220855714026556 2 0.25194555463432966 0.054380664652567974 0.054380664652567974 1.787916590656278
0.820779830730652 4 0.4723555820855669 0.2480553154710458 0.057971014492753624 1.8852603103481016
1.1034289096530807 4 0.7790525531954763 0.2107843137254902 0.03717472118959108 1.6752222702150779
0.9545917186004583 4 0.7077016745500068 0.15717092337917485 -0.12617332460161537 2.1323848922570763
0.7335377487880319 4 0.5642034413113962 0.6029684601113172 0.3308596165739023 1.1225143001406486
1.1165047682562435 6 0.5635556524258399 0.2569906790945406 0.020877716233489562 1.6548068093925035
1.0336965498709902 4 0.6938473473266391 0.2648870636550308 0.03148528405201916 1.8036602463230318
0.945019055716391 4 0.5485614117219582 0.37037037037037035 0.012544802867383513 1.3794388032383011
0.562333144621475 2 0.5374838498865699 0.18057921635434412 -0.03691084611016468 2.317546596186511
0.6019209717449048 3 0.5106922630278987 0.33713355048859933 0.1382415254237288 1.8712192398083305
0.6134080494594264 2 0.41990925772388277 0.21793193717277487 0.16579406631762653 1.5794957964031449
0.8222613373494543 4 0.3164432784761958 0.3891336270190896 -0.03514684641309581 1.282226609314263
0.23378965871499252 2 0.1791612832955233 0.6024759284731774 0.3333333333333333 1.6872856555399736
0.9376339622786161 3 0.7289429424669706 0.19301470588235295 -0.04779411764705882 2.063220766948227
0.7759361232464683 3 0.636287892479396 0.2951510892480675 -0.011614401858304297 1.9536997922993695
0.9368853075459159 3 0.8325374668592295 0.5 0.125 1.3850826755821726
0.848682557733917 3 0.49661006068012326 0.1856763925729443 -0.0627763041556145 1.65734927479042
1.1180160506831338 6 0.5411821603535686 0.16361339229311433 -0.04829721362229102 1.856175339269638
0.8135656220123282 4 0.598751045719587 0.14965034965034965 -0.07604915372130767 1.757364214518675
0.7029159307848437 3 0.5167974062197203 0.3778877887788779 0.029152915291529153 1.452716331531782
0.6210843745575724 2 0.7166451331820932 0.22404371584699453 -0.019581056466302368 1.8603819323879016
1.0336965498709902 4 0.6859703204095361 0.1774193548387097 -0.13075910487055725 1.6861520857409067
0.8815292611983065 3 0.6829851335801854 0.24825174825174826 0.0 1.731383199303667
0.9545917186004583 4 0.7403808215703302 0.36541143654114366 0.022315202231520222 1.7554655595901458
0.9754288195032472 5 0.5388041208890302 0.29914529914529914 -0.11830985915492957 1.8960368328608923
0.5004004235413129 2 0.42432935517360787 0.2088167053364269 0.04331013147718484 1.6970825289151075
0.8449097655692311 3 0.48742442704337796 0.25155065472088217 0.06018837583275902 2.0779747012468905
1.1803005570082867 4 0.5218764702282789 0.2625 0.19917653113741637 1.7232930608261103
0.9940656258766383 5 0.7311997102153841 0.39885714285714285 0.1994750656167979 1.4117052340146767
0.6434895530215068 2 0.4768001894155056 0.3197389885807504 -0.10657966286025014 1.8818717626642214
1.0042394730599098 3 0.8418059134859667 0.27703984819734345 -0.25173940543959517 1.6679254876714953
1.162364534439526 5 0.6638619373069494 0.3139260424862313 -0.01971326164874552 1.883008970033527
1.0408358374387054 4 0.834101938204785 0.0916030534351145 -0.009329940627650551 1.6396757191497937
1.0408358374387054 4 0.5622768424746954 0.3664772727272727 0.09365290723479805 1.417359190785922
0.9180419180850247 4 0.682562896085908 0.5462184873949579 0.06336088154269973 2.0915063509461116
0.8647370965378594 3 0.8621464168757087 0.37467362924281983 -0.06180733162830349 1.6723876171543697
0.9586888593311804 3 0.6645737637696764 0.43031358885017423 -0.05168408826945412 1.5474605974517237
1.1874117698577518 4 0.8102821400503915 0.34225352112676055 -0.042298850574712644 1.9627242053105602
0.23378965871499252 2 0.1791612832955233 0.19390581717451524 -0.03785780240073869 1.3707315475066546
0.8216772258896068 6 0.4374880747860345 0.35578186596583444 0.18899003034243606 1.6447361479073892
0.37676816126100815 2 0.3583225665910466 0.057971014492753624 -0.13365539452495975 1.3010532123080718
0.8313995205030316 3 0.26485869902939907 0.3028919330289193 0.023845763571790968 1.5962103102744616
0.9743117528756828 3 1.3048214567071725 0.1696113074204947 0.04946996466431095 2.191335674995859
1.0609541504576758 4 0.34659841284664145 0.3902759526938239 0.035637612709317305 1.9526637555460182
0.3488300958480944 2 0.3359274061791062 0.28308823529411764 -0.049019607843137254 1.4553932676224135
0.6837359058583963 3 0.49661006068012326 0.144 0.0 1.3136715747119552
0.9262160514104743 3 0.579933700639187 0.3342342342342342 0.1006006006006006 1.9113787723340387
1.0699133418346678 4 0.9398859997207049 0.2689655172413793 0.010351035103510351 1.4563538036603907
0.7774591319216559 3 0.636026781456776 0.38845553822152884 0.2009132420091324 1.4472642826882476
0.9256979111429664 4 0.4639056142430866 0.3225371120107962 -0.025979744605900485 1.6374432766287832
0.6931451805619453 2 0.8958064164776166 0.14457831325301204 -0.3092369477911647 1.9774287679099718
0.8587379130152242 3 0.683057674761268 0.16396396396396395 -0.0905373831775701 1.6511479930828745
0.5359580497226601 3 0.2561919662736521 0.3961605584642234 0.13089005235602094 1.7133874906482047
0.9214904308740949 3 0.7609696615822696 0.29545454545454547 -0.015692640692640692 1.9726546554902713
0.7304149453305693 3 0.6541224124129923 0.12224753227031131 -0.043786383194128066 1.6008363411442188
0.6492463548730875 2 0.5878729608134359 0.13714285714285715 -0.07682539682539682 2.1768160596907595
0.9994000656373156 4 0.4956961861465266 0.5816372682044324 0.2678066914498141 1.7193945187963804
1.3208843431586557 4 1.1436091597079119 0.6098901098901099 0.08859649122807017 2.330524251235566
0.9002530512753368 3 0.7955197680645524 0.504225352112676 -0.09014084507042254 1.46055369995091
0.6615612381601154 2 0.5758755534498964 0.3769633507853403 0.4598603839441536 1.401641056792886
1.282042240062655 4 0.7243009671963048 0.16502115655853314 -0.2483130904183536 2.2437659914155557
0.22371607607486488 2 0.14857016215188157 0.17352941176470588 -0.09509803921568627 1.8850967576481874
0.5859506183060716 2 0.6718548123582124 0.09745762711864407 -0.24293785310734464 1.0978377759355917
0.7029159307848437 3 0.4440199823249224 0.3088235294117647 0.12156862745098039 1.601084406884496
1.2655887706009414 5 0.6278265788330453 0.1526073619631902 0.02196969696969697 1.7113240819695403
0.7774591319216559 3 0.7855393311630052 0.36198347107438017 0.006060606060606061 1.5773125122901228
1.2306941036856511 5 0.9123233331540485 0.36881559220389803 -0.026535626535626536 2.17899033734496
1.0053834327751212 4 0.8046217415267088 0.3333333333333333 0.037037037037037035 2.6177764303357787
0.5455925739719631 2 0.6718548123582124 0.34375 0.052083333333333336 1.7701221250818289
0.6931451805619453 2 0.8550879430013613 0.42105263157894735 0.10150375939849623 1.4724466780849153
1.1034289096530807 4 0.9697796784670871 0.4072164948453608 -0.020168067226890758 1.9380175377905664
0.8369842168045023 4 0.6039099062080143 0.01639344262295082 0.4106280193236715 2.1514182782731055
0.6931451805619453 2 1.3437096247164249 0.5507246376811594 0.24154589371980675 1.6058109525514794
0.7298399194925769 3 0.6380339374426166 0.2397003745318352 0.036620890553474825 1.4380681118924696
1.1171418584207016 5 0.7436323655112902 0.10678642714570859 -0.14800261951538965 1.6443435301718652
0.9002530512753368 3 0.7235059776947078 0.049689440993788817 -0.022774327122153208 1.5774547271398163
0.562333144621475 2 0.8958064164776166 0.16 0.02095238095238095 1.7046958053049626
0.9743117528756828 3 0.5315474598780757 0.5552486187845304 0.2946593001841621 1.5643908434721296
0.9743117528756828 3 1.062570037276677 0.19148936170212766 0.0 2.0275468155067036
0.3488300958480944 2 0.29714032430376314 0.32142857142857145 0.076007326007326 1.7816843153675177
0.8647370965378594 3 0.5439438458061088 0.0 0.0017613386173491853 1.3159664182752422
1.1034289096530807 4 0.8297013830966602 0.34296977660972405 0.17697594501718214 2.0658340738078693
0.6492463548730875 2 1.0077822185373186 0.16453900709219857 -0.029314420803782507 1.8366997443111996
1.0986072886928595 5 0.6597666590557556 0.38533834586466165 0.1514792899408284 2.2278460981063577
0.6019209717449048 3 0.25839870310986013 0.29740791268758526 0.06593906321055025 1.6091136756956836
0.6922360496993866 3 0.510993454757212 0.3522960932145305 0.018505825908156272 1.8026393007789687
0.37676816126100815 2 0.3583225665910466 0.8375286041189931 0.37528604118993136 1.5141788384958965
0.9164618855472628 3 0.8256057625884716 0.34796238244514105 0.19122257053291536 1.7393912075259095
0.5783222866734842 3 0.23255201369665812 0.48183254344391785 0.1474460242232754 1.590779116592528
0.8463628296370541 3 0.9075056199296665 0.27113702623906705 -0.014091350826044704 1.5507875386633687
1.0336965498709902 4 0.973699242307266 0.7643207855973814 -0.036552100381887616 2.1497987155573712
1.0870713771773175 4 0.5409268573952856 0.18974358974358974 -0.1076214405360134 1.4245587339079406
0.4634105588430012 3 0.17816198616025045 0.57847533632287 0.2825670498084291 1.6286868808430925
1.3917347695399336 5 0.9389800199988276 0.4595959595959596 0.22162162162162163 2.336026812297392
0.8305206914932463 3 0.7855393311630052 0.17920656634746923 0.08846329229366165 1.869228501213804
-9.999994999180668e-07 1 0.0 0.296398891966759 0.30378578024007385 1.3710702754873276
0.37676816126100815 2 0.1716929178792376 0.2159090909090909 0.22821969696969696 1.1776768446902588
1.0053834327751212 4 0.7225721776915469 0.34767025089605735 -0.02264808362369338 1.943453521453146
0.6914140776191252 2 0.9238003669925421 0.2578125 -0.0234375 2.2549101981007893
0.6365121682970628 2 0.3359274061791062 0.2 0.18014184397163122 1.0482076914192786
1.3228157739999233 6 0.5457209988708183 0.4167832167832168 0.15292523153377005 1.6731349411584726
1.1753572605742477 5 0.7554402357244839 0.256043956043956 0.10474168435951875 1.6801680829790382
1.3208843431586557 4 0.8940608474276811 0.45231607629427795 -0.07049608355091384 2.153491511911728
1.0061074311750837 4 0.7421807796151583 0.34771033013844516 0.007391763463569166 1.866653359496117
1.0878433910296714 4 0.696767578422207 0.24606845513413506 0.0874187832250443 2.165821756518349
1.1810650005522945 5 0.8564374836798281 0.2383116883116883 0.0464968152866242 1.6873550224730562
1.2634744940901015 5 0.8738039976169035 0.3670886075949367 0.17262512768130744 1.364352614449989
1.0055686752268296 4 0.599556964538636 0.4166666666666667 0.29896238651102464 1.4743033798641643
0.562333144621475 2 0.4479032082388083 0.4726775956284153 0.007285974499089253 1.4808585144740916
0.6318740819103839 4 0.3895400472271783 0.10891089108910891 -0.06567796610169492 1.9222582565525175
0.23378965871499252 2 0.15847483962867367 0.07216494845360824 -0.218213058419244 1.5008623484175612
1.2284866775490968 5 0.8967225230424706 0.24425887265135698 -0.037987679671457907 1.5005444991924686
1.1137672633655737 4 0.6229527241350337 0.3275217932752179 0.07610907610907611 1.5441782932861614
0.9013668189416427 4 0.5788096448819543 0.20288903479973736 0.05821842854016196 1.358207805026968
1.0710415946364824 5 0.5225976976517648 0.1917808219178082 -0.016277005031074283 1.7591851012263375
1.0561791478014633 5 0.7109991819599695 0.3170731707317073 0.12461443553362123 1.8681803589138934
1.245012889263182 4 0.695385018139845 0.1643835616438356 -0.18169877408056043 2.202183391936213
0.8292928063228837 3 0.6510698151942104 0.32149712092130517 0.11932181701855406 1.4436119018087228
0.5684206178364362 3 0.3302861710763066 0.21889250814332248 0.04408251900108578 2.016279522847534
0.8815292611983065 3 0.8541885839868292 0.3975409836065574 -0.0231935771632471 2.926731821405053
1.0044286080681215 4 0.5869266190575956 0.2646477946017117 0.0 1.6313443294800198
0.674972446850451 3 0.6401111949205385 0.20097087378640777 0.13980582524271845 1.495699983296363
0.9627829322257448 5 0.49155687186595265 0.2459123610202747 -0.0062580923608113945 1.9847149307024772
1.0609541504576758 4 0.979392490022888 0.2769640479360852 0.18286728806036395 1.6291917896430588
0.7745437491646893 4 0.5839526502399064 0.3711672942442173 0.17528888888888888 1.5754621809788343
1.1621384256916176 6 0.7377457148880514 0.29466192170818506 0.1354553903345725 1.4853207194918763
0.6615612381601154 2 0.7594880487527619 0.4453405017921147 0.06093189964157706 2.0308486885979704
0.6645264386570353 2 0.3359274061791062 0.06963788300835655 -0.04549675023212628 2.8564011374940614
1.0074791248711106 4 0.8426477301111897 0.24548736462093862 0.08323563892145369 1.9013110367429804
0.9238377056376721 3 0.34198365235367395 0.19292604501607716 -0.06484458735262594 2.732346854417005
0.7448737770516721 4 0.4385763721542126 0.13982717989002358 -0.04631798074421025 1.6114303329582014
1.222261923566135 5 0.6361723987340421 0.2825719120135364 -0.05011135857461024 1.685251506017753
0.6057954993747123 2 0.3359274061791062 0.25210084033613445 -0.21568627450980393 2.2407589969028594
0.562333144621475 2 0.38391703563326424 0.6162162162162163 0.16036036036036036 1.6458142604256605
0.8979427248642797 3 0.7120279409532644 0.5773195876288659 0.1486254295532646 1.3889942668714585
0.6365121682970628 2 0.26874192494328497 0.11071428571428571 -0.10476190476190476 1.3960311513754193
0.9819097632509989 4 0.5885330698863931 0.5524899057873486 0.17882249560632688 1.7868405075312968
0.9002530512753368 3 0.7595128728796301 0.564935064935065 0.04004329004329004 1.7805932921784522
0.37676816126100815 2 0.3583225665910466 0.49869451697127937 0.14012184508268058 1.8603433569771477
1.0600839171034135 4 0.6454615734688202 0.3186221743810549 0.05188845746558419 1.7950281325252249
1.1034289096530807 4 0.9123447335549291 0.4207723035952064 0.21869565217391304 1.990666413589401
1.3030864038008687 6 0.4445228511217815 0.5732217573221757 0.2770700636942675 1.3877702413917923
0.6238440040368904 4 0.29294715728726856 0.6438690766976063 0.21484941214366243 2.026134601587456
1.0163337300156354 5 0.6747064628467078 0.3153558052434457 0.04535479151426482 1.7874755796201232
0.9212862108237426 4 0.4686046254752084 0.10023866348448687 -0.11975356180207933 1.7771448423177754
0.9868954488573298 4 0.657746325542599 0.043875685557586835 -0.18364928909952608 1.9727770567980647
1.0699717784115648 5 0.6605702431272662 0.15612903225806452 -0.012642225031605562 1.225960208737512
1.0786288038121783 5 0.4268298923686725 0.5140845070422535 0.2255813953488372 1.495684155417397
0.8239562165098322 3 0.6073883720321056 0.26910828025477707 0.15498938428874734 1.0470561136112473
1.0331152204186076 4 0.8557459794063976 0.10089503661513426 -0.019740400216333154 1.9062339943847828
0.9743117528756828 3 0.9874782858811846 0.06609195402298851 0.10727969348659004 1.967857983995239
0.37676816126100815 2 0.3583225665910466 0.6265270506108203 0.14485165794066318 2.1546415042471243
0.3887313902439846 3 0.19245415145933117 0.4516358463726885 0.5368026254102204 1.1510161937256338
0.7866982379284644 3 0.4836574228374563 0.1848184818481848 0.079484425349087 1.7254668446225812
0.5297041990605473 2 0.6323339410430234 0.1870824053452116 0.08908685968819599 1.5150375410638417
0.562333144621475 2 0.7166451331820932 0.45454545454545453 0.1111111111111111 1.497231844867845
1.0518404149882077 4 0.6128239035638614 0.2792998477929985 0.014157973174366617 1.3915461185724136
1.1634101024940806 5 0.7426410887928102 0.2952054794520548 -0.021003758567322575 1.994769340938746
0.9718457712424035 3 0.8167844502158259 0.302066772655008 -0.034446210916799155 2.0417439571241514
1.0369898685319887 4 0.6710466657829135 0.028380634390651086 0.0037056643726839597 1.104291380336231
0.5297041990605473 2 0.3359274061791062 0.35978835978835977 0.10670194003527336 1.9194680154216053
0.6554797739035534 2 0.46190018349627104 0.25386996904024767 -0.023993808049535603 1.860365651643883
1.222261923566135 5 0.8023985872593415 0.17717717717717718 0.03048180924287119 1.9755778067468286
0.5908402462780749 2 0.39520871315188966 0.23588456712672523 0.12421580928481807 1.7112969726502352
0.8852848344614439 4 0.6111163913648036 0.16535433070866143 -0.010075566750629723 1.5238616468153494
1.0302161476663259 5 0.7553012531383286 0.12666666666666668 -0.14654418197725283 1.5327372246684041
1.0419096806168164 4 0.6490150859948843 0.40798376184032475 0.14794767704104647 1.6581613836995777
1.220414013280023 6 0.700531327651968 0.42023346303501946 0.13582778062532036 1.862679003147475
0.594021165597088 3 0.20827816114929706 0.3644278606965174 0.18185533306089088 1.5826601687800215
1.3917347695399336 5 0.9859714981124692 0.08362369337979095 0.08813559322033898 1.3141254701370249
1.1432712062088137 4 0.3164432784761958 0.20108695652173914 -0.0449438202247191 1.513207341406646
0.8082669580111547 3 0.5609537732354264 0.41760299625468167 -0.07640994542146756 1.7521990466032429
0.9810368994306274 3 0.7456182773527412 0.5207612456747405 0.07439446366782007 2.0100360955051366
0.6546665645411436 3 0.4821583586550127 0.17050067658998647 -0.09757174392935983 1.8414427177438923
0.7592911029513061 4 0.5658915744603784 0.6046304541406946 0.20439238653001465 2.2258882317322373
0.7119170414129119 3 0.410212487255047 0.43318485523385303 0.05642167780252413 1.3976885233521799
0.8647370965378594 3 0.9087264083166944 0.30656934306569344 -0.0267639902676399 2.4128288076751514
0.897618184900149 4 0.780093740777144 0.14660493827160495 -0.023606228026117528 1.28397899931825
0.9554431414136643 4 0.45857303048641895 0.2549019607843137 -0.03816300129366106 1.7529246612288831
1.037587108111206 4 0.6974264050052044 0.5436447166921899 0.19531639262580966 1.6727832893539696
1.0433504269474334 3 0.8673535209829951 0.44021739130434784 0.03125 1.6940949071330382
0.45055920886990464 2 0.5374838498865699 0.21014492753623187 0.035024154589371984 1.6326805427651403
0.4634105588430012 3 0.24805548127643534 0.1774891774891775 0.0 1.3367931467810994
0.6108623020572744 2 0.5657724735648104 0.3935135135135135 -0.042522522522522525 1.9837060322863083
0.8234516496340567 3 0.4857054292711376 0.46760895170789163 0.16332940714566158 1.3403295561986843
0.9941051664523204 4 0.7216367372853034 0.42208774583963693 0.02118003025718608 2.041770143596156
1.1001027445690117 5 0.5368149423368356 0.147117296222664 -0.05054615549368173 1.5882072324745333
0.4293210219344571 2 0.4479032082388083 0.8256029684601113 0.21583178726035868 1.9954295497424848
1.2000728988073075 5 0.6760771598205909 0.5081967213114754 -0.04723707664884135 2.126596814083145
0.9470541522889971 3 0.7088786813543214 0.3954248366013072 0.15305010893246188 1.247142013967578
0.9199034572324504 4 0.6608211245692974 0.44499381953028433 0.08771929824561403 1.3099536277676234
0.765044147509964 3 0.5962751076157276 0.43733681462140994 0.09722814498933902 1.6745841861471715
1.1128471851158976 6 0.6571413555002339 0.3520710059171598 0.08362255965292842 1.5292272226734958
0.9984240905676025 4 0.8260215751529177 0.20588235294117646 -0.13711583924349882 2.8406331569822534
1.15438507467377 5 0.822097279511025 0.18461538461538463 -0.07016150383902568 2.0492204492398125
0.9832709442526746 3 0.9151864042362333 0.26785714285714285 -0.023809523809523808 1.6895851684220198
0.5297041990605473 2 0.5038911092686593 0.3633720930232558 0.16569767441860464 1.8721935431670642
0.9598361255119965 5 0.6132575595166652 0.2419804741980474 0.10599721059972106 1.9565204939774963
0.9470541522889971 3 0.871236746896881 0.25 -0.1243455497382199 1.9566356714907758
0.8059077497173298 4 0.48738787601818623 0.2819843342036554 -0.010443307757885763 1.3046991203780527
1.1265792591178863 6 0.48498145866512776 0.26070492280803964 0.037866565436082376 1.634208396536109
1.0532722103818617 4 0.653918661950894 0.23056768558951965 -0.06885803343723434 1.70586959457558
1.0317631113665144 4 0.4788944489739652 0.0728744939271255 -0.03807106598984772 0.9598277554428332
1.0386455367234673 4 0.632425305899479 0.14311926605504588 -0.044002411091018684 1.964567294633134
0.9045819688655362 4 0.547522332849454 0.20756013745704469 -0.07944344703770198 1.8867475572297967
1.2290925308001905 6 0.6429150569555251 0.37986270022883295 -0.09830633284241531 1.9908021807220924
0.7866982379284644 3 0.29791422610958557 0.4728877679697352 0.11811685582177385 1.4673613705905197
0.6060212027675745 4 0.2859520693111232 0.2569204152249135 0.12208309618668184 1.1568936389879398
0.6698902216239291 3 0.5329473444880359 0.34506353861192574 0.10785272075594657 1.3866670556061107
0.9364961957133038 4 0.5399550705702981 0.22559793148028442 0.02631020581370677 1.8127526921847321
0.8932679898162947 3 0.6048787022512276 0.48104693140794225 0.11597472924187725 1.8246482297453102
1.0194496143236011 4 0.6177165755395322 0.27229601518026564 0.06072106261859583 1.5172100614139006
1.181392879660458 5 0.7058264482463671 0.11726384364820847 -0.0771545239630346 1.4141639983603036
1.0062105659604368 4 0.5454962360822113 0.11729323308270677 -0.014536340852130326 1.7312261569651084
0.7864275900297811 4 0.5350963720418164 0.32752360203340597 0.02874251497005988 1.7469912603051791
1.276714704799067 5 0.5039441620073972 0.08421052631578947 -0.09496944052656324 1.9061282212831836
0.8193192134998255 3 0.6760907963856461 0.30234260614934116 0.14568081991215226 1.455275972018141
1.366251468799836 6 0.7421891000354548 0.3570952698201199 0.05413469735720375 1.7440835351966681
0.7400086657404021 3 0.6010772514070267 0.07317073170731707 0.10772357723577236 1.3323299815977843
0.7318840681358938 5 0.4083693113426478 0.4813953488372093 0.17508933129147525 1.6859166641716237
1.0939376931172937 5 0.6898070260475399 0.4316546762589928 0.07279236276849642 1.8655850901468187
0.8305206914932463 3 0.24805548127643534 0.1422872340425532 0.12367021276595745 2.058647667472544
0.9743117528756828 3 0.5315474598780757 0.39372822299651566 0.09639953542392567 2.136987293726639
0.9120559269239503 4 0.5506292881722774 0.14323144104803492 -0.01723147616312464 1.6893210936521414
1.2033270407244037 5 0.7838417169623803 0.3607843137254902 0.030352748154224774 1.8962841153964873
0.6001630731712565 3 0.2117478316418376 0.6313465783664459 0.1535181236673774 1.7990455240457315
1.162695833512044 4 0.7010740914500951 0.30903790087463556 -0.07628765792031098 1.351845886565949
0.6615612381601154 2 0.5374838498865699 0.1877444589308996 -0.09430682312038244 2.3653153986493627
1.222261923566135 5 0.7234153886263207 0.28125 -0.20833333333333334 1.1421373049580859
0.5670547918592592 3 0.42467351842256396 0.39293598233995586 0.19352465047829287 0.7461503270764964
1.0583290070394187 5 0.6756583257521902 0.0 0.1111111111111111 1.8442306901503684
0.5560565328721216 3 0.4533933967442471 0.2542372881355932 -0.1977401129943503 1.345306219643161
0.7562803541347846 3 0.8056909007519893 0.40028694404591103 0.12338593974175036 2.106336288788727
1.0053834327751212 4 0.4778995917369479 0.3092926490984743 0.20110957004160887 1.630226684233936
1.1274782350206984 5 0.8273538476518929 0.17790262172284643 0.0018726591760299626 1.621930296074113
0.4825755651802941 2 0.3583225665910466 0.3010752688172043 -0.007168458781362007 2.2702817922554934
1.1258881480185063 6 0.4602136970221536 0.32697201017811706 0.09808811305070657 1.430894739799426
0.8037391073239946 3 0.6330677304828694 0.8177570093457944 0.32191069574247144 2.257368967624673
0.9914221464635916 5 0.5630163004089126 0.3615977575332866 0.09367146447338359 2.04408666583523
1.251151983376565 4 0.7792381657417888 0.3869209809264305 0.12248322147651007 1.4883598627355659
0.9861134814357927 5 0.6253713849258835 0.4744744744744745 0.31931931931931934 1.6949063380410423
1.1428637843937886 6 0.6108629661402057 0.4652908067542214 0.19418676561533704 1.706626179739948
0.9179613278777785 4 0.6976564433964565 0.2 -0.06666666666666667 1.7326920704511053
0.9090472691218319 6 0.4856031940669091 0.6234021632251721 0.10502721741914825 1.5439821145133783
0.7298682099937981 3 0.47573569534813115 0.4901065449010654 0.21511922881785894 1.766125514322232
0.848682557733917 3 0.6494339302418028 0.1732283464566929 -0.15616797900262466 1.8051380512075283
1.1821047939126914 5 0.7609649739648642 0.4907352062163778 0.09873617693522907 1.5169653740091025
0.6869595765993484 2 0.8398185154477655 0.3087071240105541 -0.05452946350043975 1.4370939842725083
0.4911588036354293 3 0.2832642116456571 0.3422818791946309 0.08031319910514541 1.470399630521545
0.771852653870165 4 0.5058620398417798 0.4251242015613911 0.21149751596877217 1.3110232059894364
1.139838352495191 5 0.6552616357835456 0.3846614739364889 0.13933956861996563 1.5187193188697894
0.9545917186004583 4 0.5816941590698957 0.41466957153231665 0.07800909308446997 1.6874339663237612
1.2810042459855582 6 0.7422687312058099 0.24675324675324675 0.20295566502463055 1.5286078222077377
0.8394901618063777 5 0.38610070861212725 0.5555555555555556 0.25925925925925924 1.6071224016819725
0.8724359173979461 3 0.5145087203378139 0.21824561403508771 0.10549707602339181 2.0309690668591136
0.9152861776548233 6 0.42520804790225886 0.29945553539019965 -0.030248033877797943 1.796149133192227
0.23378965871499252 2 0.1791612832955233 0.44642857142857145 0.10714285714285714 1.4003318622686112
0.9741180553594112 6 0.5674989756970558 0.2821461609620722 0.2479185938945421 1.1888460216114243
0.5670547918592592 3 0.38132804665751796 0.6460176991150443 0.2494732406236831 1.9701116223003377
0.4634105588430012 3 0.337636122924197 0.46153846153846156 0.19593613933236576 1.5828271405606096
0.7529716827772219 3 0.5684794198757643 0.234375 0.15625 1.4561080216626798
0.6057954993747123 2 0.41990925772388277 0.4396551724137931 0.16379310344827586 1.8429707731967766
0.4437542842777149 3 0.21632424632092506 0.5029940119760479 0.22678396871945258 1.5378547427613782
1.276714704799067 5 0.8102608787515121 0.45329249617151607 0.20039880358923232 1.7330007326725254
1.0533914983798527 4 0.8845385343848695 0.2055393586005831 -0.04560570071258908 1.2470345797455087
0.5783222866734842 3 0.3165338652414347 0.18823529411764706 -0.16601307189542483 1.702611641301176
0.8082669580111547 3 0.38428794941047817 0.0 0.3333333333333333 1.5232993878678103
0.846362829637054 3 0.6682142880639443 0.3185595567867036 0.0904893813481071 1.8794493156978664
0.7613468650107894 4 0.41641912203706805 0.2263056092843327 0.05338417540514776 1.2116468826746278
0.6519478373883025 3 0.49628456190148024 0.3847305389221557 0.08632734530938124 1.6401527410858803
0.6837359058583963 3 0.33818481122616195 0.3971830985915493 0.20863309352517986 1.6428880302651985
1.0877562930978861 5 0.766842763546955 0.5083333333333333 0.11644591611479028 1.3042796926435136
0.9579972800955583 3 0.7341756692717738 0.6013071895424836 0.3474945533769063 1.0270382420050892
0.6019209717449048 3 0.4961109625528707 0.2465753424657534 0.2659817351598174 1.312159747888125
1.001921088641243 5 0.6695535755939238 0.44246353322528365 0.13537810682178741 1.4793038573810555
0.7321868209855154 4 0.3194471702863335 0.46502331778814127 0.0984399033179521 1.8659894636438752
1.3421207227714134 5 1.0280967331484343 0.37733333333333335 0.03789198606271777 2.056570967743608
0.8313995205030316 3 0.25839870310986013 0.5475177304964539 0.266193853427896 1.4833494902421929
0.22371607607486488 2 0.1679637030895531 0.0 0.29459241323648105 2.107624431155387
1.0207648794024913 4 0.535739200581345 0.2405821917808219 0.03885135135135135 1.8248744471183604
0.9368853075459159 3 0.851931007796901 0.242152466367713 -0.016442451420029897 1.4296614088349269
1.1839587727547372 5 0.7254576212910797 0.6234718826405868 0.2303727200634417 1.489116755926857
1.0260153035790083 5 0.6761605684190722 0.2808219178082192 0.1885910990902385 1.7702128970978062
1.0420408776680898 4 0.8718056066376804 0.2694717994628469 -0.0426738287078484 2.415500172365454
0.7029159307848437 3 0.5439438458061088 0.3338607594936709 0.084915611814346 1.699436062411076
0.7356189397674613 3 0.553711506663986 0.4566929133858268 0.1377952755905512 1.2499704647196987
1.0699133418346678 4 0.8439986051380577 0.296411856474259 -0.010147133434804667 1.8080048637425261
0.848682557733917 3 0.6645737637696764 0.368 0.11466666666666667 1.4515545524998676
1.0533914983798527 4 0.8184455912082773 0.2870967741935484 -0.17043010752688173 2.305374016826626
1.1432712062088137 4 0.8540940706805942 0.29542302357836336 0.02727693018955155 1.6595712388377017
0.9759350643733121 4 0.7120778693361507 0.33783783783783783 0.06231563421828908 2.0131249728561333
0.6947586943954599 3 0.559991679873088 0.2210953346855984 0.015100292990759523 2.0492493821986906
1.0462837713546056 5 0.4236087035686994 0.48840927258193445 0.3264235108895303 1.5060253675219033
1.140319647112381 5 0.7901568548868684 0.43130990415335463 0.19553072625698323 1.824763853765038
1.162695833512044 4 0.9103541711897711 0.20336134453781513 -0.030803080308030802 1.9934209723313652
0.8305206914932463 3 0.729565125021171 0.20445609436435125 0.1310615989515072 1.3086705029403105
1.0333159117065152 4 0.7343434297322782 0.2413261372397841 -0.08815214597789771 1.8109465119862687
0.6931451805619453 2 0.5374838498865699 0.14175654853620956 -0.016435541859270673 1.9956227847194272
1.1645913714115212 4 0.6408910893301075 0.5979899497487438 0.19314516129032258 1.5238018719870037
0.926151713118236 4 0.42833914254878563 0.2767749699157641 -0.04726270185112249 1.3578342394585001
1.0336965498709902 4 0.7033329903104324 0.2845659163987138 -0.036163522012578615 1.7510477074485333
1.0397177708449181 3 0.7955197680645524 0.2831858407079646 0.15339233038348082 2.0122385107763523
0.8324045743601727 3 0.6766998092978666 0.20445609436435125 -0.03844473569244211 2.070605504854517
0.5566439035962066 3 0.29791422610958557 0.4609271523178808 -0.019867549668874173 1.6048844918306566
0.7789947493120368 3 0.679929807257636 0.32432432432432434 0.035035035035035036 1.9043824438038224
0.8018155525515516 3 0.5954037198798251 0.10455764075067024 0.17336907953529937 1.2350491476566956
1.0242851955307493 4 0.7895568494359327 0.32972972972972975 -0.03303303303303303 1.7758990825149754
0.9599131685825577 4 0.7737520007194053 0.30457380457380456 0.12092862092862093 2.0289977225521127
1.0053834327751212 4 0.5258994920187894 0.0 0.044153720359771054 2.664930574707794
-9.999994999180668e-07 1 0.0 0.5986394557823129 0.08163265306122448 1.4396573933289365
1.2996459635728974 5 0.7685759467872149 0.37217391304347824 0.11060948081264109 1.6147716859230679
0.9180419180850247 4 0.6711440747774199 0.24922118380062305 -0.0612668743509865 1.6938381798082645
0.5982675885877072 2 0.6201736729460422 0.2023121387283237 -0.1233140655105973 1.6349367219518005
0.5297041990605473 2 0.4457104864556447 0.23837209302325582 0.023255813953488372 1.2697281874123423
0.6890072384786752 2 0.8062257748298549 0.09550561797752809 -0.15355805243445692 2.1863546676053685
0.7963086401815129 3 0.8485200166236959 0.08333333333333333 -0.06944444444444445 1.6156604115396012
1.0408358374387054 4 0.5506162363199505 0.2688953488372093 -0.0166270783847981 1.4917799181040317
1.0160035311459792 5 0.49766043837689605 0.343015214384509 0.08208616780045351 1.5559771510524307
0.6931451805619453 2 0.4479032082388083 0.1760299625468165 -0.09925093632958802 1.8499008245276674
0.5253193195185206 2 0.3467637741203677 0.5374625374625375 0.18614718614718614 1.1228828391805876
0.8716506722520506 4 0.5708890148672884 0.4025974025974026 0.0980327868852459 1.3055323129618965
0.8313995205030316 3 0.5167974062197203 0.2290909090909091 0.04 1.7278799724311151
0.8815292611983065 3 0.5336006239726839 0.4278169014084507 -0.08274647887323944 2.3378180911227817
0.9743117528756828 3 0.7595128728796301 0.6377245508982036 0.04790419161676647 2.160358841972692
0.6615612381601154 2 0.7678340712665285 0.31845238095238093 0.14682539682539683 1.9096752615329424
1.2440116958164495 5 0.7754791691956243 0.3232169954476479 -0.08403361344537816 1.5990120851083782
1.0609541504576758 4 0.5796111493625825 0.44362745098039214 -0.07648494711147275 2.0492373027101056
0.45055920886990464 2 0.40895510317456407 0.25783619817997977 -0.07684529828109202 1.43521996363188
0.9589409955968262 4 0.4936799905587122 0.35602094240837695 -0.0237347294938918 1.7833867137558232
0.6365121682970628 2 0.5038911092686593 0.5706371191135734 0.24192059095106186 1.5904618649868771
1.2341063432959554 5 0.8023593505985501 0.5272435897435898 0.2496067121132669 1.423292206464459
0.7356189397674613 3 0.5146152844657056 0.4 0.10695187165775401 1.5572367893242967
0.5455925739719631 2 0.25194555463432966 0.21495327102803738 0.07372793354101766 1.8665068119404364
0.48691070946784487 2 0.40311288741492746 0.22334455667789002 -0.06846240179573512 1.365918007688997
0.848682557733917 3 0.7703265685492292 0.24390243902439024 0.16892502258355918 1.517550151926055
0.3250809733970037 2 0.14930106941293608 0.1336405529953917 -0.09754224270353302 1.7095554492416223
0.58155129961791 2 0.4702983686507487 0.1610549943883277 0.017022072577628132 1.5801014211059952
0.6492463548730875 2 0.6718548123582124 0.0 0.1375908618899273 1.4388238097928132
0.8760888930740542 3 1.0747504965780472 0.26666666666666666 0.05555555555555555 1.2100996149312073
0.9840835030884703 3 0.9608173885446426 0.2441860465116279 -0.01744186046511628 1.422026850364024
1.2123098802805643 4 0.6531168698067898 0.3970189701897019 -0.0017699115044247787 1.829672759436695
0.6615612381601154 2 0.6270644915343316 0.5340909090909091 0.22348484848484848 2.2823534315964475
0.937431125321742 5 0.622095805021001 0.3719806763285024 0.08661696840610579 1.8084757012595234
0.9868954488573298 4 0.6841737817422516 0.15546218487394958 0.049019607843137254 1.4910822405719077
0.9279119221955755 4 0.7070315829625263 0.3498799039231385 0.07632772884974647 1.898740186642752
1.0336965498709902 4 0.7673915194253541 0.2226775956284153 0.020036429872495445 1.6931571146003557
0.9390219330160895 4 0.5286319299912231 0.2738287560581583 0.01916513520609084 1.5340529895466577
1.1246662892518389 4 0.5910878104758308 0.18408736349453977 -0.09225456339417859 1.7669448318766348
1.0670746857376558 5 0.4573511237094113 0.34152652005174644 0.03409090909090909 1.768203765237189
1.2676720290705552 5 0.6602160336774769 0.2648221343873518 0.03053763440860215 1.623615987370454
0.9222178985776257 3 0.5123082594541338 0.3231707317073171 0.06097560975609756 2.725964356785352
1.164596862243332 5 0.5416542578604957 0.20383912248628885 -0.04084084084084084 1.8260382888713609
1.0561791478014633 5 0.8005822721480099 0.16695059625212946 -0.16449375866851595 1.7850772256365053
0.5297041990605473 2 0.5038911092686593 0.3597733711048159 -0.08876298394711993 1.553781619879474
1.2919010073697945 5 0.9546925688267724 0.276566757493188 -0.11555555555555555 2.1216121253095266
0.8226391785512137 4 0.5555397617078982 0.15862754848334162 -0.00828775070445881 1.6526346318313885
0.9401877117868699 5 0.5525507041468963 0.16730621642363777 -0.009916094584286803 1.649066482078441
0.8222613373494543 4 0.5241433440018999 0.4564831261101243 0.23919478981645945 1.5071803975029199
0.46203490946993725 2 0.30538855107191476 0.12118320610687022 -0.04039440203562341 1.510452815271209
0.9507449270676422 4 0.6731609036597895 0.20885200553250347 0.0995850622406639 1.780999394353555
0.7298399194925769 3 0.37156907768835623 0.18424242424242424 0.04122076892588189 1.6638463883554333
0.7380565340967918 3 0.6209976866132141 0.15425940138142746 -0.08876950626758762 1.9388192410657963
0.6615612381601154 2 0.7166451331820932 0.15940054495912806 -0.09309718437783833 1.7749120295843372
0.394394691467998 3 0.19783745779392148 0.13225806451612904 0.17204301075268819 1.6955715671661775
0.6035378825850604 3 0.40895993008812176 0.2535211267605634 -0.05041845274545826 1.713709709529176
1.2707669516033508 6 0.5509809261622008 0.3291866028708134 0.1589110477999367 2.0804443228573843
1.2406802919645792 4 0.7165601399091386 0.3442028985507246 0.009843659525188187 1.57527816015007
1.0609541504576758 4 0.6946140955305562 0.5295735900962861 0.037138927097661624 1.7456202907627614
0.9470541522889971 3 0.871236746896881 0.44625407166123776 0.02062975027144408 1.5382836847325752
0.8222613373494543 4 0.49003050771482093 0.3858695652173913 0.019138755980861243 1.6838592742283567
0.9470541522889971 3 0.7816561052491193 0.2543720190779014 0.022257551669316374 1.5301074953067328
0.6885633693268978 4 0.4635537082193934 0.47731397459165154 0.011176470588235295 1.640301759067479
0.8815292611983065 3 0.9815038322114923 0.296875 -0.052734375 2.2742078992282986
0.7587704503177164 5 0.44713427683544493 0.25089605734767023 -0.022914218566392478 1.6743661757409514
0.778129548180132 3 0.5274799205448965 0.20294117647058824 -0.09575163398692811 1.756326878349953
1.0408358374387054 4 0.5045668516941636 0.14088820826952528 -0.02842003853564547 1.6755512838248119
0.97432580995695 4 0.7145836438073646 0.235597592433362 0.14719101123595504 1.9452888096944472
0.4634105588430012 3 0.337636122924197 0.40529531568228105 0.25390359809911744 1.425458369831098
0.8976181849001491 4 0.5504177160362311 0.27956989247311825 0.0912280701754386 1.6924003718826168
0.8497946407024576 4 0.4661400099066973 0.17641921397379912 0.04512372634643377 1.8664594857832053
1.1134530405723126 4 0.8082338765322133 0.19065077910174152 -0.0009165902841429881 1.869735096444444
0.8647370965378594 3 0.697730573240525 0.27056962025316456 -0.035864978902953586 1.6872574775864009
1.0123278391088069 3 0.7363355366667084 0.2671353251318102 -0.04326123128119801 1.6523369854213898
1.0114012647128516 3 1.1137276752903733 0.35507246376811596 0.04830917874396135 2.122157821845939
0.4825755651802941 2 0.1791612832955233 0.23462088698140202 -0.13113972341440153 1.6101407309189089
0.5763321277593284 2 0.7465053470646805 0.11347517730496454 -0.09101654846335698 1.929707826814977
1.489246485894431 5 0.8640882721858955 0.3066385669125395 0.01471571906354515 1.532293646832528
0.9794742656146667 4 0.5198412969019383 0.28311425682507585 -0.057633973710819006 1.7435363794389078
0.815981973842376 4 0.5905606321890244 0.43794579172610554 0.16286257727056586 1.5830351316741784
1.1252953189374633 5 0.6107735186374692 0.75 0.3667523564695801 1.110442068344293
1.0012598283145673 3 0.5813971134880658 0.5333333333333333 0.1425 1.6772467610978519
0.8738413903022423 4 0.7180822512616681 0.09031413612565445 0.062390924956369984 1.4795452305744838
0.7923722741134187 3 0.5816890373241721 0.48860759493670886 0.22236286919831225 1.8627830929809825
0.8995602009268195 4 0.5001445042046029 0.4974315068493151 0.1446917808219178 1.796983740614103
0.7457351706325321 5 0.4258284894473423 0.38448979591836735 0.12060166532366372 1.6704834469895824
0.8602000628131168 3 0.5901151189583533 0.41514598540145986 0.07481751824817519 1.5401166181482278
0.7448737770516721 4 0.4924725132559403 0.18780096308186195 0.08399366085578447 1.3911803106538327
0.8486825577339171 3 0.8147014027677613 0.2782152230971129 0.0008396305625524769 2.125923530682597
0.8359343644979984 3 0.7877985226443032 0.4402116402116402 0.052204585537918874 1.8317421755100383
0.7445188765044151 5 0.48640662811799346 0.35086128739800543 0.16045887961859356 1.6150978413646355
0.6365121682970628 2 0.36646626128629767 0.3926605504587156 0.08073394495412844 1.8242758809656812
1.1966077112492732 5 0.6375997169061229 0.2646675358539765 -0.056320400500625784 1.5256191431588584
1.0214599753078566 5 0.7298104570228924 0.37737127371273715 0.05902079141515761 1.989339369091302
1.0699133418346678 4 0.7152642012711129 0.1568627450980392 -0.040546308151941955 1.9191927981870993
0.23378965871499252 2 0.08958064164776165 0.3245125348189415 -0.11884865366759517 1.4904515633228148
0.465997256964483 2 0.3359274061791062 0.6630727762803235 0.23539982030548068 1.7568148880114087
0.8938855362514357 3 0.5902886826937356 0.28125 0.08854166666666667 1.6112227732395201
0.8071479202171659 4 0.5677784282790894 0.17712177121771217 -0.02976629766297663 1.5376796270204183
0.7029159307848437 3 0.697730573240525 0.17945205479452056 0.023744292237442923 1.7034032736009619
0.7400086657404021 3 0.6436460255397811 0.41929133858267714 0.08038057742782152 1.7385098646357036
0.562333144621475 2 0.6791778841228872 0.6270718232044199 0.20626151012891344 1.3371870646973851
0.7864275900297811 4 0.5548640537829072 0.27726675427069647 0.04741471787170135 1.7044249747393876
0.9779212266416395 4 0.6421568961729825 0.2795031055900621 -0.0016563146997929607 1.9608778732754208
0.8815292611983065 3 0.5193360381489188 0.39783491204330174 0.02480829950383401 2.3776966436518654
0.8222613373494543 4 0.5978067097593385 0.16758241758241757 -0.14835164835164835 1.7638324406981944
0.7774591319216559 3 0.5336006239726839 0.18317503392130258 -0.14427860696517414 2.0737536656925584
1.037792816136762 4 0.7231048251010921 0.5469543147208121 0.13369656328583404 1.90941863591687
0.9180419180850247 4 0.617878969719125 0.46879150066401065 0.08984375 1.8864669389574407
1.0317631113665144 4 0.8434573063340528 0.2622673434856176 -0.04065934065934066 1.6845330466586002
0.7774591319216559 3 0.606378047867482 0.1894093686354379 0.018329938900203666 1.4793053144811337
0.8815292611983065 3 0.7682297126288898 0.3333333333333333 0.048284625158831 1.4369080771174925
0.873897414276215 3 0.6585175175951086 0.3417015341701534 0.10832171083217108 1.3862388209776806
-9.999994999180668e-07 1 0.0 0.4 -0.06464646464646465 1.612562061571114
1.175136905441302 5 0.8443397429639002 0.6578947368421053 0.05263157894736842 2.48905466739952
0.651754561174831 2 0.6469713007893897 0.31814483319772174 0.08082451857879035 1.7970894326705855
1.061598810802845 5 0.6814729195391384 0.5881305637982196 0.15317414094350612 1.4716165574596796
1.1988453129256211 4 0.8567186313122785 0.6666666666666666 0.3333333333333333 1.0947650758855585
0.5195778391334851 2 0.5168113941217019 0.0 0.3333333333333333 2.049038105676658
0.6931451805619453 2 0.7465053470646805 0.379746835443038 -0.05485232067510549 1.7026207791792656
0.8343642725907516 4 0.4110762067583545 0.5 0.1 1.1601282525764454
1.068613539517073 4 0.4824096050247505 0.1 -0.2 2.122884449315774
0.9391013058996257 4 0.5942974449209227 0.20185614849187936 0.020108275328692964 1.9625992506598804
0.8675602284925862 3 0.6778497464372558 0.4 0.13333333333333333 3.2098076211353317
0.3983051138095297 2 0.38391703563326424 0.2608695652173913 0.07971014492753623 1.964701592899077
0.9518256804698231 4 0.602650359542402 0.5652173913043478 0.6014492753623188 1.0597035678458757
