1.5135976783597371 5 0.4828031166465865 0.8913649025069638 0.39034776437189495 1.0751609883994924
1.398915393779923 5 0.6417177607173881 0.7925636007827789 0.33880903490759756 1.3776960934996
1.3345879532602614 5 0.5855179218123892 0.8379120879120879 0.46944556859571024 1.155483242771383
1.6341605580062806 6 0.7361863244371201 0.8040293040293041 0.5792134831460675 0.8756777655791123
1.3862893611368907 5 0.7419027814803228 0.8580060422960725 0.47224523612261804 1.2592596814991637
1.559576156273877 5 0.5194897064126704 0.8064516129032258 0.6320564516129032 0.7793336891137755
1.6304265826551552 6 0.6301366088697639 0.7860576923076923 0.41235521235521233 1.040175800549595
1.8513538740119961 8 0.529973013507244 0.8870636550308009 0.5781522370714701 0.9149809430184421
2.2782579263990614 13 0.43724969262527313 0.8708487084870848 0.5027203482045702 0.8497890784472112
2.352921776100822 14 0.5556903357751387 0.9147766323024055 0.4870530209617756 1.298608771099252
1.47696869428474 8 0.5367429747437747 0.9475862068965517 0.8655172413793103 0.900047462523005
1.7677544723289749 7 0.7086215599982758 0.9216710182767625 0.7393385552654482 0.9385339876614099
2.0377241948545666 10 0.6797904279158659 0.8327526132404182 0.570429104477612 1.1084902688149556
1.6884390632376705 7 0.5695753041700131 0.6867088607594937 0.2955729166666667 1.600620618395791
1.6020499154853929 6 0.8913742962923603 0.8396094839609484 0.6297814207650273 1.1263434265570689
1.6915531643337984 6 0.8095034064797527 0.890625 0.5914351851851852 1.2949941594189387
1.7001589424372456 6 0.5522728101578007 0.8536585365853658 0.6394069823051172 0.855015505191083
2.2200366237160143 11 0.6110834625629992 0.790717299578059 0.5429708222811671 1.0672121103262129
2.046729532747218 9 0.8197074407591163 0.8520801232665639 0.6052889324191969 1.0836730374657324
1.745063029412514 7 0.1942642986788929 0.984375 0.6785714285714286 0.9584384441457101
1.0871013763981807 4 0.602557639673853 0.8117229129662522 0.35997631734754293 1.266389361446876
1.4270560433975994 5 1.035342184474317 0.9653179190751445 0.6852367688022284 0.9611349285360843
1.9561794677022426 8 0.744541266139537 0.8792613636363636 0.4923835125448029 1.268804874938492
1.541970432790634 6 0.8224707440686424 0.8453333333333334 0.5702341137123745 0.7689758731529379
1.2468236415853091 6 0.5425095206421129 0.7601351351351351 0.40484234234234234 1.0855130519031058
1.3690341777232682 5 0.5429541495811723 0.8636363636363636 0.6515151515151515 0.637159983079657
1.3208843431586557 4 0.5399609851960294 0.8648648648648649 0.2882882882882883 1.201103642449162
1.4053434997833176 5 0.3288302513259407 0.7612612612612613 0.5015015015015015 1.0187596123638853
2.0097001819477454 9 0.7402489925689273 0.9137614678899083 0.6237230419977299 1.2984292973683929
1.6326249271788518 6 0.8796769885871393 0.850253807106599 0.6170531039640987 1.1835845608436386
1.2342409455896624 4 0.5112204637183958 0.9442508710801394 0.5524093392945852 1.0171572548506862
0.8082669580111547 3 0.3675519515134513 0.9289026275115919 0.49529411764705883 0.8992480337082628
1.7497719892197658 7 0.48100816669474494 0.6906377204884667 0.3625261688764829 1.8597651456388118
1.4769686942847402 8 0.3975769415389147 0.8455284552845529 0.42795698924731185 1.2162164116169631
1.680692185475912 7 0.6989196371626862 0.7280197206244864 0.2402972749793559 1.2069036637773747
1.2130035659909044 4 0.5286746593460906 0.9779411764705882 0.49413145539906106 1.0674404831100157
1.440228749736266 6 0.8752335382952363 0.6624293785310734 0.5588121866563825 1.326373054409065
1.5894385073877226 6 0.7854769872525704 0.7730727470141151 0.6279406442272891 1.3652605936347848
2.0140275237466008 8 0.7186958583275632 0.8670411985018727 0.4540873460246361 1.4478856394608486
1.7328619514198633 6 1.3702117246915893 1.0 0.536144578313253 1.3551291324346362
0.7214606867021781 3 0.3308076940055011 0.8095238095238095 0.2445945945945946 1.0401888792854073
1.9600871351652251 8 0.5809497524596127 1.0 0.7 1.0528312163512972
1.4729317587188835 6 0.6134905907405984 0 0 0
1.5867787075542974 6 0.9944514910932393 0.7437888198757764 0.4893719806763285 1.2174417939227165
1.1786499963652084 5 0.4167619755773941 0.8978805394990366 0.39646464646464646 1.2729453179947638
1.0397177708449181 3 0.5657749326789283 0.916083916083916 0.43356643356643354 1.5003937752717262
1.494170138304642 5 0.7290151226105505 0.9575971731448764 0.7573616018845701 0.9648265584855785
1.5110811760905445 5 0.7546392358185237 0.8325358851674641 0.7214457831325302 0.9560996737281918
1.559576156273877 5 0.5791358346560846 0.8722222222222222 0.35444947209653094 1.2915649992149065
1.8407417286006142 7 0.6468199256779215 0.8632478632478633 0.5742574257425742 0.9309508533828448
1.6304265826551552 6 0.435155824892358 0.9360568383658969 0.6362631288004422 0.9632197878834128
1.8858148502867351 9 0.561378356731384 0.9395484340859432 0.6557002513136851 1.0900835337620745
1.5034547872869155 6 0.8312669137762321 0.8282988871224165 0.6311605723370429 1.571961561313116
1.007619588052993 4 0.16591707058594238 0.8609583660644148 0.31535685645549316 1.31284141797473
2.0203188717569236 9 0.5322327904844966 0.9311663479923518 0.5467362924281984 1.021695232119536
1.858570363675738 9 0.37858705369326656 0.9565610859728507 0.6996133397776704 0.707048635711908
1.8946791172499884 10 0.5454341753013053 0.9430719656283566 0.5325241207594149 1.2570745864306296
2.3257661078122958 12 0.8405093399237455 0.844311377245509 0.5115740740740741 1.1384008260705922
1.55957515629021 6 0.7752980168348678 0.8315018315018315 0.6096866096866097 1.0574611596712984
1.4075267407406487 5 0.4327190603860713 0.8389458272327965 0.43466767371601206 1.1105497518712009
1.676690132615511 6 0.7232235829071595 0.8451612903225807 0.5036593479707252 1.1722458607113022
1.6462165538828697 8 0.5079590546950986 0.7179125528913963 0.4888888888888889 1.0062164939650045
1.3208843431586557 4 0.8318487430500211 0.8867924528301887 0.4805091487669053 1.0437878026645198
1.5992152566148932 6 0.3962279339383474 0.9483985765124555 0.5971153846153846 0.89124238742898
1.3832480952897084 5 0.4903379599979441 0.870063694267516 0.5630573248407643 1.6309079685490797
1.6418389789220027 6 0.5153731356880183 0.9577039274924471 0.5850956696878147 1.5575089101738595
2.0415552513774586 10 0.6526192741834312 0.8193604148660328 0.5443676939426142 1.2983386724437977
1.4614671293220243 5 0.5962005745257899 0.7516339869281046 0.5610021786492375 1.1496029788404454
1.564461031399326 6 0.22148301392225447 0.8677144728225278 0.3577586206896552 1.582672215110474
1.822449686539276 7 0.5611936686370487 0.922077922077922 0.41817243159525036 1.2481678091127233
1.3066419989704674 5 0.44586554693270575 0.7683089214380826 0.30059920106524635 1.4380563346895665
1.541970432790634 6 0.471842650175399 0.9281314168377823 0.7672826830937713 1.3467495955922943
2.04754929612028 10 0.6114591685990054 0.7626886145404664 0.4083574679354572 1.161900433717848
1.2996459635728974 5 0.5410532219448352 0.545144804088586 0.4503123225440091 1.6146992015973591
1.5933972318556822 6 0.5899164750623933 0.8501628664495114 0.5795644891122278 1.2767131304656818
2.0023373102166926 9 0.696795686784363 1.0 0.8143350604490501 1.0021084989595415
1.440228749736266 6 0.5483625640153472 0.6461086637298091 0.40874944763588156 1.0476751008968155
0.8313995205030316 3 0.29624821611131685 0.624484181568088 0.3463035019455253 1.3066951749514546
1.3046565297101702 5 0.44097833049180746 0.8272058823529411 0.5518358531317494 1.1521470428722553
2.0418534824435914 10 0.46786742574936624 0.9255094869992972 0.44681295715778474 1.2084781405238543
1.676981774344167 6 0.864246728635643 0.9166666666666666 0.5833333333333334 1.2558983673985324
1.889152163781021 7 0.7406624220179691 0.9681697612732095 0.3963369963369963 1.1957234413513067
0.9254174387211338 5 0.4612914284739956 0.8578648136449779 0.7614234575700147 1.0345704845134223
2.3991912963271123 13 0.5218141756033433 0.8776223776223776 0.43193384223918574 1.2875166761463535
1.8407417286006142 7 0.9601932878529038 0.9273927392739274 0.6232123212321232 1.0749906255156503
2.220015327893204 10 0.5840221576342463 0.9289617486338798 0.5805199844780753 1.0326995091798947
1.960087135165225 8 0.6216520472591427 0.8870967741935484 0.4378472222222222 1.099981800349755
2.3393607344578147 11 0.669484734659133 0.833916083916084 0.4786821705426357 1.0325271267304919
1.5660195124894747 6 0.3848439372989469 0.9665271966527197 0.5 1.1298254212460168
1.6016416361129386 8 0.3873952441588344 0.9658119658119658 0.6122448979591837 1.1299845911691246
1.5353000176362832 7 0.8070807140361184 0.919953596287703 0.7355623100303952 1.2672498127097362
1.8278311332166337 9 0.561556219773621 0.8731909028256375 0.5359735973597359 1.7650895645966354
1.9600871351652251 8 0.8400811996606243 0.925 0.6135331516802907 1.0697012786767566
2.5556163856692384 17 0.5812831666136994 0.8148571428571428 0.47706422018348627 1.2036902829631893
2.14182544928856 12 0.5620287273698776 0.8866231647634584 0.5252000865239023 1.1560333538292782
1.9701734400657505 8 0.6129446073704233 0.8235294117647058 0.35714285714285715 1.1507585637662243
1.0211310467514911 4 0.5793424626373826 0.4626278520849725 0.2544632768361582 1.4923062759380696
1.440228749736266 6 0.3926798473827728 0.816793893129771 0.4330708661417323 0.9820384404674656
2.0140275237466008 8 0.9532413038095408 1.0 0.7354221061792864 1.006713284095993
1.4614671293220243 5 0.798813636500123 0.8487394957983193 0.42436974789915966 1.4548069708652613
2.0097001819477454 9 0.62274796382597 1.0 0.5167130919220055 0.8859528943116025
1.0910020110154024 4 0.28281451467233487 0.686411149825784 0.24397299903567984 1.4064800778504956
0.5455925739719631 2 0.09991315673568166 0.9845070422535211 0.19624413145539907 1.3798534984540713
1.8080387196179968 7 0.6707626040939698 0.7714681440443213 0.5383615084525357 0.9857171703275788
2.2414308918888746 13 0.545212504806835 0.8899474375821288 0.6517683239364428 1.1948595444939092
1.9273841261826075 8 0.7291313861431031 0.8454106280193237 0.5058703420112303 1.075024609282488
1.6286128303726273 7 0.6723029242524952 0.7488584474885844 0.2731808731808732 1.5563337847553569
1.2130035659909042 4 1.495397018384846 0.8268551236749117 0.5700824499411072 1.254677327027362
1.249338231094037 5 0.7650849453343062 0.8107752956636005 0.5913272010512484 1.420595260104724
1.4648113849073128 5 0.888421634864071 0.9338235294117647 0.5183823529411765 1.324249714042978
1.14905569698277 4 0.4813037321024447 0.812 0.676 1.1018570805417711
2.114510412087318 10 0.6763856358572532 0.8936936936936937 0.6141242937853107 1.2604388350372735
1.5110801761045443 6 0.7397385822515118 0.6620689655172414 0.43628995947771276 1.261165210169478
1.6020499154853929 6 0.9549646062569063 0.8003120124804992 0.36769759450171824 1.494087682826322
1.736114182852863 7 0.6847156992517207 0.7894736842105263 0.40215924426450744 1.6124719527683258
1.0397177708449181 3 0.7161515088168771 0.8554216867469879 0.2706645056726094 1.471295943372249
1.9915013613945296 8 0.7906076945431408 0.7693693693693694 0.33962264150943394 1.3164293890200498
1.8184761630432396 7 0.5346497509267217 0.93717277486911 0.5695238095238095 1.0017287445761105
1.3917347695399336 5 0.4543698552797367 1.0 0.9366883116883117 1.2279587468313267
2.440710467753694 15 0.692546069036402 0.9908883826879271 0.574949083503055 1.1432108444848654
2.3439209813951436 12 0.7047863785462088 0.8647619047619047 0.48531767218366256 1.2064083645813757
1.196294254649707 4 0.6593778932594464 0.903663500678426 0.5829502167345331 0.9288748326706083
1.2130035659909044 4 0.43049520926397417 0.9340659340659341 0.5957820738137083 1.2948588135216197
0.9002530512753368 3 0.20011396269687012 0.6028169014084507 0.09527272727272727 1.466957592756614
1.494170138304642 5 0.7081028549818286 1.0 0.6194945848375452 1.1025222725829578
1.4013876466272657 5 0.4351832605864719 0.764456981664316 0.15623592976136874 1.8579851448022662
1.416134680378586 5 0.23559910125421193 0.861764705882353 0.375097885669538 1.4734828464400158
1.2945411658554375 4 0.3954228528078786 0.7754237288135594 0.5155367231638418 0.8984698071875324
1.981324514763983 8 0.82690352009029 0.8955882352941177 0.6562091503267974 1.0794959319128343
1.8904950331130803 9 0.6108415493245206 0.9010736196319018 0.5884146341463414 1.0611383457848846
1.440228749736266 6 0.5621742684504236 0.8925619834710744 0.4412171507607192 1.2272690633671606
2.002874041146183 9 0.5597546064132147 0.8260869565217391 0.49223257878384374 1.2230137459075017
1.0710138890401815 4 0.4206439861869194 0.7777777777777778 0.14814814814814814 2.1016737232734517
1.6459108300439593 6 0.8580529386218507 0.96875 0.8125 1.115167496467073
1.4677289293433524 5 0.5710520857692974 0.8007518796992481 0.438953488372093 1.3822693874019187
1.6674559334546282 6 0.2993142587589352 0.8865979381443299 0.47587354409317806 1.0234599384492051
0.8239562165098322 3 0.40067728404190783 1.0 0.6684782608695652 1.477161936972228
1.3862903611278907 4 1.0174419828110794 0.8695652173913043 0.5797101449275363 1.2026492005132945
1.8789594932338125 8 0.6777031042878595 0.8064918851435705 0.4467021985343105 1.2462085836178254
2.1088773006669306 10 0.6591032868210487 0.9401197604790419 0.47834645669291337 1.1637453660410613
1.4941701383046417 5 0.6123810813892968 0.717391304347826 0.3415559772296015 1.04024712970601
1.0397177708449181 3 1.1659796099993114 0.7085714285714285 0.049523809523809526 1.7496427249656137
0.37676816126100815 2 0.16325324618234147 0.6270718232044199 0.24007060900264784 1.4442628415991028
1.4941701383046417 5 0.7176346061603857 0.5957446808510638 0.3081761006289308 1.5637932285380007
1.14905569698277 4 0.663479471890829 0.6785714285714286 0.3873626373626374 1.5399473468316154
1.440228749736266 6 0.389027807324868 0.8626155878467635 0.7235358312113496 0.7324518977048696
1.190071307235074 5 0.31554338383519476 0.9540078843626807 0.4178802588996764 1.525857642208736
1.9869587702737943 8 0.7219776678394603 0.900709219858156 0.48220064724919093 1.0632482689134273
0.6931451805619453 2 0.43598468393752 0.9548872180451128 0.8446115288220551 1.2946763218976776
0.8647370965378594 3 0.09338651592520604 0.8526603001364257 0.3604289173296437 1.166476737929328
1.8095367641648985 8 0.3781678891413731 0.7909527073337903 0.4188744923612454 1.5724074180751888
1.6020499154853929 6 0.46998750527106203 0.9176201372997712 0.4330609679446889 1.333740581349122
1.4205659259751207 6 0.409359496093315 0.9435736677115988 0.3868378812199037 1.542604041854747
1.645909830058834 7 0.5284725309616983 0.693522906793049 0.27842809364548493 1.4186048999617498
1.9561794677022426 8 0.7355125782005019 0.9387755102040817 0.5177570093457944 0.9017650254118466
0.6885633693268978 4 0.3276283924946691 0.8772504091653028 0.5588705380927012 1.3318602776711017
2.245160589488765 11 0.7110911047952209 0.8115384615384615 0.4680458071666051 1.1223050401491157
2.166074939311829 10 0.7210074028376093 0.8310911808669657 0.5294374182293938 1.217725419396278
1.0408358374387054 4 0.4461989304408147 0.8367003367003367 0.6980920314253648 1.1380948016220735
1.981324514763983 8 0.7601725229062474 0.8864569083447332 0.621292157659488 1.4194895548035307
1.2554783251894204 4 0.5329680100912095 0.8836565096952909 0.5199692780337941 1.5408355221295489
1.559576156273877 5 0.864728180240272 0.84375 0.5729166666666666 1.0959461428575572
0.8852848344614438 4 0.3430013764725481 0.8476702508960573 0.4323818437061301 1.197095040441045
1.3345879532602614 5 0.4259717393247532 0.9921875 0.8255208333333334 0.8115810268672639
1.2148856539607453 4 0.2996051608492831 0.723404255319149 0.3978102189781022 1.3061820658647976
2.0610801448182783 10 0.6999502068023735 0.7797202797202797 0.5273556231003039 1.3509779896988428
1.461032647207122 6 0.5036660023992393 0.9087912087912088 0.49038461538461536 1.1142734873059732
1.0397177708449181 3 0.3569130908692174 0.6757493188010899 0.4913714804722979 1.4390262599298898
1.650752789321438 10 0.9221931279568649 0.9169329073482428 0.6890254309609148 0.948682954871637
1.7794475892451933 7 0.5493805859826572 0.8732654949121184 0.6532019704433497 1.1601987130831775
2.201112810530978 13 0.5973239293016611 0.9253246753246753 0.5293230563002681 1.03716863016086
2.1648480592016544 11 0.5027436257973359 0.8354430379746836 0.5749559082892416 0.9214869849656611
1.1363754184140493 4 0.12616901597480623 0.5853174603174603 0.3908741066520066 1.3750554062081592
-9.999994999180668e-07 1 0.0 0.6229508196721312 0.17304189435336975 1.4145062626872151
2.0887881030363307 10 0.7043229392448607 0.9207920792079208 0.7577706323687031 0.9187253470146474
1.8903547753831345 8 0.5719349469623047 0.7268041237113402 0.4122257053291536 1.3129209134262636
2.2685240920942547 11 0.8163052951788984 0.8559498956158664 0.4766355140186916 1.0371032473686748
2.187260992125642 10 0.8649406739949884 0.8430884184308842 0.5001681802892701 1.1219311409464052
2.1856854169663458 10 0.982939063083516 0.9061063690085358 0.6101986249045073 1.0930939444895833
1.9645748072883218 9 0.5718563540415803 0.958904109589041 0.6005077313639511 0.8495752450343692
1.7237997427578544 8 0.7653108626022269 0.7082551594746717 0.4237023139462164 1.259991157046817
1.960087135165225 8 0.7992441989942474 0.8972602739726028 0.508067852709971 1.0223621507203229
2.499050902979281 14 0.6612159435886913 0.7130518234165067 0.3918176825919824 1.0118601662567832
2.032878794249882 11 0.40124160067198567 0.867100977198697 0.6117363344051447 1.1648141416161644
1.0433504269474334 3 0.5261256624313281 0.7158469945355191 0.44897084048027447 2.076097861791334
1.9005782837344234 10 0.5463687868719985 0.8604344963791969 0.39378801042571676 1.5417899576605563
2.3617273668367695 11 0.5505848438766652 0.9660194174757282 0.453739900964295 1.1089234622979367
2.0252037468901496 10 0.5426037890478043 0.9372138652714193 0.5121227978370836 1.127065795944423
2.009700181947745 9 0.861332447352558 0.8561917443408789 0.6796235679214403 1.1029465720270408
1.8829668584497523 9 0.3453332162611567 0.8176438945669715 0.37848324514991183 0.8594674359947727
1.5988918797782983 9 0.4277237412345688 0.8697508896797153 0.51938136256852 1.1726535089463381
1.415734120070986 6 0.4325617362838199 0.7132616487455197 0.3106332138590203 1.8435604409393644
2.045568462187447 8 0.5913861955703851 1.0 0.8408195429472025 0.7630481933034216
1.5390786424600607 6 0.5464516372587123 0.9675090252707581 0.641491395793499 1.0590833523426013
1.1150619841118241 4 0.8026566275905075 0.8070739549839229 0.37883597883597886 1.4211488214341863
2.273201302398103 11 0.7167519775871204 0.8735271013354281 0.5063039150630392 1.2041575968743146
2.394688405941916 12 0.9681918910143625 0.8595600676818951 0.46438746438746437 1.1089937383364363
1.7115412863090194 6 1.3485593619131984 0.7983193277310925 0.33053221288515405 1.3624075922384402
1.3862893611368907 5 0.5564767150604276 0.9027027027027027 0.6184538653366584 1.3077779305418553
1.5047832836970243 5 0.5485951666710502 0.8350515463917526 0.5749792874896438 1.011446883313215
1.5607054090549066 5 0.8020997199218172 0.9142857142857143 0.4036076662908681 1.031718604054293
1.5010869059782634 6 0.6074360390635835 0.7624495289367429 0.7085994040017028 0.9313304576446738
1.0397177708449181 3 0.4508720978773895 1.0 0.40494458653026427 1.215957007463308
0.9507449270676422 4 0.24264168921712875 0.9686684073107049 0.6855524079320113 0.9373674272494793
1.7487786351421624 10 0.4235768663978149 0.922497308934338 0.6836532097948379 1.0411824075774272
0.8222613373494544 4 0.4503887788687125 0.9067909454061251 0.23064317902498976 1.9459578866849654
1.6479124330269144 6 0.9773353516710228 0.9525801952580195 0.7684797768479776 0.9649482736161823
1.7151715954730928 10 0.29143850161374013 0.9531021006350757 0.5830374214695438 1.2544101243249612
1.8745492623148037 9 0.8084190104317848 0.6921348314606741 0.46681470515667406 1.3793593560773443
1.7674448035125052 9 0.6136961709747885 0.6443914081145584 0.6316626889419252 0.8479202296722935
2.079432541729836 9 0.6355230966101277 0.696526508226691 0.3433179723502304 1.160297997144376
1.0480060144480143 5 0.290340050251667 0.8593548387096774 0.8081787521079258 1.0132846855773627
1.3789853127688474 5 0.711182387349626 0.9507042253521126 0.6830985915492958 0.9955932433202362
1.9363365499372243 10 0.5896282276674887 0.9203821656050956 0.7966981132075471 1.0377837827497047
2.0633266392262177 13 0.6708807222615973 0.8079739625711961 0.5557651497288375 1.1073226174781432
1.7328619514198633 6 0.6765651777515426 0.9310344827586207 0.5724191063174114 1.4324135467611938
0.9507449270676422 4 0.349621162353855 0.9162303664921466 0.19485495347564313 2.175935782889392
1.9434170546478637 9 0.33286888722995656 0.8769559032716927 0.5001025641025642 1.0137753783046377
1.5050671226459649 5 0.7286292032842934 0.8184818481848185 0.6853828306264501 0.8755564626213207
-9.999994999180668e-07 1 0.0 0.8151447661469933 0.2299554565701559 1.4859588530262189
1.3334690391277029 4 0.6969175430276737 0.9696969696969697 0.3712121212121212 1.4510828783335235
1.684924558217991 6 0.9458486613819597 0.9010654490106544 0.6638762049720954 0.9155158964450808
1.3864395575336173 6 0.4087047780086512 0.8191780821917808 0.6504065040650406 1.2914429369772342
1.8705608894619612 8 0.5847527921199333 0.9236883942766295 0.31446540880503143 1.6290036682004483
1.2822262894895544 5 0.44333020231337444 0.9215358931552587 0.4752365052865888 0.8981135094410932
0.9649599230141778 3 0.3169809146084699 0.828042328042328 0.532103825136612 1.023723868763811
2.3173259056273654 13 0.4950401175671073 0.8947368421052632 0.4835649680123538 1.1272280638208623
1.809003284299733 7 1.0999845636051544 0.9819819819819819 0.7062339880444065 0.9405189340948686
1.7249277864359636 7 1.2233457758343549 0.8946047678795483 0.6394585726004922 1.0689941583474618
2.2008176490954656 10 0.6552307921795929 0.8031496062992126 0.4856512141280353 1.0832268202985527
1.2404055588804124 5 0.18555567910708232 0.808 0.5305466237942122 0.9360935393429927
1.412332247614256 5 0.6246667631626043 0.8728010825439784 0.5899864682002707 1.1883097921285333
1.818446625712622 8 0.6755861293702848 0.7782101167315175 0.43776292996782973 1.3720163533507688
2.4005511264945003 12 0.8120987921163788 0.8507462686567164 0.44633152173913043 1.0334179443834668
1.6304265826551552 6 0.5697935076304133 0.8362369337979094 0.40184859154929575 0.9877866969642575
1.2227753162068027 4 0.25351603931276967 0.7880434782608695 0.2712765957446808 1.30870789849576
1.789015162324512 7 0.8502602679607018 0.8389513108614233 0.46 1.3369137480434548
1.5366438975297125 6 0.6957775643788424 0.8347750865051903 0.635524798154556 1.3010318642555576
1.9521302094561646 8 0.6688341072398104 0.9201623815967523 0.4809870550161812 1.097712779818188
1.0491858625115054 5 0.3876554138824291 0.9162956366874443 0.7938506588579795 1.1660758463695968
2.238869158549688 11 0.6817761878622517 0.8674832962138085 0.45006361323155214 1.1140678209852382
1.2281018514812791 4 0.4075400717551061 0.916058394160584 0.2706812652068126 1.3827810760794197
1.5708529637507074 6 0.46624612255449654 0.9027777777777778 0.7520576131687243 0.8600943669100274
1.674983012821834 7 0.7913945415073533 0.788235294117647 0.47006369426751593 1.055368798608842
1.3954936777351021 5 0.5784280896454969 0.9326186830015314 0.5297674418604651 1.655124782993955
1.6631295916377729 6 0.6801046439919853 0.8125 0.22276822276822278 1.320325756280143
1.5607054090549066 5 1.0615277402032717 0.8333333333333334 0.3606719367588933 1.1010386897627376
1.7001589424372456 6 0.690673343639099 0.9206349206349206 0.6855203619909502 0.9925583971279159
1.5430233192914322 6 0.6953324951255698 0.9178378378378378 0.6025965801139962 1.319260674634375
2.3310842897090436 13 0.6607395845666687 0.8457008244994111 0.4606986899563319 1.1324021207925141
1.7050428175886938 8 0.3730749351521443 0.8116490166414524 0.4140191628845184 1.412434146253895
2.0605365671150095 11 0.9303602178460713 0.8979456593770709 0.5973819912733043 1.0113372824544478
0.4293210219344571 2 0.2055187299159629 1.0 0.4239766081871345 1.854805026645658
0.16794214774719357 2 0.1428979758189802 0.8387978142076503 0.4781420765027322 1.742399164173422
2.252717336893822 11 0.761959708477758 0.9281045751633987 0.37871524448705657 0.9293576141504226
1.5964522890766975 6 0.4166530493972124 0.799752781211372 0.4161764705882353 1.0966250359292757
1.6561461041232985 8 0.5604955672572361 0.8283289817232375 0.5516795865633075 1.4068962971078154
2.0621037971013556 11 0.9206468358087648 0.9447731755424064 0.7212102177554439 1.1700288451337704
0.9965069445051583 4 0.24173643317013482 0.7794117647058824 0.2622549019607843 1.8336214874467511
2.369051633005923 13 0.5098860583783332 0.6696356275303643 0.1652542372881356 1.9432532939975788
2.046729532747218 9 0.6464874516544562 0.8035714285714286 0.535 1.1909196461191878
1.2730243365997505 4 0.596348894270018 0.7790697674418605 0.5104247104247104 1.304760582176856
1.6959369738899768 10 0.5765657247550495 0.8967921896792189 0.5108566916699566 1.0883770294151074
1.6613158393552447 7 0.5182761651843368 1.0 0.7808965228320067 0.6909856369838028
2.2071571498394347 11 0.5721570321395172 1.0 0.7627045650301464 0.6908136969085463
3.207690855182089 31 0.6655104198393358 0.9443635304398486 0.6965796579657966 1.0820959788727722
2.3661562825654747 13 0.6709752488734017 0.9056768558951965 0.5288095238095238 1.0101000819659516
1.3778145080585327 5 0.6033684695446561 0.9271255060728745 0.5782312925170068 1.155610211030577
2.3351204952227236 12 0.48860740227180993 0.8678899082568807 0.4489351403678606 1.0590758724304465
1.7226740602363042 8 0.5545834334252442 0.7670103092783506 0.3618556701030928 1.564521928185021
2.0688756458798117 9 0.5627023185104187 0.9267734553775744 0.4631921824104234 1.6213174257274912
1.9080278345713149 9 0.6434355707579428 0.9331651954602774 0.5528882220555139 1.0413888278633665
1.6228680833983122 8 0.5953087381477472 0.7119377162629758 0.3815885353412679 1.3143702208662404
1.8347425071424008 8 0.618164551953881 0.833822091886608 0.5519713261648745 1.2849011498758791
2.546709567087841 16 0.7079032821751614 0.8875242404654169 0.45705153815421495 1.4635434297261098
2.1795470782454687 12 0.7172225512425479 0.7865523465703971 0.3804804804804805 1.7172803985639837
2.4459332283233195 15 0.6207185510953673 0.9544592030360531 0.5182298214734725 1.2356260123790321
2.1046441073873328 10 0.34480244683909 0.8280130293159609 0.6026977314530962 0.7406567761363724
1.8705608894619614 8 0.8778955149530465 0.9533834586466166 0.5533822330888346 0.9319106512532789
1.679353361427308 7 0.8374232847488793 0.8816267247639796 0.6860933428097608 0.8377119836571438
1.8080377196319966 8 0.7474346984251193 0.8571428571428571 0.43563922942206657 1.2650084221804379
1.5521487791826205 9 0.4707418122106014 0.7115666178623719 0.49306975687343785 0.9506639725514628
2.0353220644741516 11 0.6435376927261923 0.9280479680213192 0.5222581950627276 1.202043690000603
1.0680011802166451 5 0.23326633335102234 0.8902439024390244 0.5320121951219512 1.240365464488973
1.7647160208589994 8 0.7921804240616495 0.8968992248062015 0.7000513610683102 1.101071314180727
1.4866560496915564 7 0.6074719438361391 0.935251798561151 0.7458033573141487 1.0590996089423617
1.2996459635728974 5 0.4433074784639595 0.9534574468085106 0.6213991769547325 1.6745016317281243
-9.999994999180668e-07 1 0.0 1.0 0.7926829268292683 1.0750976675192079
1.8446134764169608 8 0.3585957277041609 0.8393013100436681 0.44409199048374304 1.2985123130101057
1.874632740579668 8 0.7895236142658574 0.9215686274509803 0.6036320568495854 1.2166630315271987
1.4142740651423082 5 0.8204600262340292 0.8962472406181016 0.7063273727647867 1.078265306025187
2.1333719303292114 10 0.7016414524610177 0.9664723032069971 0.5166002656042497 0.9666831602019129
1.580812535886635 6 0.8823432267052653 0.9687092568448501 0.9165580182529335 1.1639060724286896
0.9554431414136643 4 0.2944133993777139 0.5390625 0.34106728538283065 1.0359650783592804
1.7828848533775585 7 0.29228184744279045 0.9470198675496688 0.9205298013245033 0.8524365499975065
1.5459429594535998 7 0.18529256845399597 0.6666666666666666 0.3333333333333333 1.1844726708715985
1.4177345379312398 6 0.22403143630096373 0.8983050847457628 0.6031746031746031 1.2093981159351808
1.6376598803769307 6 0.5820019956529077 0.8507890961262554 0.6591760299625468 1.1781218184041633
1.8438534380081164 8 0.8783094540607623 0.7919556171983356 0.5867302688638335 1.1426171781026684
1.7213953220500036 7 0.5713354550529083 0.9119850187265918 0.671184443134944 0.8773039569217569
1.6843669712365308 6 0.5296541072830784 0.8118279569892473 0.39389736477115117 1.28921124133823
1.7588204135243037 8 0.5851838877081353 0.8638676844783715 0.37628865979381443 1.3197249576793117
0.9160641370329957 4 0.6385380761252287 0.1059190031152648 0.058151609553478714 3.492634102529763
1.5641461872969882 6 0.6034679295497399 0.9074982480728802 0.6178462975940201 1.5111784256468874
1.5154075179034 5 0.8651285778656199 0.6226158038147139 0.3215258855585831 1.3156250458429153
1.435564885850823 7 0.5566575265082796 0.9129129129129129 0.7253384912959381 1.4449631651380257
1.7498771036821534 9 0.6160005036074898 0.8780487804878049 0.6329370832125254 1.1839090950171804
2.3588411390114197 13 0.9828975186942666 0.6 0.4117647058823529 0.8931996340950148
2.301708616773126 16 0.6663236900015534 0.8495575221238938 0.49204368174726987 1.1738095206214274
1.6397003574408564 6 0.8543498345924135 0.8538812785388128 0.6028059990324142 1.346771396474167
1.923060868138912 8 0.8992686587331306 0.8818897637795275 0.628463476070529 0.9649363354810625
2.00790272158654 10 0.7803530965712465 0.9545726240286909 0.6269747235387045 1.1738069991692492
1.4270560433975994 5 1.0671044558082767 0.7783641160949868 0.5857519788918206 0.9553640845087255
1.942499301645666 8 0.5907941332698226 0.8791946308724832 0.5185497470489039 1.1247099791979298
2.199774604247994 14 0.660035242460777 0.8672817601135557 0.4394250513347023 1.2568978873311134
2.521187362533506 15 0.5505062233778384 0.8124625524266027 0.39776754075124027 1.0924715153193383
2.088884008502162 12 0.6653783033066213 0.8402323892519971 0.5044776119402985 1.1734624948518408
2.6387218288702314 18 0.7679759883539153 0.9253246753246753 0.2890955198647506 1.0171933431229008
2.1514530992819134 13 0.4933726091737642 1.0 0.7352941176470589 1.3168179046174353
2.2112109662082955 12 0.5962115225927181 0.9207017543859649 0.5370529943989659 1.2732244751254183
2.4394978226553543 14 0.4934823045281738 0.8820326678765881 0.27197518097207857 1.4821428881614473
1.5437841850731622 5 0.5007544182168951 0.9107142857142857 0.5416666666666666 1.098011083356718
1.864706259526815 9 0.3106025155044008 0.883441258094357 0.499476165531692 1.1435316704097465
1.396907050963269 6 0.188962455399803 0.9418457648546145 0.47946084724005134 1.0905278199358377
1.7170699802191483 6 0.7962406810550785 0.795355587808418 0.4791764155357979 1.5775603036064314
1.3180188017344843 5 0.4899049221521845 0.9609375 0.8072916666666666 0.9971954386826423
1.629994559186445 6 0.8419570478915408 0.646551724137931 0.31767955801104975 1.6022808575703755
0.8082669580111548 3 0.7744851877351684 0.7215568862275449 0.47305389221556887 1.3955837861656313
1.9273841261826075 8 0.5430122674180976 0.8039816232771823 0.5410138248847927 1.4583113518156994
2.0992828000019204 10 0.5977073903870352 0.8454810495626822 0.32049110922946655 1.1186716787558475
1.5335848003498327 6 0.7026538753841111 0.8130718954248366 0.520284399832706 1.37114381633113
1.7057623153933856 7 0.5405086577402691 1.0 0.8571428571428571 1.0758828748564373
1.624215588275061 7 0.6847934206853552 1.0 0.902846814279259 1.0830111653969432
1.545095416504395 10 0.6097245821281831 0.7891682785299806 0.6057382333978079 1.084873898142479
1.7900805106109359 8 0.6991210506208685 0.9625748502994012 0.5800536672629696 1.279514389593228
1.4270560433975994 5 0.6066945778243165 0.9323943661971831 0.25668896321070234 1.610941777998487
1.4770394048725515 6 0.6094762060207934 0.88 0.5467806841046278 1.1182659150932264
1.7728747985075104 7 0.941787015212781 0.9068627450980392 0.5071647901740021 1.1420872132731104
1.9061467465838493 8 0.8303400631673318 1.0 0.7296614451743305 0.8727616247888801
1.6533874760677991 8 0.8489548787023087 0.8306320907617504 0.5579276230148399 1.2122545047022697
1.7309096774305244 8 0.7469889709911515 0.9926715522984677 0.7979125027759272 1.122196349157538
0.9180419180850247 4 0.8859452989583537 0.8453333333333334 0.6737777777777778 1.2495592167667227
0.9002530512753368 3 0.9600380851598204 0.8482269503546099 0.6822695035460993 1.1403383480283666
0.7529716827772219 3 0.16227172849285765 1.0 0.41727199354318 1.4350453530248646
2.2303335350355726 11 0.7369573964936594 0.8570205479452054 0.5612488083889419 1.097845453353676
1.522950067546318 5 0.47777561600644575 0.8654708520179372 0.2974607013301088 1.096640987916475
1.8069828458572723 8 0.8062522222182237 0.843520782396088 0.4893197502464673 1.232172137503147
1.3318092676624451 7 0.5707237906995495 0.8257229832572298 0.6402363949766068 1.68918741290742
1.2705738039734078 5 0.6160241739992297 0.7215756490599821 0.2784243509400179 1.50689122160745
1.4729317587188837 6 0.39859526598234096 0.9810126582278481 0.6936152570480929 0.8888696323603439
1.3862893611368907 5 0.7537887677836211 0.7716535433070866 0.3293963254593176 1.3474383473712757
1.4614671293220243 5 0.5990717284957944 0.8720748829953198 0.4706188247529901 1.1601026240654728
1.889152163781021 7 0.7705653678965532 0.856 0.2261904761904762 1.2147439552531407
1.1499131378053324 4 0.523537222993023 0.8193548387096774 0.5483870967741935 1.4299105400537329
1.249338231094037 5 0.46416723767852647 0.8904299583911235 0.5586769370185772 1.0408945854058345
1.8886228495529491 9 0.5915465610525561 0.9054054054054054 0.5375375375375375 1.5672167149053358
2.3151562890718105 13 0.522674545802745 0.7849898580121704 0.3037097431716266 1.5983035908804926
2.1038792707487386 12 0.8336918111144325 0.715427657873701 0.4600770218228498 1.1763454246456115
1.523119642772318 6 0.8438482028465284 0.744408945686901 0.6258430954916578 1.2858441382411396
1.6304265826551552 6 0.5260900759333291 0.9210084033613445 0.5339805825242718 0.7765247142101134
1.4553280352086413 5 0.6816367660098265 0.7483617300131061 0.5580712788259958 0.9305511148755282
1.8793882427591988 9 0.6452391192171112 0.9282960678488821 0.4111299195937368 1.2556200583414288
2.1660749393118284 10 0.7163895493141959 0.7149460708782742 0.3612931411096549 1.187522455784496
2.0046277957505416 9 0.6752499698470593 0.9170854271356784 0.45286252999657184 1.394851521009361
2.163945656947056 10 0.833558448921079 0.7845968712394705 0.4811650485436893 0.9838510110878871
1.7001589424372456 6 0.9415794369996395 0.8520900321543409 0.5830653804930332 1.0831960392873974
1.082192530043434 3 0.41581092089288635 0.775811209439528 0.5880039331366765 1.0053771541614815
1.8193145718950448 7 0.636710370972866 0.8427260812581914 0.5618314077877621 1.0066708532944446
1.736114182852863 7 0.8941028134462182 0.752317880794702 0.31358131487889274 1.431739879278598
1.7551076809403023 8 0.827129267374374 0.964964964964965 0.7320496083550914 0.9339866184731536
1.8343649703107905 7 0.6163633812017699 0.9088471849865952 0.6923682140047207 0.83356485402814
1.729780733818347 8 0.48683184718799993 0.8837837837837837 0.6255180580224985 0.91555227443179
1.1450881950732448 5 0.5289574313210451 0.5654885654885655 0.21680497925311204 1.4818385682150752
1.6749830128218337 7 0.40691015203341774 0.8725 0.7833333333333333 0.9074374460276273
1.559576156273877 5 0.7126087846838252 0.9183673469387755 0.4676328502415459 1.1138269318914245
1.3334690391277029 4 0.6414309268798857 0.7965217391304348 0.5612590799031477 0.930132381088535
1.960087135165225 8 0.701759557456818 0.8753894080996885 0.6316287878787878 0.8718217034817114
1.7721313884841945 8 1.0327821949252582 0.8959537572254336 0.4851024208566108 1.3965055300185312
1.5229500675463181 5 0.5405487952247647 0.8313953488372093 0.46904024767801855 1.057895368892356
1.3896761920031544 5 0.5474034792613702 0.8651685393258427 0.5331325301204819 0.9201382566900316
0.9556968911186593 3 0.598126305968142 0.7083333333333334 0.27631578947368424 1.3473868198163672
1.5606942228730645 6 0.7975259806986412 0.8706395348837209 0.31230283911671924 1.2886800010560302
1.6438148248765303 7 0.6416746680147736 0.9585062240663901 0.6983523447401775 0.9080583612468516
1.9600871351652251 8 0.9212265499120975 0.9363295880149812 0.7019906323185011 0.9552430608053665
2.138256805470437 11 0.6340333724647759 0.906093906093906 0.4807413843035042 0.8889711764883446
2.138256805470437 11 0.6340333724647759 0.906093906093906 0.4807413843035042 0.8889711764883446
1.5481095269040173 6 0.5915412635208048 0.7236363636363636 0.5298142717497556 1.3350441820700762
1.2440116958164495 5 0.5838079636783977 0.8433098591549296 0.7406103286384976 1.2292117174282446
0.37676816126100815 2 0.09523809523809525 0.9191616766467066 0.3393213572854291 1.6120057147704174
1.9061477465658496 7 0.8157399759744383 0.8511904761904762 0.4425182481751825 1.8011903476848161
1.2440116958164495 5 0.34823573211359743 0.7905918057663126 0.2963855421686747 1.3035818170526623
1.4614671293220243 5 0.5774713234629252 0.9068627450980392 0.44199346405228757 1.3402311903183441
1.455991447032698 6 0.7734714972912782 0.7896865520728008 0.37992545260915866 1.1085772150770499
0.9505179101341041 5 0.21557617834839474 0.8806282722513089 0.4532736429770565 1.1380547124385343
1.3030874037806188 5 0.640316157215123 0.8254847645429363 0.49658703071672355 1.5198383019169848
2.002874041146183 9 0.9058289310739972 0.8301282051282052 0.5341463414634147 1.0523543238972286
1.2554783251894204 4 0.9512153167829445 0.8666666666666667 0.4380952380952381 1.4569229662105145
1.7930860134613433 8 0.7213323981576433 0.7710280373831776 0.4734997809899255 1.6296812393305395
2.425466704789127 13 0.8210868149980177 0.8372615039281706 0.39523645150155334 1.3443144275299042
1.676981774344167 6 0.7078569698240021 0.926829268292683 0.43876836948915326 1.378375580627928
1.5047832836970243 5 0.5013352231729377 0.5783410138248848 0.03571428571428571 2.0972592737308937
2.1703065416022573 12 0.5706557614727922 0.8591470258136925 0.37317571511967307 1.0380680857634583
1.8049304331969012 8 0.9046912886150803 0.9080996884735203 0.7077001013171226 0.8106065212532253
1.5934372856843844 6 0.41971501027075714 0.8333333333333334 0.37280701754385964 1.0897355304633483
2.3066577254751977 11 0.8265303736306918 0.8643410852713178 0.344206974128234 1.3770245233852276
2.1333719303292114 10 0.9261052847484449 0.8184281842818428 0.38868081564710777 1.4989437673925203
1.2996459635728974 5 0.6981681331107582 0.9659090909090909 0.7897727272727273 0.682668702869895
2.216053551480102 14 0.6227781948821578 0.7332259796027912 0.31080246913580245 1.578070290399171
1.9600871351652251 8 0.6218889034489389 0.8613445378151261 0.43863636363636366 1.0225435325543226
2.3772608291625223 14 0.7107583888469637 0.8638911128903123 0.5303643724696356 1.0596659487211897
1.9600871351652251 8 0.7527590595238713 0.8852459016393442 0.41203703703703703 1.1781452858215362
1.8372791605462953 8 0.6999073190899879 0.907108239095315 0.5311588438080085 1.0301528910971602
2.0140275237466008 8 0.9260348389762518 0.8939157566302652 0.505589430894309 1.0481997686334676
2.0397025559948414 10 0.6143987331794275 0.9391979301423027 0.41168289290681503 1.4533846709337186
2.120198224008169 10 0.5762008169456388 0.8998682476943346 0.47608695652173916 1.2498191871554998
1.4200311879812253 6 0.2822255816382947 1.0 0.880466472303207 0.6623819501560751
1.4483603911881382 7 0.5251812618595535 0.6572212065813529 0.2340036563071298 1.373606216042168
2.090609764840808 10 0.6135491389885814 0.8126064735945485 0.4284971398855954 1.3079949939388367
1.8891521637810211 7 0.689170432882932 0.7932011331444759 0.41102756892230574 1.2442201748107597
2.216092248151263 10 0.8343548521804901 0.8079019073569482 0.453804347826087 1.1652233276297805
2.5320342222355587 16 0.5658570603535684 0.7667826951765291 0.469981807155852 1.1099282929775007
2.176532831877413 14 0.5984702300230721 0.866462010744436 0.7152794727849646 0.8715541793774105
1.9769971729651274 9 0.8102414854696769 0.8579040852575488 0.6325719960278053 1.226797682200247
2.2006521885901487 11 0.6447231221409687 0.8311068702290076 0.6548920661620409 0.9464311346084996
1.4880300442092587 6 0.7094899584276797 0.5325034578146611 0.3539967373572594 1.4588742687131058
1.9521302094561646 8 0.5493866241293244 0.9151515151515152 0.6606460576589094 0.7973942893845702
1.6361656192628675 10 0.40211646947905866 0.9547198772064467 0.6340964840556009 0.7825210826331953
2.0097001819477454 9 0.765512866132321 0.896457765667575 0.46420901932712955 0.9912296186159348
2.1116208425722682 10 0.793947824320998 0.7870967741935484 0.44674698795180723 1.6183629183913477
1.8153136766200546 7 0.656193118173847 0.8193508879363135 0.4866653688923496 1.1079557612269242
1.3398083546542332 6 0.5188797482066394 0.8277511961722488 0.5998233215547704 0.9594333810789702
1.8913749432893043 8 0.6951708345575122 0.7807971014492754 0.44929116684841874 1.3350428508159937
1.4201114367096959 5 0.6757059587722551 0.8858321870701513 0.3151041666666667 1.7372823180918855
1.9273841261826075 8 0.8498257475812777 0.9609120521172638 0.5794491525423728 1.1014802723972728
1.7479582369372377 8 0.6797660299491316 0.9818840579710145 0.5618427641462194 0.9136046893321753
1.3633571023810602 6 0.4475721244728836 0.8044515103338633 0.49203084832904886 1.0528194904833077
1.3050923719579406 4 1.0448499256400383 0.7404718693284936 0.4029038112522686 1.144502575563616
1.190071307235074 5 0.4062189841608765 0.68359375 0.48120300751879697 1.3491560302924155
1.0340013408939919 8 0.3188195888773278 0.8076463560334528 0.4736108961461074 1.085535467213823
1.6326249271788518 6 0.46818761049119356 0.8431372549019608 0.5653325485579753 1.11924644314818
1.7497719892197658 7 0.7622380147549913 0.5160796324655437 0.20652680652680652 1.4599042596788683
2.0288265583490706 9 0.7080983230923381 0.9114359415305245 0.6712839637719765 1.04877756759733
1.4941701383046417 5 0.5923231981450925 1.0 0.6898197242841994 1.083510194209579
1.3534919086599158 5 0.6308211577006225 1.0 0.880184331797235 0.9552758412921685
1.460301906239751 6 0.6762334474479792 0.8978165938864628 0.7528735632183908 1.3728401206132557
1.4873474111358607 5 0.4972298444567592 0.8625114573785518 0.5568786420065873 1.0210872715556065
1.3334690391277029 4 0.9248791085315564 0.9129746835443038 0.5163502109704642 1.123725370512645
1.8184761630432393 7 0.6401707783458103 0.9367311072056239 0.6045694200351494 1.0698850561250597
1.5607054090549066 5 0.7044064599145579 0.9818840579710145 0.4416575790621592 1.2828318515587913
1.5764861940737795 6 0.5450578100829968 0.9313304721030042 0.5317627261253681 0.9947081132285075
1.690765838229778 6 0.31729614906886905 0.9432624113475178 0.7171680117388114 0.9758057765936518
2.20251107488232 10 0.6200759770907929 0.8482613277133825 0.5841860465116279 0.8752829895192068
2.374099266352534 12 0.8732006067172242 0.9464105156723963 0.6247887323943662 0.9466400958295494
1.688215551821084 8 0.3413105911123289 0.9336661911554922 0.5388554887552883 1.2449040964331273
0.8622644783230589 4 0.3862655897785454 0.9788732394366197 0.573650234741784 1.1137084197467533
1.8954227052729653 9 0.7813942615462288 0.9508333333333333 0.7236842105263158 1.1828133692252907
1.8673640800565234 8 0.5843825103978119 0.8350785340314136 0.7338082901554405 0.7536654339099974
1.6762269391977296 8 0.5611696341270642 0.7772151898734178 0.579324894514768 1.0976818198808098
2.54333267010619 15 0.785484412484789 0.8107876712328768 0.5187236286919831 1.2799649650581706
2.088420253065985 9 0.7449205468366393 0.8677551020408163 0.5353086419753087 1.1549133221310144
1.9933537705646067 9 0.5356316663612434 0.9945255474452555 0.6186170212765958 0.9391476100532321
1.8958184762370065 9 0.6690871839235075 0.841091492776886 0.5264003673094583 1.2938403218482455
1.0608539471628964 3 0.24392919458343726 0.4671916010498688 0.26848249027237353 1.5695095028538175
1.7768359883653564 7 0.8952251503278166 0.8793650793650793 0.6172839506172839 1.1289438781702734
2.4348089786303175 17 0.8801164066170132 0.7307343608340888 0.49775051124744374 1.4153894868898602
1.704545445289297 6 0.40509644969750397 0.7853211009174312 0.39828693790149894 1.4514920531934639
2.0992828000019204 10 0.7404907090192515 0.9061277705345502 0.5787278415015641 0.9857884390969419
2.196491059141983 12 0.6160546655349426 0.8333333333333334 0.3620917500471965 1.3358859675799606
1.3862883611548904 6 0.4270677546722516 0.8745098039215686 0.7797695262483995 0.8661909693833375
1.7001589424372459 6 0.7562986686385762 0.8454038997214485 0.5195454545454545 1.2552429365109272
1.3437838946517828 6 0.4685031171441675 0.9595687331536388 0.7178542178542179 1.1768824297092086
1.7930860134613436 8 0.7394951678536426 0.953125 0.7222222222222222 0.9054019196566926
2.0652722887392163 11 0.4646744970448841 0.9114391143911439 0.6610582784686662 0.9186853460325475
2.187312318910587 10 0.7382245109483269 0.7602739726027398 0.21346938775510205 1.5021390235855323
1.7222539557569752 8 0.7452434785988958 0.9202755905511811 0.6761811023622047 1.0253469339212655
0.9743117528756828 3 0.36620544412087924 1.0 1.0 0.3627378987167765
2.5480692428668386 15 0.9468363242305251 0.9513797634691196 0.6263387544625149 1.166002915402478
1.955974846642862 9 0.5480542358549759 1.0 0.7774762550881954 0.8228320474321693
1.0336965498709902 4 0.495717474260251 0.912043301759134 0.6609271523178808 1.379037939468772
1.7868013400192388 7 0.8396848885387396 0.8914835164835165 0.5947802197802198 1.2871188577761419
1.7497719892197658 7 0.7055125793522817 0.8480325644504749 0.4832464631422189 1.1547733269692504
1.7234622234216381 7 0.6133330618227294 0.9454314720812182 0.6846282372598163 1.228389590390146
1.923057784365752 8 1.0131225009278653 0.8247011952191236 0.674568099638409 0.9409340017665782
1.6715892780445456 6 0.7044454593037434 0.8798646362098139 0.6540362438220758 0.9330766501626057
1.7213953220500036 7 0.7662932717216748 0.8492871690427699 0.579938900203666 1.162319848852031
1.2996459635728974 5 0.4167415732591767 0.9137254901960784 0.6888888888888889 0.9886271406286122
1.6242155882750609 7 0.6556468893878731 0.8172942817294282 0.5638629283489096 0.789105223056592
1.4750713110698617 5 0.8168610837100885 0.9272727272727272 0.5751445086705202 0.7953872303095149
2.605487566258791 16 0.517510885198982 0.5 0.4393939393939394 1.5494939021527478
1.975755297376533 10 0.8887861821625511 0.8421480878763222 0.5211750305997552 1.2361495080426987
2.29241544930051 14 0.7704572980155834 0.8166172106824926 0.32302807486631013 1.3271559609805297
1.4734963851086484 6 0.9962711655184069 1.0 0.7777777777777778 0.7737890683486394
2.0075483074751705 8 0.593676574847035 0.0 -0.6666666666666666 3.443375672974064
1.9729934064302794 8 0.8457964657094835 0.8354430379746836 0.3047945205479452 1.423917999081132
2.701765728891794 18 0.9286723096443621 0.7 0.47058823529411764 1.2703151847792413
2.050074630308836 11 0.9531966570040162 1.0 0.5277777777777778 1.3730741048495054
2.409302784754942 14 0.73826001209547 0.9095127610208816 0.7484756097560976 0.9909515908181815
1.7728757984917607 6 0.5072513587408142 0.8 0.5333333333333333 2.767542648054294
2.3503162597966987 11 0.7940680763421494 0.717391304347826 0.49044585987261147 0.8761514648456109
2.3152285226625664 13 0.9070085238738973 1.0 0.7388535031847133 0.967629800703989
