1.2306941036856511 5 0.7553131642026998 0.4596100278551532 0.23491179201485607 1.3186045102555217
1.0596806673901662 4 0.776375298812401 0.299412915851272 0.19830397912589692 1.3141984130171913
0.8852848344614438 4 0.5290085517671388 0.46016483516483514 0.44368131868131866 1.4022984313965503
0.6236528495704226 2 0.5432443800587727 0.21978021978021978 -0.018315018315018316 1.1544987999594076
1.2130035659909044 4 1.0719512943330296 0.42900302114803623 0.29003021148036257 1.4463832658908906
0.562333144621475 2 0.34922853003778254 0.45161290322580644 0.5053763440860215 1.4815650868853347
0.6931451805619453 2 0.896353227096975 0.7043269230769231 0.35096153846153844 1.490278222414859
1.0331100875345045 4 0.5027143332066871 0.30184804928131415 0.08898015058179329 1.211581726630885
1.8422491449562777 9 0.8300307401633187 0.2988929889298893 0.1371841155234657 0.9183676566008304
1.1204995200346255 6 0.6724924407376965 0.34845360824742266 0.23009643417806683 1.436984781822711
1.0417447893765985 5 0.5835705165074342 0.42551724137931035 0.4165529786266485 1.353918900933077
0.9173693353328622 4 0.5116853634279814 0.4621409921671018 0.20452567449956485 1.146811358894745
0.6779057256561851 3 0.2819767674046538 0.5296167247386759 0.508130081300813 1.0481901319593103
0.6856641811782919 4 0.4439879351730957 0.495253164556962 0.3673523206751055 1.4451503183513486
0.562333144621475 2 0.40743328504407955 0.6959553695955369 0.39423523942352395 1.344933389230908
0.9554431414136643 4 0.7806195722499968 0.5434027777777778 0.15046296296296297 1.6239482493479598
0.6931451805619453 2 0.5704065990617113 0.6126255380200861 0.4131994261119082 1.480168102319505
0.759782767758782 3 0.6487625986725805 0.35780590717299576 0.3268635724331927 1.4526341396943585
0.8815292611983065 3 0.745150107703239 0.4345146379044684 0.4242728184553661 1.5870441063192169
0.6365121682970628 2 0.4965593161474719 0.375 0.3072916666666667 1.2197264420259566
0.97432580995695 4 0.653811712415325 0.6074600355239786 0.48283007696862046 1.262885037467394
0.6837359058583963 3 0.6047143291387456 0.23121387283236994 0.3978805394990366 1.523225870420001
1.222261923566135 5 0.8576221609968393 0.29545454545454547 0.06898148148148148 1.881261426891671
1.0609541504576758 4 0.9206892377773334 0.6546666666666666 0.48 1.3100678176026437
0.8305206914932463 3 0.4104615156568991 0.5506756756756757 0.3614864864864865 1.3488310556497791
0.7589337727720928 3 0.3391931436658912 0.5 0.3939393939393939 1.2139129922322665
1.2130035659909044 4 1.258863601974658 0.6216216216216216 0.22522522522522523 1.4914239988721685
0.9718457712424033 3 0.6639454721334784 0.536036036036036 0.5675675675675675 1.2203553997757322
0.8815292611983065 3 0.5734348296745309 0.48990825688073397 0.2470948012232416 1.7145440505486267
0.8239562165098323 3 0.45273148535577623 0.33248730964467005 0.12351945854483926 1.6336187684813126
0.7029159307848437 3 0.4569407051947375 0.6533101045296167 0.27409988385598144 1.3947534098747634
1.599215256614893 6 0.7780286725929945 0.2982998454404946 0.01899335232668566 1.6259032982294055
0.777459131921656 3 0.5506007863936829 0.36092265943012214 0.36432049579459935 1.7356284697566926
0.9705439443700208 4 0.5983800392165692 0.21951219512195122 -0.07859078590785908 1.1132781468581565
0.9518256804698231 4 0.5935365366100191 0.29580936729663104 0.07066557107641742 1.1259704591778736
0.6615612381601154 2 0.17461426501889127 0.6102941176470589 0.24632352941176472 1.4706376992058185
0.68531220727849 2 0.48891994205289546 0.3488700564971751 0.2961393596986817 1.7338940811531207
1.2519438597953156 5 0.6101080658921937 0.4223669923995657 0.09049626986701265 1.783807505147297
1.1246662892518389 4 0.6604816922294598 0.32771535580524347 0.08223116733755031 1.7058551063342091
0.9743117528756828 3 0.863111159330901 0.29775280898876405 0.0 1.8405349653100058
0.96474304524812 4 0.40824161767696193 0.6631393298059964 0.41710758377425045 1.271413450023673
0.6885633693268978 4 0.37796331599688054 0.3333333333333333 0.5555555555555556 2.049038105676658
1.0373873246496352 5 0.563056473543914 0 0 0
0.6365121682970628 2 0.2619213975283369 0.5760869565217391 0.317287784679089 1.2201892843409303
0.8587379130152242 3 0.4914879099169019 0.43159922928709055 0.18777292576419213 1.3501367150238108
0.562333144621475 2 0.4074332850440796 0.8741258741258742 0.42424242424242425 1.1525619466557246
1.0397177708449181 3 0.8677725483373229 0.6325088339222615 0.6514161220043573 0.9118745443586329
0.7029159307848437 3 0.7321336210976447 0.3492822966507177 0.3009037745879851 1.6386925114699757
0.6931451805619453 2 0.34922853003778254 0.6166666666666667 0.4740740740740741 1.2263817294775803
1.0609541504576758 4 0.984336804162461 0.5675213675213675 0.4586894586894587 1.1538094003224462
0.6615612381601154 2 0.814866570088159 0.3836589698046181 0.2693901716992303 1.6683157892434517
0.6816224336268306 2 0.5347561866203544 0.57319737800437 0.4578781257586793 1.3085286038101513
1.2919010073697945 5 1.1959616016499466 0.26391096979332274 0.11711711711711711 1.5828447563284354
1.0645704871685657 5 0.7072187258645173 0.44540455616653574 0.22184743124026984 1.3232111662553516
0.9944445916057314 4 0.49806390997192973 0.39579349904397704 0.17845761631612492 1.2463926059545105
0.861327133558511 4 0.46653058899478245 0.5420814479638009 0.41116138763197585 1.138148786111003
0.6911907820052087 2 0.552006386188753 0.4758324382384533 0.40350877192982454 1.2392127059276252
0.8292928063228837 3 0.38527497228023383 0.5499001996007984 0.333666001330672 1.3500002399639737
0.9454525408721228 4 0.5084064500990483 0.49206349206349204 0.30606430606430607 1.3578158181779092
0.9470541522889973 3 0.3852901061865995 0.486090775988287 0.22840409956076135 1.317774964669458
1.037587108111206 4 0.7884607207606142 0.16774193548387098 0.06007067137809187 1.5910315411029765
0.7774591319216559 3 0.6753440883714005 0.16502115655853314 0.14719411223551057 1.8687904799856379
0.37676816126100815 2 0.34922853003778254 0.1940700808625337 0.09074573225516622 1.4187312755328234
1.0053834327751212 4 0.5575711966331904 0.5071174377224199 0.2846975088967972 1.3913095110609621
1.584250569510237 7 0.8792851983338761 0.5388535031847134 0.30924630924630925 1.7631842498488122
0.8082669580111547 3 0.48996974434904117 0.5574018126888217 0.41842900302114805 1.9078648671357112
0.9984240905676026 4 0.5686722386524865 0.3111495246326707 0.1859799713876967 1.527314646447146
1.0336965498709902 4 0.719994463644683 0.576797385620915 0.46255974508762615 1.4139096109068623
1.1132340406436636 5 0.6388747064464773 0.5239030779305829 0.37609578789822534 1.4111584361412295
0.7080159760688264 3 0.7331076436796188 0.3246753246753247 0.111358574610245 1.8645754127133403
1.0156338226968185 4 0.5894134196137587 0.43009320905459386 0.03780964797913951 1.4054763829226742
1.1034289096530807 4 0.53418646893357 0.3326488706365503 0.16358839050131926 1.5057703733347105
0.836771226395001 3 0.3894537068510084 0.5898491083676269 0.407864654778235 1.3526646711787726
1.331655286845175 5 0.8978705235386174 0.44122657580919933 0.34311012728278917 1.6391703236362123
1.1034289096530807 4 0.7708424581025753 0.4234527687296417 0.5244299674267101 1.4086547178412536
1.422208475480454 6 0.6745786791915789 0.343586387434555 0.21770682148040638 1.3498883194308875
0.8815292611983065 3 0.61052678157527 0.461086637298091 0.27508565834557025 1.3492639626380152
0.9180419180850247 4 0.5824510385112462 0.28885832187070154 0.06162843004948268 1.8649140176378352
0.6474446390368302 2 0.38598942793649643 0.4264705882352941 0.43504901960784315 1.61877986643913
1.0738183582299268 4 0.6846668721363472 0.48278285312719604 0.30053876786132583 1.4322508982942987
0.9649599230141778 3 0.6225057923641923 0.4583333333333333 0.2638888888888889 1.3534855818655989
0.9950239901849212 3 0.9394366209453249 0.46949602122015915 0.17771883289124668 1.0828351312815863
0.6712840177064376 2 0.5201275979286122 0.49463044851547694 0.5445356917245736 1.1385660527884012
0.866242333735012 4 0.663930877944244 0.5293706293706294 0.29840018548574077 1.6440778742232176
0.7774591319216559 3 0.38226187557378 0.41254125412541254 0.21122112211221122 1.3453039282925257
0.8647370965378594 3 0.491948172665715 0.5819672131147541 0.41302367941712204 0.9095698161611603
0.8647370965378594 3 0.6236936159874082 0.3978494623655914 0.21191756272401432 1.3289614651718562
0.7774591319216559 3 0.3510340048778415 0.4597902097902098 0.3344988344988345 1.1628019609343045
0.6911907820052087 2 0.5125773586038419 0.502092050209205 0.2791724779172478 1.426568328166831
0.8497946407024575 4 0.5038725753226531 0.36752136752136755 0.24216524216524216 1.3276453583406826
1.3442526686233862 5 1.0816715403253991 0.21461716937354988 -0.0664179104477612 2.2190667358603187
1.1544474293423854 6 0.6775407167205648 0.5106822880771882 0.4082306338028169 1.1614581402376383
0.7774591319216559 3 0.5205882715798651 0.4796875 0.50625 1.3609643219676786
1.168516644119857 5 0.7540552288147702 0.25257142857142856 0.04010397326401782 1.61021951853145
0.8064739418934614 3 0.5929006866508346 0.3898858075040783 0.2653616095704187 1.4943161204182698
0.9911348966302049 4 0.9309071233506546 0.2637571157495256 0.13403990024937656 1.7197081759318242
0.6905919864796024 2 0.3621629200391818 0.37214791502753736 0.4023078940466824 1.4589089169028997
0.9868954488573298 4 0.7889437944556401 0.5928753180661578 0.3452078032230704 1.0855458405598202
1.249338231094037 5 0.91907149432448 0.4005681818181818 0.3362667901806392 1.404892854838955
0.7029159307848437 3 0.41348974626971846 0.3487394957983193 0.5490196078431373 1.7493393453933905
1.4729317587188837 6 0.8149444352388227 0.24934725848563968 0.24028416213957376 1.4384427964865323
1.0283911667196848 3 0.47743903170707125 0.4843205574912892 0.08826945412311266 1.4208597822794973
1.0533914983798527 4 0.8524340770753885 0.35774647887323946 0.08967136150234742 1.4715660481755932
0.8815292611983065 3 0.6636634506944231 0.5138504155124654 0.18707636692272933 1.5842828848315151
1.544727830288678 7 0.8418039523533144 0.3623521681997372 0.18644759669354016 1.6088775182238393
0.8815292611983065 3 0.42778164347872677 0.6328502415458938 0.3515834675254965 1.3903943134292311
0.7774591319216559 3 0.26954734786902557 0.4779299847792998 0.20750887874175544 1.3567414055432032
1.0397177708449181 3 0.4634149948785615 0.5901060070671378 0.392226148409894 1.4063568725363178
0.7774591319216559 3 0.46911412938486696 0.4204993429697766 0.3642213642213642 1.4527391815594657
0.9950239901849212 3 1.1434819199049508 0.5845588235294118 0.27818627450980393 1.5362905670480242
0.6837359058583963 3 0.464040378073626 0.5 0.424 1.4288381796959102
1.136308813811816 6 0.8189036002112753 0.41711711711711713 0.33800759567630734 1.7627628552903551
1.0699133418346678 4 0.7415208587347438 0.4303448275862069 0.18850574712643678 1.4832873619392557
1.0408358374387054 4 0.8924582434288645 0.49921996879875197 0.20823004462072384 1.554522168889458
0.9809866824510154 3 0.6388974338529633 0.4183535762483131 0.1579172001707213 1.6122529422963465
0.562333144621475 2 0.8148665700881592 0.5 0.23694779116465864 1.3655660005506138
1.0123278391088069 3 0.8117756169798312 0.4126126126126126 0.25071063104036384 1.4297911840625552
0.9251260835783115 3 0.5834709539942692 0.5218150087260035 0.5555555555555556 1.3871021080529755
1.0735388464213231 4 0.7677181806934418 0.3327922077922078 0.09773662551440329 1.5944935988121325
0.8792782907650571 3 0.5535625221735849 0.2862566438876234 -0.002277904328018223 1.7081599201258237
1.0910020110154024 4 0.5392657202865485 0.4076190476190476 0.2806349206349206 1.642528548472643
1.2825189928163323 5 0.8497585860229417 0.3387607417458164 0.25498596543063967 1.595539406098849
1.0397177708449181 3 0.9590431447663674 0.17032967032967034 0.15293040293040294 2.1791180840418565
0.9002530512753368 3 0.9380330478588963 0.2704225352112676 -0.24820143884892087 2.031792548335026
0.9743117528756828 3 0.7856643105097673 0.3717277486910995 0.07853403141361257 1.480147438120791
0.9840835030884701 3 0.6609779479089858 0.06770098730606489 0.1001410437235543 1.953002366642919
1.3345879532602614 5 0.7838148705870158 0.0 -0.4944954128440367 2.5864440744412263
0.5859506183060716 2 0.12222998551322388 0.4576271186440678 0.09745762711864407 1.467614556724092
1.0609541504576758 4 0.8543902054737964 0.36470588235294116 0.39215686274509803 1.33143699261788
0.8060385049550861 3 0.49597511678105066 0.47162576687116564 0.10710633946830266 1.201912463564543
0.9507449270676422 4 0.3433832600819374 0.5900826446280992 0.30358126721763085 1.5840870922529995
1.3197259215281616 4 0.9722168420347805 0.37181409295352325 0.23638180909545228 1.64595462468947
1.1407161964286858 4 0.6251644022941747 0.5555555555555556 0.3333333333333333 1.8997862457059225
1.6749830128218335 7 0.7754376440142623 0.375 0.13942307692307693 1.4596720914331396
0.5660827389722287 3 0.2754552040110092 0.21428571428571427 -0.08395989974937343 1.9793421384709593
1.2996459635728974 5 1.021658701938167 0.3402061855670103 -0.0554675118858954 2.304928510532584
1.3579728550063241 5 0.9745878707161238 0.39344262295081966 0.5956284153005464 1.5917346440401905
1.0397177708449181 3 0.7496570462310773 0.5942028985507246 0.30701754385964913 1.2833480185044415
1.5040713968066488 6 0.8040222379510631 0.10237203495630462 -0.19407763105242096 1.7369626422835804
0.9454525408721226 4 0.7082525266384979 0.48902195608782434 0.12966601178781925 1.5740415949213262
1.0735388464213231 4 0.7171766935797884 0.45652173913043476 0.2754491017964072 1.212773534279818
1.0397177708449181 3 1.4459669743285133 0.3657142857142857 -0.038461538461538464 2.1087968335533724
1.3862893611368907 5 1.3483078214346218 0.4116022099447514 0.2786745964316058 1.3729217510496778
0.37676816126100815 2 0.34922853003778254 0.6595744680851063 0.5177304964539007 1.5617564407443925
0.9368853075459159 3 0.9080097463060682 0.4230769230769231 0.003511852502194908 1.349078523522794
1.0373873246496352 5 0.5463785718801932 0.7120211360634082 0.48771021992238034 1.0053342939521523
0.68531220727849 2 0.48891994205289546 0.5348226018396847 0.4713096802452913 1.3694172079007287
1.1150619841118241 4 0.7342665246405279 0.5177304964539007 0.2397163120567376 1.0273008188757504
1.0114012647128519 3 0.6540324372821509 0.45112781954887216 0.32837596668649616 1.7396419507433305
0.4825755651802941 2 0.16297331401763185 0.4147339699863574 0.3587994542974079 1.5288153545695622
1.4812605428986618 6 1.1899508273664494 0.34681288553803974 0.15481699621371478 2.0038983091113205
0.8815292611983065 3 0.7051802729962241 0.19908466819221968 0.2151029748283753 1.561667503362523
0.885570151593859 4 0.5637019886995416 0.45454545454545453 0.46499477533960293 1.2069112676178935
1.1407161964286858 4 0.8263045989956286 0.5497630331753555 0.42232754081095314 1.3334893987327756
0.6914140776191252 2 0.6111499275661193 0.4139941690962099 0.282798833819242 1.1849591768121388
0.8815292611983065 3 0.8352149285228062 0.40098199672667756 0.29405346426623025 1.505374148311959
1.161587334344253 4 0.433471405508887 0.4666666666666667 0.1606837606837607 1.1767370748780164
0.9180419180850247 4 0.6181483509327148 0.4588938714499253 0.35655138821237214 1.4313789745898466
1.1274782350206984 5 0.6412512971128368 0.18686868686868688 0.1644808743169399 1.6848743321541182
1.0336965498709902 4 0.4469569204297169 0.359781121751026 0.32466940264477884 1.7749019893765487
0.7356189397674613 3 0.5138826292931185 0.34349030470914127 0.1537777777777778 1.9491208427132085
1.082192530043434 3 0.9488583406291452 0.6903409090909091 0.4034090909090909 1.1411083118225418
0.465997256964483 2 0.4583624456745895 0.23655913978494625 0.1111111111111111 1.3950274397473688
0.8082669580111547 3 0.48996974434904106 0.375 0.2265625 1.7785297553682502
0.9368853075459159 3 0.5639535348093077 0.3829787234042553 -0.11347517730496454 1.6914537825933842
1.5721666367327647 7 0.8527233989466736 0.4433566433566434 0.38055865921787707 1.527123473301898
1.279172456259622 5 0.6800692079470811 0.44175824175824174 0.26436781609195403 1.4579112646069927
1.3208843431586557 4 0.5442705017806287 0.48501362397820164 0.32497911445279865 1.3211433590598398
1.039620071220841 4 0.6877229983436199 0.35676251331203407 0.10028399006034788 1.6729397455710573
0.7604658022607909 3 0.5282179392789427 0.5300647548566142 0.42799876657415975 1.169595549183286
0.8766626046796222 4 0.5352866536499253 0.4753246753246753 0.31017316017316016 1.4279048931884741
1.6889837703417734 8 0.7916565525618279 0.08227848101265822 -0.16616616616616617 1.5941992211915372
1.795314159375242 8 0.945137905415937 0.19642857142857142 0.05505685218432076 1.6660360107947947
1.331655286845175 5 0.902947422429404 0.09289617486338798 -0.16771866546438233 1.9404097273786367
1.8419593433837775 8 1.115913602749469 0.31683168316831684 0.08987603305785125 1.4395433518671432
1.5746724417912517 7 1.0527659027769498 0.09278350515463918 -0.01867572156196944 1.4729412776355744
1.0042394730599098 3 0.8081219435936428 0.44363256784968685 0.19798190675017396 1.545702679321509
0.8392665558008312 3 0.38645711048549664 0.47820672478206727 0.30427563304275634 1.2769373297107545
0.97432580995695 4 0.5690477487096992 0.3716349310571241 0.19282118625519806 1.3950818610236289
0.7923722741134187 3 0.6213055269361899 0.617351598173516 0.4252663622526636 1.2023614778057834
1.2258099458976777 6 0.6921327563081757 0.43151969981238275 0.21278538812785389 1.5715453299985862
1.3421207227714134 5 1.0888804041031555 0.4863013698630137 0.1506849315068493 1.6995591402587984
1.0538750239265342 4 0.454475237728805 0.5057581573896354 0.3134845620667927 1.8102897860135272
1.341565105998592 7 0.5585307194394911 0.46905537459283386 0.37942593756547244 1.7289853995756108
0.9832709442526746 3 0.5493884830011012 0.4412568306010929 0.581511839708561 1.4692196666465098
1.5186465626876047 6 1.0597685219852804 0.2034233048057933 -0.05531914893617021 1.4966659755097738
1.1846860598798377 5 0.8490347049390757 0.4300970873786408 0.09798994974874371 1.5520332261459717
0.9269348393005374 4 0.6514540539384732 0.4924787442773054 0.4000436014824504 1.6141423711744431
1.0609541504576758 4 0.6488833449496191 0.4234354194407457 0.27162103433289875 1.458137298364259
1.1836011509713567 5 0.36361612061060306 0.38031199569661106 0.1027236045729657 1.5091933518603684
0.9714666323801981 4 0.5697949603608762 0.43202846975088965 0.2045077105575326 1.5218584025317559
1.5094556441871205 7 0.8821419059112787 0.33602150537634407 0.27244049326068254 1.7193804745826815
1.4725371028034786 5 0.7176197235091599 0.2841225626740947 0.2255456750202102 2.0746240034747316
1.5423749028876546 6 0.8665114658963852 0.34657039711191334 0.11945392491467577 1.1909297382811292
1.5284587101067117 7 0.9133974512636662 0.34565916398713825 0.2808145766345123 1.7347229507916255
1.134324884105532 5 0.4136888001923534 0.18224666142969365 -0.019948849104859334 1.8050974257187926
0.8463628296370541 3 0.540434119019391 0.2808798646362098 -0.011844331641285956 1.7201141323111515
0.6774924044507715 2 0.4583624456745895 0.19747899159663865 0.26330532212885155 1.9500510895868794
1.494170138304642 5 1.1344227948781511 0.37567567567567567 0.18302828618968386 1.768909942119131
0.9433453923362892 3 0.7394512246008248 0.3402061855670103 0.06523534269199009 1.3927010867009066
1.0114012647128516 3 0.41340571364199674 0.08571428571428572 0.11785714285714285 1.8677790108669585
0.8976180947860146 4 0.6516015648720987 0.3445491251682369 0.35486765365634815 1.5452139854844469
0.9002530512753368 3 0.8280325049645774 0.6655844155844156 0.3106060606060606 1.2889780488191414
0.8647370965378594 3 0.5954939759042893 0.39033942558746737 0.3429068755439513 1.6934670708574724
0.9280412246170574 4 0.47240838139473 0.3433799784714747 0.24517512508934952 1.7137659175417603
1.7479582369372377 8 0.9604587930523066 0.34354194407456723 0.12599082186065916 1.8915424067864361
1.1174859594391537 4 0.877101813848483 0.17433751743375175 0.1127953633526527 1.7202100546222279
0.8338404864424771 3 0.5461071589013018 0.5940400586223742 0.6650382673831623 1.1188072677236813
1.3709857996516757 8 0.8865750074037806 0.36254681647940074 0.14560113824994073 1.7726762344401217
0.9433747390003282 5 0.5372035596370878 0.45704057279236276 0.49482895783611774 1.304768369159091
1.0336965498709902 4 0.3173588487172214 0.6106032906764168 0.4946682464454976 1.0879868481020076
1.0676792970126205 4 0.6594285885296138 0.6309677419354839 0.6834408602150538 1.0819559309986135
0.9419984634987613 4 0.494606421521815 0.5845070422535211 0.647887323943662 1.3562303259684625
1.2306553529121098 7 0.7145116122191311 0.34235668789808915 -0.07285115303983228 1.4139199708191124
0.8603558680741428 3 0.5922989549197925 0.6419853539462979 0.6047856955035499 1.114826741181071
0.7356189397674613 3 0.46907978109583 0.6637931034482759 0.4697802197802198 0.9366894737238207
0.562333144621475 2 0.3259466280352637 0.6230366492146597 0.5951134380453752 1.1907370713002405
1.167680614695541 5 0.8107292370636741 0.28591749644381226 0.2302336028751123 1.6698884569299541
0.6869595765993484 2 0.6470999233053027 0.4240924092409241 0.48184818481848185 1.4781266546201162
1.1648679119276883 5 0.7141420310784103 0.21603563474387527 -0.028210838901262063 1.8491531721352759
1.2123098802805643 4 0.9978396126552965 0.2727272727272727 0.20588235294117646 1.526493243551199
0.8721353253313707 3 0.5889398603864433 0.4063926940639269 0.1095890410958904 1.6396122709784873
1.3302767880693835 5 0.6619470693893447 0.22054794520547946 0.032034632034632034 1.707416003138853
0.8760888930740542 3 0.6139888937656376 0.28139904610492844 0.19607843137254902 1.7428170547569946
0.36220855714026556 2 0.15278748189152985 0.6994991652754591 0.37173066221480244 0.8999152407402708
0.6869595765993484 2 0.7639374094576492 0.6402116402116402 0.5873015873015873 1.2354114834491852
0.6810856444618092 3 0.38480767092834284 0.41640866873065013 0.22316821465428277 1.543242587318832
0.6914140776191252 2 0.4583624456745895 0.5 0.45395395395395394 1.3519032072626465
0.8544119816113698 3 0.49073262525101763 0.5282308657465495 0.37474374743747435 1.3712377993146916
1.1185355956694383 5 0.41302000669914796 0.3858267716535433 0.21914357682619648 1.4260559861326874
0.7691237318222964 3 0.34268153400437595 0.7453333333333333 0.6702222222222223 1.1311967853821199
1.227007414884168 6 0.7107115316716187 0.35520974289580515 0.13646101113967438 1.9397202417934805
1.2958415835734314 6 0.7354190245195531 0.2856031128404669 0.06636386575826395 1.8908871425230809
0.8787483508984593 3 0.5356987236260118 0.513681592039801 0.4767827529021559 1.200440806781905
0.9470541522889973 3 0.6549214866833467 0.5487804878048781 0.3507549361207898 0.9406090492511263
0.68531220727849 2 0.48891994205289546 0.5126811594202898 0.19444444444444445 1.3197730290519203
1.0877562930978864 5 0.6674603516908937 0.3651685393258427 0.05118601747815231 2.0220066319747048
1.0302161476663259 5 0.6868469055803542 0.3477508650519031 0.19554176072234764 1.876869713256986
1.4066717022850572 6 0.8801956113493548 0.4438430311231394 0.30008525149190113 1.576557149125447
0.7789947493120368 3 0.5444886360166721 0.6242208370436332 0.682398337785693 0.9925839905991115
0.981029853074775 5 0.5211211337628621 0.23496659242761692 0.087527352297593 1.585294186289404
1.2130035659909044 4 0.9357196193568491 0.7135036496350365 0.44768856447688565 0.9784501105948056
0.6236528495704226 2 0.339527737536733 0.5493827160493827 0.3549382716049383 1.5313640516787719
0.8687166829249238 3 0.7830139954901308 0.6019607843137255 0.4549019607843137 1.1179424217541318
0.9554431414136644 4 0.6319953095403196 0.45788667687595713 0.1811391223155929 1.7245159541101889
0.8647370965378594 3 0.6925899729398216 0.38179347826086957 0.14447463768115942 1.6322806331793813
0.6365121682970628 2 0.7333799130793432 0.5869565217391305 0.45652173913043476 1.4652904224742413
0.6210843745575724 2 0.3259466280352637 0.27705627705627706 0.1337181337181337 1.769458070919923
1.4581698993779095 5 0.8011339708402566 0.46378378378378377 0.09496057593417895 1.609589436244852
0.8003380688564513 3 0.47059540263054256 0.4994110718492344 0.36388562475519 1.18703859847886
1.211837342928853 6 0.6653310196020914 0.31921331316187596 0.13861879830466217 1.7915429472957973
0.9433747390003282 5 0.4840302807803534 0.36845593108018554 0.2047713717693837 1.3177427357791107
1.2047893097072424 4 0.7568663057190911 0.26159554730983303 -0.052808988764044947 1.4159352887641212
1.5459249326248619 7 0.7873830282418112 0.4808743169398907 0.3237095363079615 1.9558131708642237
1.2281018514812791 4 0.8352416553040093 0.25980392156862747 -0.0430622009569378 1.638368763709449
1.1218067650831793 5 0.7068938446521984 0.30407911001236093 0.010004001600640256 1.8690043536188365
0.8832823412615883 3 0.5228012835961368 0.40535248041775457 0.2831223628691983 1.7037416158939418
1.623216100972778 8 0.8744041626157878 0.2656147271531887 0.1142124166239097 1.6204601035088695
1.2601660355781097 5 0.7049818897262313 0.625 0.5216346153846154 1.4824337185966863
1.1543206946306124 6 0.8011773858339883 0.42753036437246966 0.27791100452970957 1.594932885529546
1.0336965498709902 4 0.6428923932930797 0.39285714285714285 0.27976190476190477 1.3732961685155456
0.8486825577339171 3 0.6632222857362968 0.46511627906976744 0.4253875968992248 1.5207360457180525
1.0805800221630848 4 0.5990575409314174 0.4783821478382148 0.3486750348675035 1.4768244015539864
0.68531220727849 2 0.7333799130793431 0.31282722513089006 0.3769633507853403 1.874623446871453
0.553856229495151 2 0.2673780933101772 0.6266318537859008 0.5850739773716275 0.8510244113204107
1.2105323329028264 6 0.6846464852196877 0.37197786192834253 0.25371853546910755 1.4578083177000913
0.9589409955968262 4 0.5710835522657077 0.3021834061135371 0.03173216885007278 1.6918373083350082
0.8587379130152242 3 0.38034576945672943 0.6923076923076923 0.3673202614379085 0.9725434027437325
0.7077828865835065 3 0.49166683125315 0.45137614678899085 0.327217125382263 1.1717579345417881
1.15438507467377 5 0.5643438209635158 0.5374570446735395 0.31867124856815576 1.3031254525925293
0.8092024732401926 3 0.6072765297691811 0.5526315789473685 0.3474512743628186 1.4270565476108887
0.854802284973173 4 0.42470359742991176 0.4047919293820933 0.28877679697351827 1.5991604380538036
1.1549966527119067 4 0.632093969995371 0.35986159169550175 0.23990772779700115 1.5117669425028846
1.1288862074091006 5 0.5642087521683797 0.32453567937438904 0.09156076898012382 1.4950502020481278
1.0601266354982548 4 0.8315112693664339 0.5274725274725275 0.4001292824822237 1.4399973996097706
1.6181732853431339 9 0.8259305898199016 0.4345667870036101 0.16995708154506436 1.829322241881843
1.1039616526534424 5 0.7389193731831226 0.27229601518026564 0.014119091467157766 1.629794506402926
1.1039616526534424 5 0.6023086741145234 0.43713355048859937 0.2495114006514658 1.1863383066500846
1.299736799566753 5 0.7340705289961517 0.3022556390977444 0.13480392156862744 1.5844311473295496
0.9321081206942513 4 0.6365190358728524 0.7327523602033406 0.43835288484558294 1.121945117687325
1.418297684427168 6 0.9303766201939461 0.5924812030075188 0.21453634085213033 1.3047218211716594
1.145969572712128 6 0.6825932592387719 0.3440702781844802 0.29862285576226144 1.363907077979188
1.4898045560089077 7 0.9163768044913471 0.29646902065289804 0.029081844619858747 1.7796536294435439
0.3872103751907689 2 0.333354505945156 0.3231707317073171 -0.11178861788617886 1.5402613100098435
1.15438507467377 5 0.6108679510347956 0.3496124031007752 0.15710594315245477 1.7761801828968724
1.4430919556329214 7 0.941372628034564 0.34532374100719426 0.2576112412177986 1.6514868090438988
1.2281018514812791 4 1.1165833067417759 0.32845744680851063 0.13815261044176708 1.7130214933180548
0.562333144621475 2 1.0329756508507786 0.4564459930313589 0.5261324041811847 1.3330630180991607
0.6172397697326888 2 0.39113595364231635 0.37292576419213974 0.2462882096069869 1.7572260536843536
1.140716196428686 4 0.7394244649206629 0.43790849673202614 0.06660973526900085 1.8561178271682603
0.6890072384786752 2 0.4889199420528955 0.2119205298013245 0.24724061810154527 1.888112668512972
0.9868954488573299 4 0.6053977567964282 0.30903790087463556 0.16967680608365018 1.0054838706806601
1.249338231094037 5 0.6967402907057452 0.530638852672751 0.4789272030651341 1.3841007938256396
0.8760888930740542 3 0.6099815288332769 0.7265625 0.3880208333333333 1.2699369527884234
0.8060007320812699 3 0.44356528332175266 0.07947019867549669 -0.141280353200883 1.2141045827473433
0.8388353866355878 3 0.540595656258145 0.0 0.2222222222222222 2.1154910180492497
0.47413731306119833 2 0.22918122283729475 0.5423728813559322 0.559322033898305 1.5527431331950443
0.6782073939053741 2 0.5238427950566736 0.49784791965566716 0.3787661406025825 1.2263877764308877
0.6779057256561851 3 0.5335877878875119 0.40221914008321774 0.20388349514563106 1.4821884434778385
0.8647370965378594 3 0.8256501937812727 0.6441947565543071 0.5873907615480649 1.2759773706813835
0.6931451805619453 2 0.48891994205289546 0.5698924731182796 0.525089605734767 1.103592815352694
1.0914219786310402 5 0.6528235073148568 0.29389312977099236 0.06149279050042409 1.9852695896170964
0.8760888930740542 3 0.5875517311877135 0.5015576323987538 0.667705088265836 1.3453740872718862
1.3117365517333768 5 0.7548254036727203 0.33496846531184304 0.3029411764705882 1.7636722849160436
1.0609541504576758 4 0.650636673922117 0.18528610354223432 0.05473965287049399 1.5364988543029054
1.5349785289930984 6 0.5262840927277238 0.23423423423423423 0.09335576114381834 1.8812698056302106
1.3316349032284107 6 1.0053472360487337 0.3076923076923077 0.02531277276694792 1.7081145501366133
1.8878947641378179 9 0.878755710262347 0.2 0.23529411764705882 0.706917725157685
1.5978673477418086 7 0.7261996393430082 0.22418879056047197 -0.08166458072590739 2.081134025672704
1.136912591847063 4 1.0894710337422475 0.3074581430745814 0.1445966514459665 1.8287754822172742
1.3784924218063193 5 0.7598648817464464 0.20341207349081364 0.10672953279039862 1.3518759520417478
1.287304713479834 6 0.8421678013702525 0.36939629408248653 0.1066057490957548 1.5734198364518746
0.6869595765993484 2 0.6111499275661194 0.21372031662269128 0.13368513632365875 1.2850559705752833
1.3489929181625349 7 0.7680933243573749 0.37516778523489935 0.043369474562135114 1.8579498533029204
1.380654784651502 6 0.7539523352195201 0.2867281760113556 0.06798489224616752 1.623844761110818
1.3568226123222609 6 0.573536877410984 0.5092869982025164 0.2642050889611632 1.4029000686120265
1.3855946754525499 6 0.6221794705166168 0.4466230936819172 0.13463751438434982 1.7350212453631046
1.881430958234998 9 0.8803001791735496 0.11363636363636363 -0.003925417075564278 2.0477913481908954
1.736135107177116 8 0.7372235799083761 0.2222222222222222 0.16666666666666666 1.9325586453581762
0.9248499600073026 4 0.6575107101763898 0.27578947368421053 0.30058479532163745 1.6237466939124516
1.035275125447889 4 0.4937645453886257 0.7422867513611615 0.4029038112522686 1.273236275516511
0.6210843745575724 2 0.24445997102644776 0.5535714285714286 0.37202380952380953 1.1950319750259544
0.9119907916034563 4 0.5787277197376429 0.25624421831637373 0.11532531606537157 1.2607741682239468
1.1132340406436638 5 0.716667121971302 0.5537294563843237 0.5423514538558787 1.1906041276008583
1.331655286845175 5 1.0397168089233098 0.21770682148040638 -0.049476688867745006 1.8939976951325717
1.006210565960437 4 0.7859225647397179 0.171875 0.05392156862745098 1.6803767739461122
0.5783222866734842 3 0.24825780886977653 0.3620689655172414 0.22701149425287356 1.7246564233155675
1.3853553778070342 5 0.9631236078791909 0.37425149700598803 0.09431137724550898 1.7131825262720084
1.331655286845175 5 0.8543266056391541 0.35834609494640124 0.19399428026692087 1.6506838203331198
1.3345879532602616 5 0.9296064129591264 0.27696793002915454 -0.03608736942070275 1.3868028073390697
0.36220855714026556 2 0.22918122283729478 0.06274509803921569 -0.12505446623093683 1.3521283944249456
0.6492463548730875 2 0.5347561866203544 0.0 -0.0017543859649122807 1.708066475724939
1.0877562930978861 5 0.6498461301810927 0.32409972299168976 0.12689225289403383 2.1717734700071385
0.8836141404915414 3 0.6201499999759231 0.5125725338491296 0.3894261766602192 1.2382980929471803
1.0281808593383257 3 0.5905029906100652 0.5583832335329342 0.5608782435129741 1.18978433254057
0.8486825577339171 3 0.9102892929218052 0.16901408450704225 -0.10892018779342723 2.306248508387883
0.5455925739719631 2 0.3055749637830597 0.3516666666666667 0.17666666666666667 1.2472526102459645
1.1648679119276883 5 0.6558367548095585 0.19444444444444445 0.07259713701431493 1.5462579804905727
1.0336965498709902 4 0.6903359685820202 0.1815068493150685 0.14944444444444444 1.4861621423367073
1.3503054700343 7 0.8045697222357943 0.28038897893030795 0.12449494949494949 1.6161933245840816
1.213126136537113 6 0.7355779202284781 0.3277814790139907 0.2935618545374643 1.4820573406839024
0.9470541522889971 3 0.529040124566454 0.2946666666666667 0.23377777777777778 1.7277037612214885
1.754097331050621 8 1.1332099057207985 0.3829787234042553 0.2510176390773406 1.300306529781084
0.9560413809737569 3 0.7167410167008375 0.5569007263922519 0.7046004842615012 1.1087661244148874
0.7380565340967918 3 0.5757920232927551 0.3732876712328767 0.1997716894977169 1.4808819041770604
0.6365121682970628 2 0.45836244567458956 0.6591928251121076 0.15994020926756353 1.5223826208353144
1.2127506470135168 5 1.0812941377939385 0.24938875305623473 0.0590598633989554 1.8830186442566281
1.3960555598098945 6 0.666923563929635 0.4535768645357686 0.1598417868776175 1.920483029796939
0.7562803541347846 3 0.5270873278561231 0.3455684870188004 0.28767532079976127 1.425623750151057
1.1034289096530807 4 0.7890254029918966 0.6060126582278481 0.46149789029535865 1.2307003359209765
1.2130035659909044 4 1.046819686080962 0.3228346456692913 0.09055118110236221 1.8667203479297765
0.8815292611983065 3 0.48427186469656974 0.3244929797191888 0.21739130434782608 1.613616406980462
0.5297041990605473 2 0.45836244567458956 0.136 0.11466666666666667 1.9754588234735675
0.8738974142762149 3 0.40104529076130635 0.4258064516129032 0.2854838709677419 1.9692206885855787
1.0717270941171957 3 0.40278520768775383 0.34119278779472956 0.018036912751677854 1.5579182664980333
0.9963098504028438 4 0.545614157805989 0.48873873873873874 0.3997050147492625 1.3707642506014865
0.9725405729593535 5 0.7330780857573828 0.49290060851926976 0.42771751162275845 1.3213922039666022
1.2440994043122526 6 0.7050174543309147 0.29096722621902477 0.05692549842602308 1.5913660557995746
1.4824189527606237 7 0.7399960477433901 0.44621938232161873 0.28306423909309514 1.5824388693489433
0.562333144621475 2 0.16297331401763185 0.48739495798319327 0.3904761904761905 1.4128322197750909
0.9002530512753368 3 0.6830370941387439 0.3420707732634338 0.16863259065093927 1.2376607580991346
0.6434895530215068 2 0.47314833101893106 0.49961449498843485 0.2456951940375225 1.356729750849718
0.8815292611983065 3 0.7082085036090436 0.5254237288135594 0.3569594247560349 1.359706111268181
1.3692458802192589 6 0.864554156180647 0.15201005025125627 0.009038619556285949 1.7652899986784318
1.3442526686233862 5 0.9846770643528994 0.5932611311672683 0.16857030326900355 1.2844135981533884
0.7774591319216559 3 0.6236936159874082 0.657556270096463 0.31511254019292606 1.390599435166142
0.9743117528756828 3 1.004343443720057 0.7699115044247787 0.43661971830985913 1.4630066705078586
0.7732166077372823 3 0.4934622879721247 0.5897771952817824 0.31760594145915244 1.6443445036736726
1.0870713771773173 4 0.725160526484881 0.4185430463576159 0.2521626297577855 1.4075205703019977
0.8945480980063529 3 0.39548644239116665 0.5125125125125125 0.4267600934267601 1.3822132219476528
0.6108623020572744 2 0.5432443800587728 0.3485254691689008 0.22430741733690795 1.2273163865287013
0.7119170414129119 3 0.4993982823469902 0.5675675675675675 0.5195195195195195 1.1560480902385024
0.6134080494594264 2 0.2673780933101772 0.58004158004158 0.5751905751905751 1.459862427890013
0.8463628296370541 3 0.5111579902419485 0.8125 0.755 1.2572409821665482
1.0397177708449181 3 0.7760502222137102 0.42857142857142855 0.24735729386892177 1.6299569512986012
1.0336965498709902 4 0.4109019744879303 0.43130434782608695 0.3536231884057971 1.2272897853441795
0.6019209717449048 3 0.38831833679941885 0.5700934579439252 0.46936656282450673 1.2867140429152952
0.5195778391334851 2 0.37609226311761196 0.546242774566474 0.30346820809248554 1.4666063789542794
0.5297041990605473 2 0.3055749637830597 0.48255813953488375 0.29844961240310075 1.0260918817947389
0.6554797739035534 2 0.7333799130793432 0.6348314606741573 0.5543071161048689 1.0133678628526306
0.6829061047025133 2 0.6111499275661194 0.4166666666666667 0.09722222222222222 1.6579592633186957
0.8815292611983065 3 0.6506469640888287 0.5218023255813954 0.20300387596899225 1.4467834362302339
0.951483960260421 4 0.5511921564849519 0.5753803596127247 0.38543107422775474 1.466961329223338
0.6615612381601154 2 0.814866570088159 0.45692883895131087 0.15355805243445692 1.3995930447606375
0.9248499600073026 4 0.7696664957300898 0.2787212787212787 0.005670541536716756 1.6228557389985077
1.0756117757756902 4 0.813634525800731 0.26673326673326675 0.06392557022809124 1.7253288824448574
0.8647370965378594 3 0.46790182599228547 0.4 0.37575757575757573 1.4637207255179905
1.0609541504576758 4 0.7624462876424325 0.545774647887324 0.4651826484018265 1.1055321942616168
1.0735388464213231 4 1.0034451725291618 0.24251497005988024 0.04890219560878244 2.079404817142622
1.2554783251894204 4 0.7304901451682629 0.3333333333333333 0.2113095238095238 1.7848400427065867
0.7774591319216559 3 0.5140073188954734 0.6919575113808801 0.21143146181082448 1.4998526057331567
0.7029159307848437 3 0.3320030892609026 0.4117647058823529 0.33905228758169936 1.5246417076861225
0.6791912659935828 2 0.42514777569816997 0.4903943377148635 0.2895180316818335 1.3710681723464007
0.9173543878379995 3 0.9529598644646845 0.5089005235602094 0.37452006980802793 1.1721401855091738
1.14905569698277 4 0.9086437203713653 0.37119113573407203 0.08134757600657354 2.0366222732248924
1.0910020110154022 4 0.884657675711265 0.2676282051282051 0.08181818181818182 1.9075307304240692
1.494170138304642 5 1.231333965295352 0.4 0.12857142857142856 1.7276200825836383
1.4787435247083032 8 0.8386058387005318 0.3146417445482866 0.14 2.1231098907922563
1.0466264866015966 4 0.5881010123917505 0.287317620650954 -0.04629294755877034 1.8499527896728347
1.4270560433975994 5 0.8596306911689792 0.12466124661246612 -0.17590987868284227 1.8902774839051693
1.1682784501892292 4 0.9066481626828554 0.16589861751152074 0.014592933947772658 1.7940704075925664
0.9832905518116095 5 0.5794065184413949 0.4624017957351291 0.2616909839132061 1.3386214884019754
1.1491483765482018 4 0.7094592207438841 0.5841121495327103 0.3359293873312565 0.7812400346390692
0.4437542842777149 3 0.26459114793919913 0.16666666666666666 -0.06521739130434782 1.7971544648260764
0.9743117528756828 3 0.7082085036090435 0.4903100775193798 0.39341085271317827 1.206523890562808
1.0699133418346678 4 0.8170996513227209 0.3048780487804878 0.2503317116320212 1.5788380499143948
0.8305206914932463 3 0.6376502989599692 0.9318181818181818 0.8777777777777778 0.7938556626340065
1.0424741300387663 6 0.6900445589304942 0.3027375201288245 0.025257915332621842 1.7671428609822701
0.68531220727849 2 0.5704065990617113 0.38445378151260506 0.3011204481792717 1.2221232554400545
0.801432681733353 3 0.5213043906132099 0.5308246597277823 0.3845743261275687 1.4629502689247185
0.8647370965378594 3 0.7394363743049822 0.5765027322404371 0.26138433515482695 1.3432415291354813
1.0419096806168164 4 0.7593932903522935 0.42326332794830374 0.15643511039310717 1.7154859944004615
0.7774591319216559 3 0.6769806329131052 0.8003120124804992 0.3291731669266771 1.3953722477174293
0.551077928089714 2 0.5092916063050994 0.4372574385510996 0.36308753773178093 1.2045323205277478
1.0139006609549652 4 0.7205371726496635 0.5059288537549407 0.37812911725955206 1.3891588952314817
0.96474304524812 4 0.6408587304454769 0.5365853658536586 0.6209349593495935 1.0133661271272036
0.8896926321473294 4 0.5934755189580404 0.5950639853747715 0.35191956124314444 1.333418157894388
0.68531220727849 2 0.6308644413585748 0.4020442930153322 0.19278818852924476 1.7754066663249055
1.4648113849073128 5 1.1664205042870355 0.5042492917847026 0.2049102927289896 1.5613955209332981
0.6365121682970628 2 0.5751999318269359 0.6321525885558583 0.405086285195277 1.3015081637724637
0.964183301791862 5 0.5806652459649202 0.5589259075087022 0.4500248632521134 1.261780566919101
0.9232343701288953 3 0.5102568009224693 0.5794320798158097 0.43834740342798667 1.2949176496935408
1.2440116958164495 5 0.692803707484255 0.13676731793960922 -0.12327252625760088 2.0791655157168716
0.8378942277950856 3 0.5247204923253256 0.5162213740458015 0.4467418546365915 1.5200427923307134
0.562333144621475 2 0.24445997102644776 0.3831258644536653 0.36422314430613184 1.580950779984625
1.4270560433975994 5 0.972619376419577 0.3418181818181818 0.2286868686868687 1.4874329905845234
0.8060385049550861 3 0.561153958904034 0.5671527244819647 0.4998720900486058 1.3945479695964764
0.562333144621475 2 0.6518932560705273 0.46866485013623976 0.35740236148955495 1.2386264731125047
1.0486507893643942 3 0.3823198931815024 0.5758064516129032 0.23890784982935154 1.5591134998681881
0.7187683700436216 3 0.4694042670886936 0.4464176362522964 0.3983577007810935 1.5720103073704685
1.0757245335837398 4 0.567980903762053 0.35023923444976074 0.3524720893141946 1.3917828261866105
0.6365121682970628 2 0.5347561866203544 0.29438405797101447 0.05253623188405797 1.4610863745287301
1.162695833512044 4 0.5104903765106749 0.32737276478679506 0.16061013907581875 1.5891205586984376
0.4825755651802941 2 0.40743328504407955 0.13029315960912052 -0.02225841476655809 2.01922962900486
1.0336965498709902 4 0.7755550143833898 0.48731884057971014 0.42693236714975846 1.2457653175362926
0.8815292611983065 3 0.46374853258259585 0.6581875993640699 0.23582405935347112 1.4381215614928482
1.1034289096530807 4 1.1119029127080275 0.5317604355716878 0.34180278281911675 1.423729278526659
1.2130035659909044 4 0.7069421988551595 0.318359375 0.25 1.3973285292799398
0.9868926461752239 5 0.535695326272601 0.5579450418160096 0.43234714003944774 1.347956170014136
0.8365621721021164 3 0.6724740658901007 0.5049019607843137 0.2673202614379085 1.3962618634540065
0.7774591319216559 3 0.4607203019697765 0.6079632465543645 0.3486472690148035 1.3611063803356585
0.8365655260502773 4 0.47343436883006085 0.292347377472055 0.23740392826643894 1.3703500891855118
1.245012889263182 4 0.9429743538773998 0.45417515274949083 0.45349626612355737 1.3058572494175555
0.5366615624993687 3 0.2814306855492996 0.4423963133640553 0.4977930358018637 1.2721293392976927
1.3983765361605343 6 0.9757782365472504 0.32751091703056767 0.18478260869565216 1.7227867695375263
0.8872080027691254 3 0.45734041801769937 0.3006416131989001 0.10418576229758632 1.4997261080049593
0.6885633693268978 4 0.5810015798520337 0.3639240506329114 0.22633744855967078 1.5057918078451675
0.8587379130152242 3 0.7885939250123966 0.14762741652021089 -0.007615700058582308 1.8148910678607655
1.329657348863758 4 0.8914513224726701 0.6014492753623188 0.5857487922705314 1.168757681399175
0.8647370965378594 3 0.4569407051947375 0.4592274678111588 0.3032904148783977 1.3478957307273582
0.8628548006490016 3 0.5901737530075364 0.48226950354609927 0.4164696611505122 1.2812729748162486
0.7751252748037775 4 0.45690384565502784 0.5036880927291886 0.21769177608845888 1.3495311395446965
0.8617861450627734 4 0.5551151178982792 0.4590495449949444 0.33771486349848334 1.3359569395330548
1.107240982377703 4 0.7733797863911085 0.24964336661911554 0.18298070216228784 1.5614495411535578
0.9256444263138175 6 0.6010183390487074 0.27024647887323944 0.2773972602739726 1.4618436695885932
0.7678546231145036 3 0.48230754834103107 0.42333333333333334 0.27055555555555555 1.3094690159077969
0.9868954488573299 4 0.6142589421377375 0.643324607329843 0.44982547993019195 0.8222584957708569
0.96474304524812 4 0.5755839055093762 0.379746835443038 0.37088607594936707 1.5328893508985255
1.0386455367234673 4 0.6378477289093588 0.3578767123287671 0.19672131147540983 1.789715539098148
1.4007884210510182 7 0.7884749263196003 0.24979591836734694 0.06183651804670913 1.6179054090809075
0.8292928063228837 3 0.3883656364593191 0.45985401459854014 0.46715328467153283 1.1675757504777866
1.3278835783366691 6 0.6172310987797404 0.38924558587479935 0.29408686551543695 1.4783165346401994
0.6869595765993484 2 0.916724891349179 0.5354330708661418 0.18285214348206474 1.7312805284552413
1.2035700992780944 5 0.9403742128506355 0.364021164021164 0.17170698924731181 1.9772879263733967
1.0801258558846263 6 0.5379870763393619 0.3467815049864007 0.2478221688194653 1.6264858256649257
1.2366808691522038 4 0.6206932321569313 0.3926605504587156 0.178716020821284 1.5469224797210184
1.0053834327751212 4 0.6921030750460683 0.46936114732724904 0.3854845719252499 1.6141491988498435
0.9684298947326024 4 0.7037551966153962 0.4268292682926829 0.19218608852755195 1.7709781490831316
0.6615612381601154 2 0.40743328504407955 0.530718954248366 0.2845315904139434 1.1963252240579958
1.0336965498709902 4 0.31705041158988156 0.31754874651810583 0.11606313834726091 1.7463292359404254
1.5426698611376117 6 0.800987281851856 0.37735849056603776 0.26340227944280287 1.7613354446054628
0.6492463548730875 2 0.22918122283729478 0.359375 0.3697916666666667 1.6216394399061995
0.7529007044394945 3 0.45286838970296345 0.4782287822878229 0.1886838868388684 1.7224684885948
1.1034289096530807 4 0.689931764134995 0.4821917808219178 0.28986784140969163 1.7187537030475644
1.2652609028005763 6 0.7751538346356779 0.35039370078740156 0.15374677002583978 1.9590343462758792
0.37676816126100815 2 0.2182178902359924 1.0 1.0 0.4650860842910834
0.9126273869037353 3 0.6245458186074352 0.40013140604467806 0.22382829610162067 1.3971194624512686
1.0139006609549652 4 0.6152902864833109 0.5478260869565217 0.525879917184265 1.295900919806117
1.190071307235074 5 0.49581254692845866 0.41136671177266576 0.3300927971718957 1.6953648287326697
0.6931451805619453 2 0.40743328504407955 0.6662087912087912 0.3873626373626374 1.3578802771625933
0.7029159307848437 3 0.6506469640888287 0.43283582089552236 0.4626865671641791 1.6891621862636075
0.9179613278777785 4 0.799805945161439 0.1484771573604061 0.10363790186125212 1.7853464372088332
0.68531220727849 2 0.40743328504407955 0.5418326693227091 0.44621513944223107 1.3364703720624507
0.937151853082673 4 0.5526623064798359 0.4213197969543147 0.3079526226734349 1.2056596052775714
0.68531220727849 2 0.24445997102644776 0.4439918533604888 0.2484725050916497 1.3302657980006127
0.6210843745575724 2 0.6518932560705273 0.6 0.22156862745098038 1.5147101985140925
0.8082669580111547 3 0.5404341190193909 0.4072524407252441 0.18317061831706183 1.454335979766839
1.2770302594760556 4 0.8681360202570065 0.6121212121212121 0.402020202020202 1.5499464679678259
1.6633531531837824 9 0.7198185476781004 0.02631578947368421 -0.1865671641791045 2.8159706400941316
1.25132571823303 5 0.7399266780920134 0.3677786818551668 0.1907514450867052 1.5759979761346126
1.166443949741667 5 0.6090794346286457 0.3483679525222552 0.21946090613649397 1.4864192262970646
1.4734963851086484 6 1.0364886885356237 0.0 -0.09090909090909091 1.2406604115395938
1.8337785468515526 7 0.9271267770438494 1.0 0.3333333333333333 2.8213672050459184
0.8979427248642798 3 0.31343448476701613 0.3670886075949367 0.0970464135021097 1.6308908213733568
1.7938011605597837 10 0.7573124618648522 0.1 0.125 1.3258759813876275
1.6441978294890998 7 1.0280298794979676 0.3 0.4 0.991185719504996
1.8806460374980771 8 0.9603340865687098 0.12993039443155452 0.1794095382286147 1.4281298125050013
1.7728747985075106 7 1.0724337732754123 0.0 -0.06666666666666667 2.7130768281804425
1.6488354396421516 6 0.8876804352160855 0.13043478260869565 -0.34782608695652173 1.6956148204627337
1.8475313512095137 8 0.7674420973010283 0.30434782608695654 0.2155688622754491 1.7531340198920502
