0.6492463548730875 2 0.14986973510352247 0.754874651810585 0.4178272980501393 1.0323556548725865
1.3534919086599158 5 0.5603905827303927 0.837573385518591 0.6268754076973255 0.9196214662068751
0.6598680138109334 4 0.39693661056947405 0.6881868131868132 0.5567765567765568 0.8103381773157051
1.3066419989704674 5 0.4957242214481437 0.6758241758241759 0.5036630036630036 0.7870670914957792
0.9002530512753368 3 0.5158953442671114 0.7885196374622356 0.5981873111782477 1.1525998862016398
0.9743117528756828 3 0.6300818091078904 0.7580645161290323 0.7016129032258065 0.7911419112010828
0.6931451805619453 2 0.40734006177385246 0.6875 0.4791666666666667 1.1023257238532147
1.669574127006407 6 0.7195406288636133 0.8193018480492813 0.6379192334017796 0.832634757628628
1.8253795393559267 10 0.6307932686227212 0.922509225092251 0.7687576875768758 0.44355882118755513
2.0532171352363835 9 0.8175244232780269 0.8707903780068729 0.5753486279802069 1.379803733627582
1.3284909224954145 6 0.7322082988131361 0.9793103448275862 0.8181609195402298 0.724307662993419
1.231747233131034 4 0.5792997298138253 0.8746736292428199 0.7597911227154047 0.9789536220829604
1.299736799566753 5 0.6503179442549882 0.8536585365853658 0.6626016260162602 1.1264470020227255
1.5226258976242522 5 0.6517136439127845 0.8330696202531646 0.5139767932489452 1.1350053974931122
1.5110811760905445 5 0.6803560990867287 0.8856345885634589 0.6564388656438865 0.9960614440821219
1.5934372856843846 6 0.6743741312792281 0.875 0.5642361111111112 1.2507223804845848
0.9507449270676422 4 0.45241594962471243 0.8378766140602583 0.5494978479196556 0.9322881997517309
1.4040955838743079 5 0.42420944913010983 0.769620253164557 0.5741209563994374 1.1066788668021612
1.3050923719579406 4 0.7613234436758609 0.9445300462249615 0.6831022085259374 1.0018388737931847
1.1393747036453235 4 0.2500034982074685 0.953125 0.7708333333333334 0.8917016393513011
1.0112838273599185 3 0.6206867012236745 0.8134991119005328 0.48697454114860866 1.0591037113159991
0.9368853075459159 3 1.016096536037364 0.9653179190751445 0.7225433526011561 0.9646542792995267
1.3647143751635504 5 0.7968278067393305 0.859375 0.603219696969697 1.2914293899442968
0.777459131921656 3 0.7694226013721346 0.736 0.5128888888888888 0.8506647126956539
0.23378965871499252 2 0.1617802197617893 0.8614864864864865 0.46452702702702703 0.9126120189085654
0.651754561174831 2 0.2611268920056592 0.8636363636363636 0.6060606060606061 0.768919868272187
1.3208843431586554 4 0.5820958499043835 0.7567567567567568 0.5180180180180181 1.032184015279859
1.0053834327751212 4 0.2805448339786657 0.7612612612612613 0.6276276276276276 1.1351812967097896
1.4244377785225513 5 0.6936886869632589 0.8256880733944955 0.6892966360856269 1.1712778190301607
1.4451808789660823 5 0.6325746768156996 0.8654822335025381 0.7182741116751269 1.0205092407201883
0.9507449270676422 4 0.5252340667175688 0.7926829268292683 0.4732868757259001 1.185218238744586
0.8037391073239946 3 0.44201020605640534 0.8516228748068007 0.39670273055126226 1.0505970398325226
1.251151983376565 4 0.6377677160227176 0.9294436906377205 0.7584803256445047 1.3052893080848997
1.870932723871847 9 0.7714457676127577 0.8292682926829268 0.6270270270270271 0.9325183074478056
1.6743633752962062 6 0.7983482151658731 0.790468364831553 0.4492208490059108 1.0477094712202135
1.2554783251894204 4 0.9115616892150893 0.8419117647058824 0.4375 1.2018861426013872
1.3704983899271759 4 1.0948062619876247 0.9336158192090396 0.7504708097928436 0.9440075562853969
1.729773399125463 7 1.105412893772818 0.753528773072747 0.6000723850886718 1.2994858663147844
1.3917347695399336 5 0.6881694407601631 0.8108614232209738 0.3601747815230961 1.5144058350286067
1.082192530043434 3 0.8445944669696068 0.8370786516853933 0.5842696629213483 0.9679899639254574
1.3793134038437953 4 1.0411571076481754 0.746031746031746 0.4368018812463257 1.0656708359075335
1.7710093688185238 7 0.6667112710218746 0.6666666666666666 0.6666666666666666 1.2926638440239515
1.4013876466272654 5 0.5163631443828578 0 0 0
0.4850910913177883 3 0.17833071799444558 0.8649068322981367 0.5253623188405797 0.8637844596114611
1.585764835234313 6 0.9107558473731293 0.9094412331406551 0.6685934489402697 1.0355933442951162
1.0397177708449181 3 0.9729465425310142 0.8321678321678322 0.6247086247086248 1.0458461216831236
0.9743117528756828 3 0.4017088794263323 0.9575971731448764 0.8657243816254417 1.0252943659933356
1.331655286845175 5 0.7774998721202663 0.8883572567783095 0.8229665071770335 0.824087759900426
0.9002530512753368 3 0.5750448291711067 0.9333333333333333 0.7277777777777777 0.7247631917952531
0.6019209717449048 3 0.4753549650782201 0.841025641025641 0.6136752136752137 1.0267902639765574
1.7213963220360038 6 0.6950970247930789 0.9573712255772646 0.8294849023090586 0.924595185868465
1.6916292544185572 6 0.5931707674247582 0.8616168973051711 0.6678805535324108 1.0411575130187798
0.9368853075459159 3 0.8994004156641302 0.7329093799682035 0.5707472178060413 1.6120506221008999
1.0836420056770952 5 0.4792825363923095 0.7423409269442263 0.5912542550405866 1.1165585866963241
1.4350554683489296 6 0.6779478071035182 0.9321223709369025 0.6816443594646272 1.033467835581582
1.0997736050265037 5 0.40574691738250745 0.9366515837104072 0.8739220933690157 0.6451947642655697
1.3192163509072055 5 0.5931685129181284 0.8216970998925887 0.6086645184389545 1.1257740545286123
1.3579738549958242 4 0.43010114884721595 0.9530938123752495 0.6347305389221557 0.9389334210137454
0.9943567838034699 5 0.555757967798857 0.8595848595848596 0.6723646723646723 0.9746412596803653
1.5067548342736892 5 0.8579991773703702 0.8067349926793558 0.5202537823328452 1.1830008875366944
1.4787465246662288 5 1.1337508553559326 0.896774193548387 0.657347670250896 0.9156256268183792
0.8313995205030316 3 0.8251579357251816 0.685472496473907 0.4532204983544899 0.911126020218449
0.9743117528756828 3 0.5370484064669425 0.8382749326145552 0.6621743036837376 0.9558365650568396
1.4012716486656107 5 0.7742495965437396 0.9377224199288257 0.6702253855278766 1.117578563679809
0.9903610414957604 4 0.3353280825175947 0.870063694267516 0.48577494692144374 1.560204634814003
1.187411769857752 4 0.38235929154009507 0.9229607250755287 0.5694864048338368 1.7264992106319468
1.1914793559152022 7 0.6137027404912385 0.7450302506482281 0.49559533958510943 1.5411234991806462
1.4880300442092587 6 1.0231807988178414 0.9052287581699346 0.684640522875817 0.9990262104096108
1.7453554058487384 7 0.6127074563700816 0.9927963326784545 0.839554682383759 1.2855870700438197
0.6330365116777676 3 0.4515984604610506 0.7217068645640075 0.5281385281385281 1.1318809780299872
1.2360479342861534 5 0.5050164808183255 0.7816245006657789 0.453173546382601 1.2868869158510494
1.3208833431716553 5 0.48334425559243177 0.9158110882956879 0.7227926078028748 0.9027292285076809
1.4245272229845924 5 0.6477576755790642 0.7544581618655692 0.4467306812985825 1.2153126894376507
0.9743117528756828 3 0.9060480456060762 0.7018739352640545 0.4611016467915957 1.1246440550558197
1.2996459635728974 5 0.6839703046935041 0.7019543973941368 0.6775244299674267 1.1953094636156738
1.6475217141350966 7 0.7699468188534613 0.93717277486911 0.6980802792321117 1.3495047220536298
1.4898437964917866 5 0.8566026688755126 0.7298091042584435 0.5374449339207048 1.0852263249290994
1.1601812440033161 5 0.46062857285823877 0.7922971114167813 0.556166895919303 1.4578863811398564
1.4023830115696063 6 0.7192011833033672 0.9136029411764706 0.7212626563430613 1.3188418814917304
1.4914864410199842 6 0.938998779035228 0.8432888264230499 0.4640431014289061 1.2633821837076282
1.0608539471628964 3 0.4817944646486683 0.9166666666666666 0.6527777777777778 0.8538505741104473
1.4270560433975994 5 0.8127471636620309 0.9071618037135278 0.6445623342175066 0.7941239220797447
1.501330515956197 6 0.7942694487788601 0.8123815540113708 0.7275215834912613 1.052981674074269
1.5068772881421246 5 0.6469597022208734 0.872027972027972 0.6736596736596736 1.2171431279240534
1.4898437964917866 5 0.796779864622064 0.8597359735973598 0.6622662266226622 0.983184867991912
1.331655286845175 5 0.690240567440996 0.9439890710382514 0.7117486338797814 1.0242755019824268
1.245012889263182 4 0.7652127314068554 0.7620967741935484 0.5658602150537635 1.0939687350831355
2.306657725475197 11 1.23946573839639 0.833916083916084 0.5761932144910868 0.9969955709292535
1.698992719375194 8 0.8781842308631276 0.9163179916317992 0.7899045020463847 0.8609148314325035
1.3704983899271759 4 0.3066048555703663 0.9658119658119658 0.886039886039886 0.7107988064295264
1.6384994445473207 7 0.7895529918610487 0.7354988399071926 0.5935808197989172 1.4837550072656953
1.3598787001385966 5 0.5456862277739981 0.9483115093039284 0.7215713301171606 1.457746651480114
1.4226250262260236 5 0.8778408350953381 0.925 0.7151041666666667 1.127493853229554
1.9848941585478852 8 1.102536235858574 0.8217142857142857 0.5459047619047619 1.2099790567562116
2.2908647543112814 12 0.8260037936660727 0.866231647634584 0.4796380090497738 1.1265092639328969
1.9459021490955628 8 0.7386934089124536 0.8007590132827325 0.4990512333965844 1.3489921006973433
1.0845720651634774 4 1.1018799073518517 0.6105428796223447 0.5489116181484396 1.2107885747409957
1.651663962253913 6 0.9370572810461014 0.816793893129771 0.4775233248515691 1.0866005958862195
1.4226250262260236 5 0.6789955372549141 1.0 0.7556818181818182 0.8460580970442781
1.3704983899271759 4 1.033489750311801 0.8991596638655462 0.8319327731092437 1.3080006808422877
1.353586352154273 5 0.5593169786805325 1.0 0.6800334168755221 0.5806961309627998
0.22371607607486488 2 0.05304139993864953 0.7073170731707317 0.20499419279907086 1.370747537654344
1.3954936777351024 5 0.7425310170436382 0.823943661971831 0.568075117370892 1.1457480820555177
1.6347529244680106 6 0.9561550222649299 0.8213296398891967 0.49630655586334255 1.1206114103745122
1.8835360734573534 10 0.6111196233224789 0.8902759526938239 0.6575970977379428 1.3491351471742616
1.3050923719579406 4 1.0394903985006627 0.7874396135265701 0.5185185185185185 0.8637228920190922
1.3862883611548904 6 0.5270811632383536 0.7062404870624048 0.24320388349514563 1.544178954964834
0.6931451805619453 2 1.21335164821342 0.8692579505300353 0.6301531213191991 1.0361714310058647
0.6210843745575724 2 0.28288746633946416 0.6254927726675427 0.44634253175646077 1.4745247772557861
1.2730243365997507 4 0.4183817543878643 0.8272058823529411 0.6740196078431373 1.1815724071156575
1.4270560433975996 5 0.8733886224678968 0.928 0.724 0.6978755209815932
1.4333317119462854 6 0.7608725142205934 0.8522522522522522 0.6476162274207877 1.1123027929747393
1.6286128303726273 7 1.118386172978567 0.7255172413793104 0.4845977011494253 1.2869219328752384
1.1601812440033161 5 0.7868117507798641 0.7113884555382215 0.3666146645865835 1.4138939919180726
1.5040713968066486 6 1.085784664423794 0.6464237516869096 0.4637876743139901 1.4282610020757869
1.0397177708449181 3 0.5493225509679486 0.6445783132530121 0.3815261044176707 1.342473631072698
1.6924018630225157 7 0.8110773741516146 0.8954954954954955 0.47488317757009346 1.233359171212144
1.4388779502356193 5 0.6539322914100244 0.8952879581151832 0.7876672484002327 0.7546059036494865
1.5437841850731622 5 0.8052722249235686 0.9237012987012987 0.8566017316017316 1.2719723661895974
1.883482321148349 9 1.018090424026064 0.9453302961275627 0.6998228296633764 1.0063239647233593
1.2033270407244034 5 0.6182704014678729 0.9085714285714286 0.6679365079365079 0.9035317019726696
0.3341407913925472 2 0.36484589570803444 0.8294889190411578 0.7313432835820896 1.3643251973968862
-9.999994999180668e-07 1 0.0 0.8708791208791209 0.7847985347985348 0.9988094560263228
0.9002530512753368 3 0.3916028011196782 0.6253521126760564 0.3145539906103286 1.286957353928273
1.7328619514198633 6 0.8969049283922187 1.0 0.7905759162303665 1.2621212248056726
0.6019209717449048 3 0.4368328650035166 0.9675599435825106 0.688293370944993 1.5451636995525884
1.0710138890401815 4 1.0419667550914529 0.9470588235294117 0.7 0.5942080694374081
0.47413731306119833 2 0.48534065928536785 0.7754237288135594 0.556497175141243 0.721184080496906
1.4740518252910715 5 0.8679360588454978 0.9485294117647058 0.75 1.0659155343750195
0.7304149453305693 3 0.3204792531875796 0.8190184049079755 0.6252556237218814 1.0915657159398804
1.1803005570082867 4 0.7321651152364586 0.6859504132231405 0.4440771349862259 1.265842438753985
1.6915531643337987 6 0.8954283716082372 0.7721139430284858 0.5362318840579711 1.1727873977352978
1.544376980931289 5 1.0863654782833991 0.6666666666666666 0.3333333333333333 1.73850305786294
1.4787465246662288 5 0.8404159470816996 0.96875 0.875 1.4487745739840436
0.9184247850012976 3 0.8464024084099535 0.7406015037593985 0.4298245614035088 1.1182399286604559
1.368684637644648 5 0.6952014244095517 0.8144329896907216 0.570446735395189 1.165973268406857
1.1269247948151757 4 0.8187877760405468 0.9836065573770492 0.6502732240437158 2.1985548337460252
0.562333144621475 2 0.5663621273996896 0.8260869565217391 0.5603864734299517 1.3764058304298104
1.842198877579165 8 0.7945032429361948 0.9700374531835206 0.7266906762705082 0.9546345934296769
1.429892373136269 6 0.6507933636253472 0.8323353293413174 0.5564356435643565 1.10664548525254
1.559576156273877 5 0.7775750109676046 0.7204968944099379 0.28347996089931576 1.0893366746283868
1.0397177708449181 3 0.6101309249849045 0.84 0.4563253012048193 1.157807568264436
1.3862893611368907 5 1.1800005450566917 0.6906077348066298 0.43554327808471455 1.1913003978669847
1.4941701383046417 5 0.865969787159644 0.7446808510638298 0.5602836879432624 1.4247997802305268
0.6365121682970628 2 0.9100137361600649 0.7445054945054945 0.4633699633699634 1.5161822977573722
1.5419704327906343 6 0.601280294949071 0.9233817701453104 0.6943089430894309 0.7426851353046242
1.1432712062088137 4 0.6519001016910028 0.7201051248357424 0.6732369689005694 1.8274165123694894
1.5792281346247976 5 0.9170654586839775 0.8666666666666667 0.625531914893617 0.9648082610695556
1.0281808593383257 3 0.4736252652400623 0.9097744360902256 0.7994987468671679 1.438355414956559
1.3917347695399336 5 0.9652561822104004 0.844474761255116 0.42701227830832195 1.2502128401225854
1.380989345023559 5 0.4782312207152909 0.8245373543522961 0.5944710989262052 1.4148315856480402
0.4825755651802941 2 0.16973247980367848 0.8924485125858124 0.6559877955758963 1.393465787792911
1.3729999128854498 4 0.5348089533758147 0.7774294670846394 0.5287356321839081 1.2515204605610089
1.3954936777351024 5 0.8219536348561329 0.933649289099526 0.5697735650342285 1.1121126507575794
1.8438544379932416 7 0.8961772585729776 0.8994169096209913 0.607871720116618 0.9674549663923513
0.6019209717449048 3 0.27493520629757495 0.6350245499181669 0.5226404800872886 1.5103806483317335
1.3877950315185132 5 0.5417168453916099 0.8461538461538461 0.667094017094017 0.9129919799912745
1.5419704327906343 6 0.6003862655983347 0.726457399103139 0.5984055804683608 1.1861589873721277
0.9180419180850247 4 0.5250949304307702 0.7996632996632996 0.6672278338945006 1.1976605541066503
1.2554783251894204 4 0.6818439998829017 0.8221614227086184 0.6406748746010031 1.404081372570217
1.2130035659909042 4 1.1507147965333557 0.7257617728531855 0.541089566020314 1.4570204076212383
0.9002530512753368 3 0.7627344752627613 0.84375 0.6770833333333334 1.1782307618214554
0.9160641370329957 4 0.4880365153292583 0.7455197132616488 0.4074074074074074 1.2777971192397166
1.401271648665611 5 0.5258848960604349 1.0 0.8619791666666666 0.9459259676696581
0.5297041990605473 2 0.5728219618694801 0.8468085106382979 0.7021276595744681 0.9287974660691268
1.537479097521278 6 0.7025069970802383 0.8111888111888111 0.6275673208580557 1.1657067314632532
2.058452062424533 9 1.06849339615462 0.8131868131868132 0.5062271062271062 0.8722015650339451
0.9743117528756828 3 0.844607675444479 0.9346049046321526 0.8592188919164396 0.5604107141973678
1.0953638369849537 5 0.8741700728071746 0.9270500532481363 0.729144479943202 0.7123704469301245
0.6534161947958719 2 0.7079526592496119 0.973172987974098 0.8899167437557817 0.3876722118143346
1.7872763173081987 9 0.7623445294947211 0.9454545454545454 0.6455958549222798 0.9089620105586166
2.2973614929876427 12 0.7300943365558364 0.6107594936708861 0.34133611691022964 0.9889783997570426
1.2761085436392934 4 0.48347131241558106 0.8670634920634921 0.7248677248677249 1.0028042564498945
0.6019209717449048 3 0.18669739552837133 0.7185792349726776 0.2896174863387978 1.3038146241057527
1.5311639885494654 6 0.7082840000184024 0.8283828382838284 0.6358635863586358 0.8498930821382988
2.166074939311829 10 1.0742643586367924 0.788659793814433 0.4054982817869416 1.1008738857980551
1.6582210766468444 7 0.7567881178491012 0.8810020876826722 0.4520876112251882 1.0741790396026463
1.8678731716592833 7 1.0048688253882385 0.8580323785803238 0.5766616314199395 1.125657468625599
1.6207409216585038 6 1.0474640299537938 0.9212081418253447 0.7272926242066098 0.9745399077728699
2.1637553378312453 10 0.9408630204849184 0.947945205479452 0.7464231354642313 0.9676422817987085
1.496484563132609 7 0.7671681001216611 0.7795497185741088 0.5426810477657935 1.1545090014277537
1.9486215057813654 8 0.921997693041864 0.8452054794520548 0.6292237442922375 1.0642315573264254
1.8850115362374704 8 0.6497033788459793 1.0 0.7918871252204586 0.8356141277062036
2.2393442385399065 13 0.8292345240609248 0.8592833876221498 0.5501217532467533 1.3882519000699327
0.4825755651802941 2 0.6859102839311049 0.9836065573770492 0.8879781420765027 0.9970396432652459
1.822641866266302 8 0.9913378634148757 0.9368005266622779 0.7000219442615756 0.9315188251435736
2.108877300666931 10 0.8600138125833814 0.9223300970873787 0.6154336734693877 1.0778263453831505
1.7638700812470751 7 0.8041433737571468 0.8397645519947678 0.6780030521037715 1.1704964498118267
1.5481095269040173 6 0.7075309525915917 0.7762982689747004 0.5962624945675793 1.2306913372695643
1.0780568627291192 5 0.5768211136504362 0.6202259279182356 0.3209610901918594 1.3095336584354724
1.9640156798447563 11 1.0987725013009149 0.9174377224199288 0.5617081182543406 1.1361991256362627
1.7541202515594632 8 0.7984158797620288 0.8646953405017921 0.5627240143369175 1.3120321896784017
1.0621872548140254 5 0.6405992520284075 0.9665738161559888 0.9220055710306406 0.6699950637976628
0.9447613681103944 4 0.33726133997505253 0.9675090252707581 0.8531889290012034 0.7233484240414491
0.5455925739719631 2 0.4247715955497672 0.7315112540192926 0.4608788853161844 1.6655848165457887
1.5873288341464296 7 0.9410349772879397 0.8593872741555381 0.5870646766169154 1.3662738823522995
1.187411769857752 4 0.6369371953043652 0.9187817258883249 0.49971799210377893 1.035084790489198
1.222261923566135 5 0.9450204156217961 0.7016806722689075 0.33466666666666667 1.1874729913886541
0.9002530512753368 3 0.3639641116024945 0.8405405405405405 0.636936936936937 1.3305951178716735
1.0296500140697402 3 0.4716748421393607 0.8195876288659794 0.5060137457044673 0.9591998930873926
1.0986092886726095 3 0.37665628232610493 0.9428571428571428 0.4034334763948498 0.9637110221230694
1.2474468391268068 5 0.5543096721688792 0.946164199192463 0.8104531179901301 0.6706224428563019
0.9743117528756828 3 0.9564436297063076 0.7564935064935064 0.4393939393939394 1.2544673987343782
1.368684637644648 5 0.7743809494281718 0.9216710182767625 0.6401218450826806 1.2081849283480401
1.549098801279209 6 0.6061525740365331 0.8363832077502691 0.5866523143164694 1.2855946935216038
0.8313995205030317 3 0.400612211435076 0.48468708388814913 0.13715046604527298 2.0622383210942026
1.2709526066539905 6 0.6169616905327283 0.9037656903765691 0.4872152487215249 1.0782762080750559
0.6988080994658692 4 0.3149802623894588 0.9125549584758182 0.8466047874938935 0.655534866761829
1.1826635014508193 4 0.7369101152519836 0.7340823970037453 0.47440699126092384 1.4251415752230818
0.6816224336268306 2 0.303337912053355 0.8818615751789977 0.8198090692124105 1.1155247004917694
1.2440116958164495 5 0.7503009169014777 0.829981718464351 0.6867763558805606 1.1763562524697517
0.6565246849518696 3 0.3013588366616881 0.8890322580645161 0.8498924731182795 1.1386275065677267
1.8890434141323558 7 0.9192561581899801 0.9859154929577465 0.8816705336426914 0.7732707731988374
1.3872293935619824 5 0.6854587271660467 0.802547770700637 0.7967091295116773 1.1480696168925792
1.193467693708673 5 0.5853771421045698 0.8852725793327909 0.7154868456739897 0.9803095154857905
0.9002530512753368 3 0.9082398253852438 0.8649425287356322 0.7030651340996169 1.1140447158883227
-9.999994999180668e-07 1 0.0 0.8324607329842932 0.7207678883071553 0.8474427289879215
1.4380163400204906 6 0.5773995496951206 0.8385490753911806 0.7695590327169275 1.0200512431533926
1.2283063521749176 4 0.882690216226826 0.8003300330033003 0.6287128712871287 0.9059579218647416
1.0870713771773173 4 0.6536355178937755 0.8151447661469933 0.49385908209437623 1.1242175305394249
0.8815292611983065 3 0.6228082624341554 0.696969696969697 0.40404040404040403 1.4391640538985035
1.2290319972892316 5 0.6425186696135314 0.8097412480974124 0.5639269406392694 1.0532946680900386
1.2722860082396517 4 0.6478963284006093 0.852054794520548 0.6385844748858448 1.4034052965694435
1.7890151623245123 7 1.0496957030651919 0.904610492845787 0.6253312135665077 1.5229471849080827
1.299736799566753 5 0.5645979960994186 0.9215358931552587 0.5370061213132999 0.9844696971497077
0.848682557733917 3 0.7065889808423915 0.7486772486772487 0.5220458553791887 1.07117864768884
1.6636853873685662 7 0.46042150262284925 0.8753869969040248 0.5711009174311926 1.2900320640805805
1.2980316797443887 4 1.0312272216361917 0.9279279279279279 0.7047047047047047 0.8909331825134844
1.2394927485918172 4 0.8831909925288448 0.8795483061480552 0.6737766624843162 0.8857235190195545
2.0177370728644712 9 0.9059514002509355 0.7716535433070866 0.5424164524421594 1.069907014911283
1.4562938479274656 5 0.8012950117916262 0.808 0.6066666666666667 0.931241714905679
1.2535587658700331 5 0.6844098160976811 0.7631935047361299 0.5620207487595851 1.247113484412054
1.5026634191913653 6 0.6391636638237329 0.7696498054474709 0.4477302204928664 1.5274712201536604
1.1537379427175691 4 0.7706036836112881 0.9253731343283582 0.5729684908789386 1.1439695789483626
1.3050923719579406 4 0.635175811619396 0.9372822299651568 0.6986062717770035 0.5904116874677159
1.073538846421323 4 0.7144782431477572 0.9148550724637681 0.5917874396135265 0.9151228759121816
1.283168648026101 4 0.9600934628717435 0.795880149812734 0.4094881398252185 1.232649274261785
1.5989793684614144 7 0.8010665581320301 0.8546712802768166 0.6001137656427759 1.424460819126878
1.6424554604811679 6 0.8081215514831422 0.9039242219215156 0.601135867190913 1.2124771041939106
0.8701936518502722 5 0.4356018438838645 0.92520035618878 0.8596022558622737 0.9681522196427532
1.7061802496553673 6 0.8357535778488103 0.8930957683741648 0.5564216778025242 0.9721392834929832
1.3704983899271759 4 0.8473567097010952 0.9124087591240876 0.6131386861313869 1.2773027379068402
1.2060406581750294 4 0.6236733607195158 0.8842592592592593 0.6466049382716049 0.6665274117136614
1.3995645288719336 6 0.7755007131168378 0.8647058823529412 0.6496732026143791 0.945028883414663
1.0533914983798527 4 0.7521404209239676 0.7672281776416539 0.6314446145992854 1.5653327861212496
1.4941701383046417 5 0.951753822709179 0.7146739130434783 0.2361111111111111 1.3620870965713805
1.0986092886726095 3 0.3295935305807691 0.855072463768116 0.3997584541062802 1.1010233902143531
1.4880300442092587 6 0.8965240563248629 0.8946608946608947 0.7417027417027418 1.1435352206278
1.635038371098056 7 0.7896311700025561 0.9232432432432433 0.6265664160401002 1.4525020891756513
1.7565998989669158 8 0.8343580720282063 0.901060070671378 0.684727129956812 0.7667165465527789
1.9500279786622396 8 0.6456611073570894 0.8282904689863843 0.4398148148148148 1.45452549809351
1.4567080841203532 6 0.8704116492105535 0.7104042412193505 0.4777998674618953 1.2131825358495407
-9.999994999180668e-07 1 0.0 1.0 0.3333333333333333 2.0
0.8199666831006802 3 0.8731229010263263 0.825136612021858 0.38114754098360654 1.536665261055947
2.1006699213285938 9 0.7420470031060178 0.8382352941176471 0.4515250544662309 1.0722059710082597
1.9939387154846067 10 0.8471637071357633 0.8529048207663782 0.4750721054800165 1.0169641584427571
1.5428813878382623 7 0.6461039851420949 0.6879895561357703 0.40644038294168844 1.4297245356385007
1.607836666451369 8 0.7883815833466037 0.8833004602235371 0.6750458517639444 1.1140195279578728
0.8925522304441383 5 0.4425380119976643 0.9264705882352942 0.8308823529411765 1.036505371628511
1.8197160394628935 8 0.6357750720358103 0.951417004048583 0.7793764988009593 0.9188849213264668
1.461467129322024 5 1.0448120152061204 0.6607142857142857 0.6547619047619048 1.3301490774086215
1.4648113849073128 5 0.963007369487948 0.45058139534883723 0.24127906976744187 1.6419778339781805
2.0540995638537187 10 0.8690750655353251 0.8751743375174338 0.6691193377787997 1.2437893794629913
0.9002530512753368 3 0.30743496084077043 0.9384816753926701 0.9384816753926701 1.0041901414837444
1.1645968622433318 5 0.4177701208683601 0.9686684073107049 0.9273281114012184 1.0149745508878016
2.204979864916061 11 0.7155540145814205 1.0 0.9075638411496262 0.6111434461795597
1.3096494888135415 5 0.7862062172053296 0.8026200873362446 0.4579330422125182 1.1106223788649257
1.4985640796932556 5 0.7873196048999356 0.9271255060728745 0.770618556701031 1.0804590569492951
2.0397025559948414 10 0.864480840570383 0.9119266055045872 0.7359855334538878 0.9560735475631101
1.6949836610877083 8 0.7184509900886741 0.8240549828178694 0.5911578025826221 1.1652375473006562
1.8055069492821902 8 0.722524609419779 0.9462242562929062 0.7250190694126621 1.299826747940092
2.0431828705991197 9 0.965845260551517 0.7742749054224464 0.5872215216477512 1.0656551387283069
2.2343238079138437 12 0.8931610283806944 0.8122837370242214 0.5259317174876206 1.1387386386534206
1.624457539289072 7 0.8023954948633262 0.7927663734115347 0.5252525252525253 1.1999455347535475
1.8536291927951396 9 0.6395002974722568 0.8190045248868778 0.2596464550465691 1.6587210113219983
1.9632640772059236 10 0.7780478795797179 0.8140794223826715 0.38085771087759157 1.6188032149822607
1.9502439170650017 10 0.9275573185486548 1.0 0.8940543959519291 0.8592911616941029
1.7159922186940109 6 0.8186595841838995 1.0 0.9270358306188925 0.6137612649371313
1.5602922518036781 6 1.0398891865857693 0.8406015037593985 0.47141560798548093 1.158925866254906
1.6715851105359238 6 0.9453795047670492 0.8438634713144517 0.6552892762043089 0.948829807039379
1.162695833512044 4 0.8472399504605085 0.8646616541353384 0.45964912280701753 1.1716532328110882
1.9421685202850942 9 0.7071937032556025 0.9597364568081991 0.6593018117543085 0.8927815738014933
1.6029443276824367 7 0.709594020697138 0.7808127914723517 0.5309793471019321 1.3174544165142739
0.7301628895159564 4 0.34156632827896266 0.7073170731707317 0.3943089430894309 1.531322870168352
1.4359069836613552 5 0.598454017890118 0.8550387596899225 0.655297157622739 1.2971573964710146
1.2160626939009926 5 0.7149776751865773 0.935251798561151 0.6894484412470024 1.3908833717060924
1.0336965498709902 4 0.685538579505388 0.9534574468085106 0.8599290780141844 1.3887440919587364
-9.999994999180668e-07 1 0.0 1.0 1.0 0.950936929443246
2.1417382669682117 10 0.8453477388026792 0.8925764192139738 0.8141643059490085 0.9229516864504329
1.8090032842997332 7 0.9216729748289205 0.9215686274509803 0.755119825708061 1.4646265788322195
1.1209463926873333 4 0.6014121123978666 0.9492273730684326 0.7387785136129507 1.4452609138584311
2.067966912345976 9 0.8383056415005161 0.8979591836734694 0.7162293488824101 0.8253364927655152
1.0373873246496352 5 0.6685328041367121 0.9687092568448501 0.8226857887874837 0.8495009246899781
0.6779057256561851 3 0.30153869113019993 0.7265625 0.3020833333333333 1.1168343526177664
1.0408358374387054 4 0.20716358210421115 0.9470198675496688 0.8690213392200147 0.8172286926565411
0.9965857322720844 4 1.2924846772994407 1.0 0.4444444444444444 1.1492518599707344
0.4533479617305936 3 0.08941622815991454 0.847457627118644 0.6949152542372882 1.0803129395998508
1.0198788074201148 4 0.9584683192860926 0.8335724533715926 0.6279292204686753 1.1664024108640503
1.3664214949572278 4 0.7337177650677408 0.8502080443828016 0.6306056403143782 0.9570770894045688
1.7170689802371482 7 0.7455306434739258 0.8913857677902621 0.717852684144819 0.6721921081431477
0.6615612381601154 2 0.3235604395235786 0.7473118279569892 0.478494623655914 1.4668021636870807
1.4288497240613627 9 0.581500235246391 0.8791348600508906 0.41303494307027877 1.24875439187433
0.6057954993747123 2 0.47737259944784577 1.0 1.0 0.5893173771130786
1.4469289947305617 6 0.5752112806060725 0.928521373510862 0.6594253679046952 1.3252930615898888
1.4614671293220243 5 0.8125493357688727 0.6839237057220708 0.35967302452316074 1.29329263387801
1.2518760519085135 6 0.5571911199580719 0.9459459459459459 0.7007007007007007 1.3425976599119873
1.4385741134813008 7 0.700713016182072 0.8667917448405253 0.624765478424015 1.3358490720074956
2.080559794555864 11 1.1304415706884252 0.6 0.4117647058823529 0.8931996340950148
1.8074993238229282 8 0.7148873781902023 0.8377581120943953 0.5164334526521315 1.2903179693556766
1.489745318867716 5 0.6081881579567943 0.8356164383561644 0.626078132927448 1.2943195010392683
1.5654391070923683 6 0.8555092339631567 0.8740157480314961 0.6290463692038495 0.8770307545255513
1.5034547872869155 6 0.720233891634294 0.9790794979079498 0.5552898983861327 0.9629973433555229
1.8310134811420158 7 1.1053251538390347 0.8786279683377308 0.7343887423043096 0.8154623466088589
1.409755403680981 6 0.76220371075614 0.8912751677852349 0.5357941834451901 1.0762500955068064
1.2148852339675815 5 0.5615448927875926 0.7210787792760823 0.3510764135320558 1.348776960789216
2.503519907168938 15 0.8861243894135118 0.8244457759137208 0.44989620683147763 1.1414508133307653
1.9982355525466857 8 0.6434909352654361 0.7588961510530138 0.4097073518915061 1.3414643629488923
2.2483712949319075 15 0.9248049991226741 0.8863636363636364 0.4822627037392138 1.1712726149182178
2.2534628392221236 11 0.7794473434298101 1.0 0.9259259259259259 1.2440169358562925
1.6619633685757211 8 0.683101206059016 0.8870175438596491 0.5642105263157895 1.5280715744678073
1.931889139252688 8 0.7821341088286151 0.6279491833030852 0.24379915305505143 1.6849724902717194
1.5595741563008767 7 0.5717723225365798 0.9107142857142857 0.6726190476190477 0.9258089189575107
1.7295971907498584 10 0.5757862703147073 0.9953746530989824 0.6711724948574787 1.047920236586632
1.3248857855345781 5 0.2979101607912013 0.8824273072060683 0.8268015170670038 1.3908959141947714
0.9743117528756828 3 0.7381513456815554 0.6879535558780842 0.43880019351717464 1.494336952788836
1.2324012234793282 4 0.7396278016688184 0.953125 0.75 1.0679503162375366
1.5135976783597371 5 1.1241492939795055 0.7413793103448276 0.4396551724137931 1.4043646870309017
1.2324012234793282 4 1.011253160417938 0.7485029940119761 0.45808383233532934 1.4219924929790706
1.1573692982344566 4 0.5278845842209451 0.886676875957121 0.622766717713119 1.3409409763854396
1.4976804075160355 6 0.7441772839050756 0.8702623906705539 0.5296404275996113 0.9026132884916569
1.2022748015760394 4 0.42583205601408564 0.8758169934640523 0.6257080610021787 0.9853703716625241
1.3130055920611061 5 1.322118718481609 1.0 0.6666666666666666 1.372008467928144
1.3653672558318133 5 0.8169780495943196 0.9847645429362881 0.868421052631579 1.1467285189665015
1.581930602488222 7 0.8832692469172316 0.8965183752417795 0.7960588051298092 1.003705641702234
0.8239562165098322 3 0.4053203666840402 0.6841317365269461 0.6402195608782435 1.2566119825533282
1.2148856539607453 4 0.48998583725263883 0.7661971830985915 0.2936444086886565 1.7754456504092488
0.6779057256561851 3 0.32870219142335155 0.96 0.6161111111111112 1.0354558378198282
0.9736449232145132 4 0.4079675101929528 0.8284313725490197 0.36492374727668847 0.8242544964360394
1.9769971729651274 9 1.195358440992314 1.0 0.9052511415525114 1.1249807312640512
1.3957192273480763 6 0.855603620297167 0.8087520259319287 0.4883846569421934 1.0241018393442591
1.5804898220339392 6 0.707947394035677 0.9693537641572285 0.7614923384410394 1.1466011642216085
0.6019209717449048 3 0.44165229188327687 0.6386666666666667 0.5911111111111111 1.487119998323496
0.9180419180850247 4 0.8748430434157062 0.7475177304964539 0.5929078014184397 1.2419448314335775
1.05509861817353 3 0.8948960998949322 0.45036319612590797 0.1735270379338176 1.6635347226711985
1.5684927257585295 6 0.8694486327487315 0.8467465753424658 0.694634703196347 0.8678381868543497
1.2730243365997505 4 0.6939600644032664 0.9192825112107623 0.6068759342301944 0.6273867582291222
1.2754438697806547 5 0.7693958046923208 0.8031784841075794 0.4421352893235534 1.2275855115011622
1.0913570764333609 5 0.759828651476723 0.7290715372907154 0.5045662100456622 1.7348808321173468
1.0567624158665399 4 0.5074616842683092 0.8424350940017905 0.5293942106833781 1.0490989983911387
1.3917347695399336 5 0.563155056586701 0.8813291139240507 0.6471518987341772 0.9173071001432146
1.494170138304642 5 0.9731546822489828 0.8661417322834646 0.37926509186351703 1.2384341027033212
1.8903547753831345 8 1.0613823321700384 0.9266770670826833 0.530941237649506 1.0783810249523054
0.9950239901849212 3 0.5242443562448779 0.912 0.29333333333333333 1.2659427467466355
1.1499131378053324 4 0.5217554738641357 0.9064516129032258 0.5935483870967742 1.549061526545885
1.331655286845175 5 0.49923553609050114 0.8890429958391124 0.59500693481276 1.0121411988895885
1.6905827979407686 7 0.7642945033441417 0.8918918918918919 0.612987987987988 1.3960109225531645
1.7399005048516112 10 0.671840242239555 0.8904665314401623 0.6457065584854631 1.6032996708966027
0.44375428427771485 3 0.20234876320270598 0.6163069544364509 0.29896083133493206 1.3616595374399194
1.2497907907704258 5 0.6504401753727731 0.8189563365282215 0.6020589279375221 1.3393777201927624
1.282042240062655 4 0.48812347823627733 0.8840336134453781 0.5815126050420169 0.8994237512329187
1.0408358374387054 4 0.7710557364156502 0.8754914809960681 0.6522498907820009 0.8760790600570622
1.0863232828988738 5 0.4699614467591952 0.8018504240555128 0.49036237471087124 1.128508134413764
1.162695833512044 4 0.5477433303723525 0.7349768875192604 0.44940934771443247 1.144472978330652
1.3422623044657922 5 0.639702075144954 0.7675879396984925 0.5217755443886097 1.3614656605884548
1.161116818298989 4 0.5661763124859425 0.7220216606498195 0.5238668271159246 1.0460921929025853
0.9743117528756828 3 0.546579936252954 0.8295819935691319 0.5080385852090032 1.0399556676478043
1.073538846421323 4 0.6412453348083788 0.8761061946902655 0.632251720747296 0.8953425506356499
1.213159439047687 4 0.5165621455030122 0.8623853211009175 0.5596330275229358 1.102491390632981
0.854802284973173 4 0.4108346397033723 0.8172185430463577 0.5315673289183223 1.2325090645504295
1.3742852626197943 6 0.6285072345202402 0.9419419419419419 0.7157157157157157 0.9643751430056836
0.9433453923362892 3 0.7492152930282437 0.9088471849865952 0.8498659517426274 0.7964192468329221
1.3502508345159274 4 0.7065904685440754 0.9045045045045045 0.6270270270270271 0.936932161514394
1.003062288170094 3 0.5478939079968319 0.764033264033264 0.39986139986139985 0.9261152191564948
1.0027369544028228 3 0.5303277258178699 0.93 0.65 0.5613671486023194
0.7356189397674613 3 0.40875990015960934 0.9795918367346939 0.6360544217687075 0.9203907139351797
0.8815292611983065 3 0.514315059598063 0.8591304347826086 0.6127536231884058 1.0504774977094182
1.2996459635728974 5 0.566432196481134 0.8286604361370716 0.5873340143003064 1.0129978331036888
1.3760502852808334 5 0.7397629556649845 0.930635838150289 0.558766859344894 1.1553736232332594
1.2730243365997507 4 0.7002745226228291 0.7965116279069767 0.5542635658914729 0.8547684957905596
1.6663255853624248 7 0.8546190574642069 0.8314606741573034 0.5773195876288659 0.9132724285935938
0.9556968911186593 3 0.6908725292324599 0.75 0.3472222222222222 1.3029290157285438
1.9769971729651274 9 0.8326873436171065 0.7805232558139535 0.37662337662337664 1.3108156186420703
1.2336801378446445 4 0.8057938909098806 0.9100968188105117 0.665283540802213 1.0199997316298044
1.4244377785225513 5 0.7260145852351159 0.9157303370786517 0.7259675405742821 0.913327056482872
1.1559263322014472 4 0.6928261545854173 0.8931068931068931 0.5770895770895771 0.8464743481906649
1.1509129206096145 4 0.7476353927208709 0.9100899100899101 0.5944055944055944 0.9065001180407156
1.7213953220500036 7 0.9919721805602464 0.850909090909091 0.7218181818181818 1.0170469324860436
1.455328035208641 5 0.771187028365429 0.9172535211267606 0.6754694835680751 1.285934598807794
1.2130035659909044 4 0.9288539013280354 0.8652694610778443 0.719560878243513 1.204296740057232
1.3208843431586557 4 0.9680864935369199 0.7351190476190477 0.38293650793650796 1.8534409273346664
0.8815292611983065 3 0.7536949128985511 0.7481031866464339 0.3743045017703591 1.1769723131658703
0.9743117528756828 3 0.693371106801128 0.9730392156862745 0.49836601307189543 1.2171421832538865
1.3971403416301065 5 0.6687259872325076 0.7340748230535895 0.49174250084260196 0.9948810761829278
1.2900465219379835 5 0.6245342218191339 0.8219895287958116 0.5228621291448516 1.0690330567871453
1.4648113849073128 5 0.7892329664533142 0.7451523545706371 0.5041551246537396 1.5725074689128096
0.5455925739719631 2 0.6371573933246507 0.7275641025641025 0.47275641025641024 1.1955610812217619
0.9743117528756828 3 0.7581583181633297 0.7 0.34444444444444444 1.485046176357683
1.5176695294774438 5 0.9416954491529917 0.6308411214953271 0.44132917964693663 1.6455353505405539
1.4859492254781244 6 0.8137614310746498 0.7833894500561167 0.4597830153385709 1.0303365706839058
1.14905569698277 4 0.7457158636942622 0.8102981029810298 0.5275519421860885 1.4371081547389408
0.6390288596608019 3 0.2848264565384616 0.7788018433179723 0.4577572964669739 1.4790336503531263
1.9091985736750499 9 0.8510401070793586 0.8327721661054994 0.5268817204301075 0.9981847288194411
1.2997367995667533 5 0.928089388391219 0.9439252336448598 0.6438213914849429 0.8552092933224494
1.3853553778070342 5 0.9535757488424791 0.75 0.46111111111111114 1.166559789519629
1.6304265826551552 6 1.0553069795187031 0.9069767441860465 0.9186046511627907 0.8176256212224235
1.923057784365752 8 1.0439035167148967 0.8834688346883469 0.715738284703802 1.263048999909089
0.68531220727849 2 0.7280109889280519 0.9318181818181818 0.7670454545454546 1.224743305728176
1.756350377173324 9 0.7778379775857728 0.7509393451422437 0.4741456432277688 1.5457123013695244
1.190071307235074 5 0.8100784122176197 0.7521008403361344 0.5938375350140056 1.0186128088972992
2.0092088176398657 10 0.8522139037342474 0.7966373098478783 0.5453580901856764 1.147832265872799
1.5933972318556822 6 0.9201304027593673 0.7896174863387978 0.5209471766848816 1.2014595899444942
1.2819544442317041 5 0.6757220655355269 0.8796445880452343 0.6440495422724825 0.9632005543946687
1.4226250262260234 5 0.987355144173835 0.6942277691107644 0.3655746229849194 1.1484821888557604
2.086847754149603 10 0.8777405574685554 0.7658473479948253 0.34094202898550724 1.6001176170542581
1.613386119163915 6 0.7935042169131087 0.7417654808959157 0.4795783926218709 1.389813957693807
0.7232515110158177 3 0.2035766607508475 1.0 0.8983739837398373 0.8719698114806438
1.5941606991512456 6 0.7216483341219326 0.7623400365630713 0.4283973187081048 1.1344640331702507
1.2732343025998027 6 0.6106947679729966 0.7649063032367973 0.48637137989778534 1.3307468202017685
1.3107796781094638 4 1.1879777498753674 0.8328611898016998 0.4919735599622285 1.2423684976227745
1.6095394820132176 7 0.73031794759067 0.7970027247956403 0.37420526793823794 1.2571443532059152
2.0889168013976316 11 0.8929495436490149 0.8647439085032322 0.6483552631578947 0.9878488405487158
1.59901702059086 7 0.8001257841675997 0.8568687643898696 0.7715528268099258 1.0279257945707183
1.1246662892518389 4 0.5601494608758361 0.7957371225577264 0.6121965660153937 1.2656549736098435
1.9072619392051267 9 0.5250535007398088 0.9284351145038168 0.7093093093093094 1.0315202777196208
0.8647370965378594 3 0.5578226726370391 0.44813278008298757 0.2028584601198709 1.320505871391883
1.1174859594391537 4 0.6620534133953979 0.7721212121212121 0.6618181818181819 1.0490517930064418
1.1076626949350707 4 0.3487859551937568 0.9815809669992326 0.9324635456638527 0.5830359462467652
1.2281018514812791 4 0.8150548025738814 0.8569482288828338 0.6416893732970027 1.0501083639984155
1.4702485277711734 5 0.8246745074619328 0.9516129032258065 0.7526881720430108 1.5898977771165383
1.3114950989192469 4 0.646645079455245 0.8560930802204532 0.5988977342314759 0.9901299743255165
1.53531213533755 7 0.7090331055487787 0.7751196172248804 0.5783094098883572 1.2805303733323772
1.58170953208249 5 1.0002922116245794 0.7726449275362319 0.6346618357487923 1.0876495847838241
1.331655286845175 5 0.8755003942422496 0.7702888583218707 0.39110499770747365 1.7548468654913387
0.6885633693268978 4 0.3374553163287118 0.8257328990228013 0.44625407166123776 1.1272551550574375
0.4634105588430012 3 0.26024752415481905 0.8514492753623188 0.5742753623188406 0.9752084036890901
1.282042240062655 4 0.9685836890249191 0.8791732909379968 0.4737678855325914 0.9991798679622422
1.2123098802805643 4 0.9491144904363208 0.8493647912885662 0.47549909255898365 1.0954796142839105
1.353586352154273 5 0.8425774870572497 0.888671875 0.7584635416666666 1.2956155687213162
1.4487674708368266 5 0.6897259296975726 0.6887694145758662 0.42194344882516926 1.2260595714069995
1.3579728550063241 5 0.5253667860218575 0.861764705882353 0.5964052287581699 1.1770729025135893
1.0699133418346678 4 0.8664141987911941 0.7136294027565084 0.5058703420112303 1.0592964282737516
1.3043820064206306 5 0.44604786723815015 0.8718830610490111 0.6812840355402694 0.9883383026892711
0.8313995205030317 3 0.4347962570746656 0.9042769857433809 0.8085539714867617 0.9814996361754431
0.842540432909892 3 0.42826174635437186 0.9032258064516129 0.7910906298003072 0.9578517468777884
1.3387043328642292 5 0.6534311754985598 0.7641921397379913 0.6806404657933042 1.4768257544828411
1.0232792398908201 4 0.5167557891729644 0.7525206232813932 0.5337610754659334 1.097885842130936
1.3050923719579406 4 0.7861174327335091 0.8607594936708861 0.4941983122362869 1.2206859024610002
1.3114263374954453 5 0.9920061676813815 0.820738137082601 0.5846514352665495 1.166419683946285
1.329657348863758 4 0.8521525813765878 0.8913043478260869 0.6920289855072463 1.0615604910142666
0.9868954488573299 4 0.6756943153870355 0.8812589413447782 0.6442536957558417 0.8524058645704942
1.1355466971758892 4 0.27168158857686414 0.9432624113475178 0.8435776201733649 0.7093589256955481
2.1775944966113174 10 0.8680123287487904 0.9620653319283456 0.7742458644177749 0.8631463274749427
1.7030456768789173 9 0.9614759361761687 0.9474216380182002 0.7177756348441016 0.8462849722349877
1.4380163400204906 6 0.44620985817613057 0.8837375178316691 0.4973846885401807 1.208192625347302
0.16794214774719357 2 0.05092916063050995 1.0 0.5035211267605634 0.8517586473863468
1.700426388102438 7 0.9744077893918912 0.9508333333333333 0.7666666666666667 1.2169229473959864
1.6256917157857798 7 0.6449609538470467 0.9568062827225131 0.7665794066317626 0.8982445347138686
1.2525138485795355 5 0.6146390838336974 0.8113924050632911 0.6940928270042194 1.1052113138632131
2.345227356790935 12 0.8821289412717057 0.8613013698630136 0.537519541427827 1.2804812605532256
2.0873037132134873 10 0.882255897469196 0.9624489795918367 0.5923809523809523 1.2301780452050348
2.1306793066531204 10 0.7707151268417078 0.9297445255474452 0.7080335731414868 0.9586203368487555
1.3327973179594408 6 0.6206465489515514 0.8362760834670947 0.7335473515248796 1.2861770811655884
1.6769817743441668 6 1.053145690889093 0.7821522309711286 0.5503062117235346 1.0982630469733095
1.789719588602443 8 0.8971483676623334 0.9523809523809523 0.6046355391333558 1.0982083355634764
2.1531286286102955 11 0.9354566983434519 0.7728921124206709 0.5379268661226957 1.209037452274068
1.4677289293433524 5 0.6797613564301339 0.7431192660550459 0.44281345565749236 1.3640352301976375
2.0992828000019204 10 0.940870694048895 0.9217731421121251 0.6809815950920245 1.0190710858697822
2.231071153737913 13 0.8961111767996652 0.7960704607046071 0.4463755828740992 1.2468299188467629
1.2130035659909044 4 0.4086069695148769 0.8745098039215686 0.7803921568627451 0.8841757148071271
1.4614671293220243 5 0.5609198979864873 0.8607242339832869 0.6123491179201486 1.1827289118901356
1.3397140435033825 4 0.7231052921686884 0.9272237196765498 0.8328840970350404 1.3051615361270639
1.629994559186445 6 1.0305086087696453 0.921875 0.7447916666666666 0.9356987285009967
1.3483402863762812 5 0.7051086669158396 0.9025830258302583 0.7236098020735156 0.8303264970320463
1.8407407286146142 8 0.9422391899687682 0.6972602739726027 0.2622877569258266 1.484493431658637
1.8052765429392805 9 0.8629494605206589 0.9084645669291339 0.6773255813953488 1.0030624692053407
0.9743117528756828 3 0.5158953442671114 1.0 0.8342541436464088 0.6133234064287785
1.8974038214021889 8 0.7994452087440254 0.8508541392904073 0.6180464301357862 1.1570394358919922
1.5040713968066486 6 0.4339858910880672 1.0 0.8865853658536585 0.9197764158906637
1.461467129322024 5 1.0700910584841343 0.9282814614343707 0.7884528642309427 1.2980885519071186
1.6462185538558702 6 0.950640267210293 0.978021978021978 0.6854395604395604 1.0268440652939392
1.3050923719579406 4 0.6142309060568274 0.8371777476255088 0.668475802804161 0.9120219706311131
1.3934706569254114 5 0.5209899190573308 0.9467005076142132 0.7119289340101523 1.321145508642093
1.2440116958164495 5 0.490042647220976 0.7941567065073041 0.6626826029216467 0.9870105060913106
1.5247023930458519 5 0.8065523928729667 0.8189509306260575 0.6254935138183869 0.9193650673357573
1.440228749736266 6 0.7259866155022562 0.7922606924643585 0.6321003963011889 1.0372454122405488
1.1432712062088137 4 0.3040270455544223 0.9352941176470588 0.6816993464052288 0.913558661895287
1.283168648026101 4 0.6477905112787284 0.7517433751743375 0.5383542538354253 1.0399655920010056
1.2770302594760556 4 1.211369634869363 0.9272727272727272 0.7373737373737373 0.8788788800673544
2.3576722618767922 13 0.642545848911438 1.0 0.7142857142857143 1.2254470341607306
1.7678264644713813 8 1.0414813464441957 0.790073230268511 0.536750745863846 1.0893396766461698
2.0553419670781023 12 0.8681210579325671 0.8136498516320475 0.33505798394290814 1.287370946928208
1.236680869152204 4 0.994281105828657 0.6666666666666666 0.7777777777777778 0.46079047966999714
2.0075483074751705 8 1.126597009053424 0.0 -0.3333333333333333 2.5043799069381367
1.8343649703107905 7 0.8771805646043076 0.759493670886076 0.3333333333333333 1.5291002911920053
2.558427056515063 16 1.0549529062571974 0.3 0.06451612903225806 1.8027510584910185
2.019833184939941 9 1.1071869147771536 0.9 0.6 0.8720084679281463
2.1330250874856542 10 0.9078041850485394 0.9605568445475638 0.6332046332046332 0.8739517271392029
1.7980985026583158 7 0.8370844330642475 0.8 0.5333333333333333 2.767542648054294
2.2841564493406636 11 0.6964638355010327 0.7391304347826086 0.6714285714285714 0.6723360696179799
2.258096041070383 12 1.064033943446678 0.717391304347826 0.5563380281690141 1.3340415283103415
