1.3745641972117657 5 0.2743027832980758 0.6323119777158774 0.4373259052924791 1.0808941266804821
1.2381656412373059 4 0.6308546612305516 0.8590998043052838 0.6105675146771037 1.005722998531656
1.2022748015760396 4 0.6440758935743981 0.967032967032967 0.7486263736263736 0.7395486044414079
1.3117126587333265 4 0.7600586592813203 0.8461538461538461 0.6251526251526252 0.7984954197593989
1.2130035659909042 4 0.9218028805947583 0.8942598187311178 0.6958710976837865 0.925008379654376
1.2130035659909044 4 0.686127275299597 0.6854838709677419 0.5524193548387096 0.9742085240764982
1.1803005570082867 4 0.47766654432101546 0.8028846153846154 0.5384615384615384 1.1619447151807145
1.9206695920429913 7 0.7100449387079769 0.839835728952772 0.5990843688685416 0.9324217672641256
1.317392759725494 6 0.3404505071644623 0.9022140221402214 0.8056580565805658 0.9276108069025617
1.7389153569564315 8 0.563696215388675 0.8783505154639175 0.6833906071019473 1.2599422699022023
1.4835504485172628 6 0.5182679653893244 0.9793103448275862 0.8788505747126437 0.892670705029502
1.2474867586676477 4 0.5713334245364039 0.9138381201044387 0.7859007832898173 0.769656688055284
1.5135976783597371 5 0.5389061064534177 0.8954703832752613 0.5946230890880337 1.0924260902723744
1.3852630490406346 5 0.504035232103343 0.8781645569620253 0.5466772151898734 1.2511167447067228
1.4614671293220243 5 0.8533943883622794 0.8856345885634589 0.6722454672245467 1.0841683904868118
1.5643651029065098 5 0.6514731046337683 0.9184027777777778 0.6597222222222222 1.1697391522765523
1.2123098802805643 4 0.46381315542527246 0.8622668579626973 0.640363462458154 0.9513740246120298
1.4693172618188446 6 0.43864622638389617 0.770464135021097 0.6219409282700422 1.0414700791569975
1.023925799644203 3 0.4692151806025598 0.9075500770416025 0.6029789419619929 1.2163999140112156
1.4778538853040852 5 0.178129393599413 0.984375 0.8125 0.887615130544913
1.3058942607917405 4 0.6626191307190739 0.7824156305506217 0.5088809946714032 1.2811474484660195
1.14905569698277 4 0.7352149701383015 0.9653179190751445 0.733140655105973 0.9581081143254311
1.5135976783597371 5 0.9296626344586678 0.8863636363636364 0.5771780303030303 1.1650764780834726
1.1803005570082867 4 0.7599151058460408 0.768 0.5715555555555556 0.806148512603298
0.9002530512753368 3 0.488230171654747 0.8445945945945946 0.46114864864864863 0.9432284045828393
0.8921148708254272 3 0.35446163417592225 0.8409090909090909 0.6363636363636364 0.6199785498036666
1.2130035659909044 4 0.686127275299597 0.8513513513513513 0.5990990990990991 0.9294481217894333
0.8082669580111548 3 0.1713048049915854 0.7612612612612613 0.6276276276276276 1.1043610573079434
1.5481095269040173 6 0.6841721380626874 0.7027522935779816 0.5656565656565656 1.1794075371185861
1.286053336885379 4 0.9084913964957138 0.850253807106599 0.6125211505922166 1.2235074812778566
1.3050923719579406 4 0.963585136732967 0.9529616724738676 0.6260162601626016 1.0263276569016162
0.6598680138109335 4 0.2716482708826813 0.5579598145285936 0.09411293552262716 2.062667341744283
1.4244377785225513 5 0.5448168555651454 0.9525101763907734 0.8403437358661239 1.147278225033701
1.3550558373515382 5 0.48783952386328133 0.8455284552845529 0.45023696682464454 1.24059345046051
1.6685213820104783 7 1.1731486220136218 0.733771569433032 0.3845521774856204 1.1585876022266328
0.9743117528756828 3 0.8321251515464253 0.9227941176470589 0.49754901960784315 1.0792790297250203
1.3208843431586557 4 1.158159381592299 0.9336158192090396 0.7664783427495292 0.9891108441433072
1.6369478915789757 6 0.7984813652548022 0.8284473398479913 0.6865725660513934 1.4945843183778977
1.5808135358726352 5 0.5807597423310275 0.8876404494382022 0.43169722057953874 1.4199160751882887
0.6615612381601154 2 0.5145037960045976 0.702247191011236 0.3779527559055118 1.273691211216045
1.2688408763279102 5 0.6763961823907708 0.6825396825396826 0.40152851263962375 0.9950105553631298
1.4740518252910715 5 0.691654372836405 0.6666666666666666 0.6666666666666666 1.2926638440239515
0.9470541522889973 3 0.6633777159633923 0 0 0
0.6277022572090253 3 0.23542395041483508 0.8649068322981367 0.5403726708074534 0.8953315999402941
1.5193776646566008 5 0.8046586038126047 0.8747591522157996 0.6024405908798972 0.9563410478127853
1.3862903611278907 4 1.3584246709564693 0.8321678321678322 0.6783216783216783 1.1996354161758676
0.9743117528756828 3 0.3324043550767714 0.9575971731448764 0.8515901060070671 0.6871545248815457
1.3050923719579406 4 0.934945211210534 0.8708133971291866 0.7506645401382244 0.9673472724843135
1.2130035659909042 4 0.968897398866513 0.8055555555555556 0.6796296296296296 1.0150225172623661
1.0717270941171957 3 0.6756943153870355 0.8991452991452992 0.6717948717948717 0.840223349313787
1.5067548342736892 5 0.4671036317674684 0.9804618117229129 0.8105387803433984 0.8898041238156318
1.5381455695134356 5 0.5539317240009488 0.8710852148579752 0.644331148336975 1.1064119827299697
1.8169761734126102 7 1.002009014201162 0.809220985691574 0.6281851274050962 1.472918534485121
1.8252116760576889 9 0.5070009207985872 0.8436763550667714 0.582089552238806 0.9874768484859032
1.5132443469981498 5 0.5219742583057868 0.8747609942638623 0.6612492033142129 1.0117504187949262
1.1067329378336446 4 0.22416163427634117 0.9457013574660633 0.8520408163265306 0.5470412002408749
1.79435048276764 7 0.606291483727715 0.907626208378088 0.6942355889724311 1.173949743194124
1.1787496244768045 4 0.43028812632042684 0.8892215568862275 0.5711909514304724 0.9027329481938337
1.2626990334149408 4 0.6392364320544714 0.8205128205128205 0.6239316239316239 1.0730118702832419
1.249338231094037 5 0.5190942822419085 0.8169838945827232 0.49536359199609564 1.0815179628014269
1.35457707522167 4 0.6747313757440759 0.7677419354838709 0.5039426523297491 1.1151698122124765
0.7356189397674613 3 0.27182291798300445 0.9012693935119888 0.8205128205128205 0.9577256355593698
1.2554783251894204 4 0.9630131358865582 0.8544474393530997 0.6397124887690926 0.9620942400111926
1.3197259215281616 4 0.5699406114043991 0.9181494661921709 0.7022538552787663 0.7579578590085868
1.2947699214698283 5 0.2970182194219924 0.8254777070063695 0.5074309978768577 1.6246761336672344
1.2930184700743164 4 0.36831722744925277 0.9244712990936556 0.5337361530715005 1.8295176171947731
1.5426189619831114 6 0.8211763567086898 0.8530682800345721 0.623451454912129 1.4383326069078304
1.1034289096530807 4 0.5919951016085913 0.8741830065359477 0.6715686274509803 1.0105875629428185
1.6140750781678461 6 0.4630483938435426 0.9927963326784545 0.7795241213708797 1.0519718106665126
1.010205947444096 4 0.256611720431114 0.9554730983302412 0.670995670995671 1.122550148279084
2.0137968939109294 9 0.7989990260500874 0.7123834886817576 0.3756701030927835 1.3661843880902924
1.2637366793456122 4 0.3991636693693412 0.86652977412731 0.7118412046543463 1.110604499805385
1.3016478932824156 4 0.6538843587057269 0.7695473251028807 0.53360768175583 1.018570034239866
1.251151983376565 4 1.0396318285894581 0.7802385008517888 0.5190232822260079 1.3090923608596432
1.5110811760905445 5 0.9457578005066795 0.8876221498371335 0.6377107818088912 1.2770853384043686
1.577028349270582 6 0.6328125755052865 1.0 0.8019197207678883 1.099304498243484
1.4244377785225513 5 0.8013316292803885 0.7312775330396476 0.4286983562860951 1.134222525866519
1.3050923719579406 4 0.6161500750415261 0.828060522696011 0.7313159101329665 1.1803124315443305
1.704353089146551 7 0.8197700373179689 0.8933823529411765 0.7225400457665904 1.2028423581822232
1.1847859061580408 5 0.5394237011056212 0.8524244553759662 0.5949871164207075 1.1118182701039754
1.2730243365997505 4 0.7520303219138249 0.9166666666666666 0.6805555555555556 1.1657541860545582
1.4270560433975994 5 0.9210113275132021 0.9363395225464191 0.6436781609195402 1.0046237607599504
1.5208328386321008 6 0.6936426683463519 0.8427037271004422 0.716162669447341 0.7653343067684619
1.5277884306204552 7 0.49206740139739186 0.9286713286713286 0.6848051648605027 1.1781132107521206
1.56502156467192 5 0.9397267276563762 0.9092409240924092 0.6298129812981298 1.1417253758307273
1.3050923719579406 4 0.4786052371845012 0.9221311475409836 0.7190346083788707 0.6505311426289221
1.6020499154853929 6 0.5250322145973584 0.8104838709677419 0.5335673541026766 1.0366959123885224
1.5933972318556822 6 0.9015809145234116 0.8741258741258742 0.6938775510204082 0.8659787241648791
1.4108089782272641 5 0.6206366236371769 0.8368200836820083 0.700139470013947 0.9926063177277213
1.2135620993034977 5 0.4489767070490233 0.9145299145299145 0.8347578347578347 0.6360809926348946
1.1921905007755753 4 0.6679441871461858 0.9431554524361949 0.7795823665893271 1.2062192743327933
1.65238316714162 7 0.5459671160246212 0.9152308752584425 0.6834810270393092 1.3587341005960072
1.6886923130673859 7 0.5657206136063474 0.8875 0.6758130081300813 1.0308295309257547
2.018912398869827 9 0.6376744306635403 0.7817142857142857 0.5672380952380952 1.1838642519130556
1.3422739766435539 5 0.47946249504159794 0.8874388254486134 0.5258292550299075 1.2709663857023985
1.5124461784827816 5 0.9152939172806623 0.8273244781783681 0.6065781151170145 1.1124825072526683
1.1032594988646875 4 1.0888886675124867 0.8143194335169158 0.6650931025439286 1.0042028997023114
1.368684637644648 5 0.4925208921680136 0.7735368956743003 0.46530314097881664 1.2049884467373466
1.2227753162068027 4 0.7909368596132694 1.0 0.7556818181818182 0.6555053313639997
0.562333144621475 2 0.676119100973083 0.8991596638655462 0.7983193277310925 1.016890196692458
1.3208843431586557 4 0.457777770566085 1.0 0.8337684943429069 0.4911734492946652
0.9586888593311804 3 0.5335502639396641 0.6254355400696864 0.22880371660859466 1.3316851846901347
1.2540954652631013 4 0.5050945031562616 0.8788732394366198 0.33943661971830985 1.2913928591699888
1.4244377785225513 5 0.5345083022582536 0.7022160664819944 0.49261311172668515 1.1798975910483345
1.6369218992033698 6 0.6207650862096353 0.8899474375821288 0.6984231274638634 1.234482788454962
1.6843669712365308 6 0.7968222668352083 0.8454106280193237 0.5373054213633924 1.073119831892755
1.3686846376446478 5 0.6908973142976295 0.8051750380517504 0.41603247082699135 1.2705355224826562
1.3208843431586554 4 0.9796177886413779 0.7385159010600707 0.4369846878680801 1.7108316153048588
1.331655286845175 5 0.7224738927271479 0.8423127463863338 0.5286903197547087 1.660325786152375
0.848682557733917 3 0.32721374296785155 0.7389705882352942 0.5490196078431373 1.4027981194636667
1.14905569698277 4 0.6598044594393879 0.856 0.6653333333333333 1.2096455871560592
0.9545917186004583 4 0.5933228563757935 0.9162162162162162 0.7639639639639639 0.9969362610845741
1.2227753162068027 4 1.2064817934129792 0.7089655172413794 0.3825183903072263 1.3601724236644996
1.251151983376565 4 0.9755007454504963 0.7987519500780031 0.38949557982319294 1.4009359412126097
1.4609657477408655 5 0.8486404670297926 0.7894736842105263 0.5092217723796671 1.3395604268606138
0.6931451805619453 2 0.4044505494044732 0.927710843373494 0.5200803212851406 1.3418667764969345
1.3516771946945616 4 0.6102877145684338 0.8954954954954955 0.5903903903903904 1.1459852934269878
0.937151853082673 4 0.4930308137017632 0.8952879581151832 0.7591623036649214 0.8521775731442246
1.6304265826551552 6 0.6575306058577048 1.0 0.9247835497835498 1.1639040569184769
1.8728500773380983 8 0.8036281044643826 0.9271070615034168 0.780055682105796 0.9315909164317655
0.8938855362514357 3 0.5764405515764446 0.8876190476190476 0.5784126984126984 1.0348701403594043
1.03063090400877 4 0.6070035700929745 0.9086386250565355 0.7455089820359282 0.8148763143483008
0.562333144621475 2 0.6546536707079772 1.0 0.8608058608058609 0.9068751109297873
0.562333144621475 2 0.1715012653348659 0.6732394366197183 0.12837837837837837 1.4571113212755975
1.559576156273877 5 0.7139563583458776 0.8743455497382199 0.6529790660225443 1.1720271864841678
1.5481095269040173 6 0.5954150080277779 0.9661495063469676 0.8126452812645282 1.1373942294764907
0.9586888593311804 3 0.4813519168074609 0.8264705882352941 0.3860811930405965 1.3382470366833434
1.2636504318930963 4 0.7009278991382679 0.7754237288135594 0.5084745762711864 1.019369712303132
1.4244377785225513 5 0.8927718750567324 0.9485294117647058 0.7284313725490196 1.0352683866907146
1.5621410215688374 6 0.65322697856946 0.8734662576687117 0.592280163599182 1.0634424300255252
1.4244377785225513 5 0.6175213823990234 0.7636363636363637 0.4997245179063361 1.2772822361340888
1.416134680378586 5 0.854406165152253 0.7901049475262368 0.55872063968016 1.2283287200655506
0.22371607607486488 2 0.0669235605765726 1.0 0.3888888888888889 1.737838272958085
1.629994559186445 6 0.6543608571044872 0.96875 0.7916666666666666 0.9256242420638762
1.0986092886726095 3 0.5485329501252394 0.8947368421052632 0.46439957492029754 1.3431505256782714
1.023925799644203 3 0.44153485293912464 0.845360824742268 0.6151202749140894 1.0541749144659995
1.236680869152204 4 0.5704710357403724 0.9836065573770492 0.6612021857923497 2.194090422280955
1.0397177708449181 3 0.8492495937391538 0.7101449275362319 0.4057971014492754 1.2169050550752432
1.460965747740865 5 0.7248602458834377 0.8801498127340824 0.6566791510611736 1.0275949663272292
1.4298923731421023 6 0.8555164404213099 0.7495009980039921 0.4743845642049235 1.312525836202648
0.562333144621475 2 0.18964351496702164 0.45652173913043476 0.19983619983619982 1.7173656174346505
0.562333144621475 2 0.936238863686262 0.7314285714285714 0.30095238095238097 1.5589663101722562
0.7356189397674613 3 0.5575357045162735 0.5607734806629834 0.3342541436464088 1.5413543758037063
0.9743117528756828 3 0.7627344752627611 0.574468085106383 0.48226950354609927 1.7897501593048872
1.303087403780619 5 0.7735301689175563 0.7115384615384616 0.46444249341527655 1.5502539489118534
1.1573692982344566 4 0.26663908097487166 0.8560105680317041 0.7128053293856402 0.67522620641294
1.2820422400626548 4 0.773300161624817 0.8278580814717477 0.6508979413053001 1.5511219883641227
1.4787465246662288 5 0.8443933356231598 0.9163120567375886 0.6359338061465721 0.8127888167832736
1.077553327071501 3 0.6260575550286375 0.924812030075188 0.806390977443609 1.3896746390015764
1.6674559334546282 6 0.8058454793196942 0.8117326057298773 0.48598130841121495 1.174671061719531
1.635312457766604 6 0.599203773721629 0.8793694311172036 0.6488636363636363 1.2577386063201887
0.9868954488573298 4 0.8100125997489298 0.6956521739130435 0.43561442236938924 1.3078984336241337
1.4142740651423082 5 0.47491308701456114 0.8526645768025078 0.5334522747546833 1.3573925239739473
1.2033270407244037 5 0.7847036388093613 0.8862559241706162 0.5392311743022643 1.1374748579328833
1.5792261346534844 7 0.7313090761698977 0.8294460641399417 0.5573372206025268 1.086196365304793
0.9832709442526746 3 0.18901363911741118 0.8707037643207856 0.5428118393234672 1.4094433457770836
1.7249277864359636 7 0.7823653391591507 0.8371794871794872 0.6329059829059829 1.0624375733318536
1.3686846376446478 5 0.6837238101371622 0.7040358744394619 0.5809666168410563 1.245393951338844
1.0397177708449181 3 0.44153485293912464 0.8367003367003367 0.6919191919191919 1.1964277577925322
1.3421207227714134 5 0.8065419794588583 0.7893296853625171 0.5968992248062015 1.4040813725702188
0.9002530512753368 3 0.4608583643303275 0.9501385041551247 0.6925207756232687 1.3530688573590561
1.0397177708449181 3 0.9216373776485354 0.84375 0.665719696969697 0.9871319675035455
1.2530422261228122 4 0.5397299810116089 0.7562724014336918 0.4074074074074074 1.2542767686071257
1.4520390732123836 5 0.5530483963535865 1.0 0.8411458333333334 0.962946536380236
0.848682557733917 3 0.32721374296785155 0.7957446808510639 0.6780141843971631 1.082180328460227
1.6881667816788952 7 0.8768596003899801 0.8531468531468531 0.6662004662004662 1.409046917803628
1.2736434290471899 4 0.6501617442126598 0.856043956043956 0.5542124542124542 0.9038141900739319
0.9743117528756828 3 0.9438288619685679 0.9346049046321526 0.815622161671208 0.7090921783047117
1.564257251244545 6 0.8669857834547428 0.9206602768903088 0.7142350017749379 0.9909684062144062
1.4569218829261597 5 0.7969330451226303 0.973172987974098 0.8603145235892692 0.9614205874255721
1.4335521431730316 6 0.6513119340056944 0.9409090909090909 0.6865800865800866 0.8815826397212777
1.654237744424505 6 0.5338724372118167 0.9018987341772152 0.6582278481012658 0.8045226549250877
1.5961207838402858 6 0.6879016094276278 0.8134920634920635 0.6785714285714286 1.386775533014999
1.1601812440033161 5 0.814581716680458 0.6830601092896175 0.39435336976320584 1.4857137698551748
1.7043304549123646 7 0.6492589016599083 0.801980198019802 0.5423542354235423 1.328604094775259
1.5154075179034 5 0.4759863390453644 0.7268041237113402 0.4209621993127148 1.5118307836266447
1.380753885176433 5 0.5779168084253865 0.8121085594989561 0.4572025052192067 1.1326002929533632
1.4845926005612167 5 0.7631236770349328 0.7235367372353674 0.5197177251971773 1.209912539176495
1.248821947557398 4 1.0006957370239573 0.9369665134602758 0.7119719851170935 0.9770845959454592
1.3625624004440446 6 0.4702505608928954 0.8958904109589041 0.7491628614916286 0.8508801990806625
1.7958163922011838 7 0.8694523457387336 0.8302063789868668 0.6241400875547217 1.2033818421644007
1.3050923719579406 4 0.6543335773150178 0.8876712328767123 0.5684931506849316 1.0474199167515228
1.3163675690688552 5 0.46733967272664245 1.0 0.8582853486884197 0.711282470764817
1.932018258960055 9 0.6790373992105371 0.796742671009772 0.5674267100977198 1.6467507503208996
-9.999994999180668e-07 1 0.0 0.8866120218579235 0.7868852459016393 1.0108348293463336
1.171974878543936 5 0.8289411205359664 0.9684002633311389 0.759929778362958 0.8411864305907829
1.9892610411538594 9 0.7491959961434081 0.8902912621359224 0.5514563106796116 1.2114785221729931
1.1976204499834753 5 0.6157688889854974 0.9058207979071289 0.7521255722694572 0.7548639190338752
1.5437841850731622 5 0.8601546815693849 0.9121171770972037 0.7647581003106968 0.7769638536047087
1.5942054953990952 7 0.5500453637369993 0.6401291016675632 0.33134046570169917 1.7491137897467988
1.4987190892896027 7 0.8213551423265641 0.8868327402135231 0.6398576512455516 0.9164298444258396
1.9003792908131536 7 0.9329040137746314 0.8234767025089605 0.6233572281959379 1.2520298477792615
0.6189377438680903 3 0.2912438030412488 0.9665738161559888 0.9665738161559888 0.3941362309375187
1.0074791248711104 4 0.34165838526315423 0.9675090252707581 0.7692307692307693 0.7824863224042036
1.222261923566135 5 0.615456510454177 0.6929260450160771 0.44962486602357987 1.8818835065198851
1.9776709676910322 9 0.6947212338794863 0.8884524744697565 0.6594676042189854 1.1185557683200005
1.401271648665611 5 0.6529839393087276 0.8409475465313029 0.4720812182741117 1.1827472166459059
0.7902307553651863 4 0.5443155483362455 0.8529411764705882 0.6554621848739496 1.4515742182684064
0.37676816126100815 2 0.2182178902359924 0.8405405405405405 0.6693693693693694 1.2722479360659422
0.9502675392390678 3 0.22362854467765253 0.7628865979381443 0.5738831615120275 0.9262982636791597
1.0986092886726095 3 0.6206889355456923 1.0 0.6595238095238095 1.069242067841462
1.4609631680151476 5 0.7288950095007817 0.9380888290713324 0.7012113055181696 1.0938550240795486
1.494170138304642 5 0.710636011092043 0.6428571428571429 0.4556277056277056 1.2854072875526903
1.3421217227574136 4 0.8993126235052096 0.9073107049608355 0.6727589208006962 1.116556778993189
0.9718612733913785 4 0.3431265513698801 0.961248654467169 0.7908144958736993 0.7991210557280739
0.4825755651802941 2 0.37464132191217053 0.8282290279627164 0.4710195530726257 1.8107913212548883
1.5229500675463181 5 0.9363620137157216 0.9511854951185496 0.7238493723849372 1.1202615410847498
1.1201282555462386 5 0.3975160757743661 0.907181240840254 0.8783585735222277 0.8687955914094365
1.5590747246420071 6 0.8775859768142086 0.7415730337078652 0.5058676654182273 1.4365035519890124
0.9737488448875712 3 0.5045513389538712 0.8532219570405728 0.8281622911694511 0.8184926183381732
1.251151983376565 4 0.7407156122383561 0.8281535648994516 0.5527117611212675 1.0596137941164339
1.1556428694126486 4 0.32205729492950114 0.8167741935483871 0.5700218818380745 1.2478709709688964
1.372543842123064 5 0.9314949767516175 0.9507042253521126 0.7934272300469484 0.7171526797069513
1.5318978581775273 6 0.7010942089723771 0.8821656050955414 0.7887473460721869 0.9878695174774568
1.3577425580306075 5 0.7296132146938807 0.8942229454841334 0.716238906212521 0.9679619096548331
1.073538846421323 4 0.817307803067325 0.896551724137931 0.6226053639846744 1.1634967048064875
-9.999994999180668e-07 1 0.0 0.8324607329842932 0.7207678883071553 1.0799520473490674
1.4770809494940984 6 0.5562412487784159 0.9046941678520626 0.7942152678994784 1.1084131417578096
1.036624968863657 3 0.8044468743856678 0.764026402640264 0.7392739273927392 0.86510476887166
1.1567449713498645 6 0.7290119173455203 0.7416481069042317 0.5373563218390804 1.2110806954105335
1.2342409455896624 4 1.0239683354964328 0.8787878787878788 0.6666666666666666 1.189115473377124
1.555125869647331 6 0.8611287870322937 0.8919330289193302 0.6793505834601725 1.1398490734447975
1.5493611976658146 5 0.6738982431828836 0.810958904109589 0.6219178082191781 1.483341402566314
1.762307710870667 7 1.114965587915307 0.9618441971383148 0.6391096979332274 1.4677544195050107
0.8687166829249237 3 0.27694616552184204 0.8196994991652755 0.4074248120300752 1.29574764938424
0.848682557733917 3 0.5031642255247182 0.8148148148148148 0.6419753086419753 0.8826990847562026
1.4647609732434395 5 0.5918076255739301 0.9311145510835913 0.6318369453044376 1.2669892436261234
1.0950748621250341 3 1.0769234767957128 0.9279279279279279 0.6751751751751752 0.9770328936401793
1.175624642078159 4 1.07186415255715 0.8644918444165621 0.6921790046005856 1.0956404115128324
0.5455925739719631 2 0.33187615119228786 0.6456692913385826 0.35429769392033544 1.3196495970337092
1.2927067900338787 7 0.32843507031340063 0.776 0.5288713910761155 0.9268065468545841
1.4166503824376673 5 0.6221143597945845 0.8322056833558863 0.5714930085701398 1.2141853110296514
1.4533341183226054 6 0.6879967767278796 0.7976653696498055 0.45473411154345006 1.4243721927846094
0.998937526806263 3 0.4488717343658652 0.9104477611940298 0.5883084577114428 0.9281758777065477
1.4898437964917863 5 0.569331563913892 0.9163763066202091 0.6846689895470384 1.0309817427847598
1.3704983899271759 4 0.7483732961930933 0.8315217391304348 0.6002415458937198 0.9377095653972113
1.5934372856843848 6 0.7414279229450997 0.850187265917603 0.4388264669163546 1.2061987389509221
1.3946181453166688 5 0.5314066752680385 0.8598615916955017 0.6459054209919262 1.3300782870344163
1.553014134717512 5 0.5757678115189754 0.9201623815967523 0.620658547586829 1.0610719819415293
0.16794214774719357 2 0.03536093329243302 1.0 0.9287622439893143 0.7766796443501781
1.412332247614256 5 0.7583799497524663 0.8930957683741648 0.6132145508537491 0.8634082462043576
1.3208843431586557 4 0.6881846981520451 0.9124087591240876 0.6253041362530414 1.3432519295528593
1.2947699214698285 5 0.3719503004413418 0.9305555555555556 0.7551440329218106 0.8355434944658775
1.2324012234793285 4 0.6578455955832319 0.8666666666666667 0.615686274509804 1.0553661670150543
1.205693772025483 4 0.6540739358847373 0.892802450229709 0.5880708294501398 1.6067866553605188
0.8647370965378594 3 0.4728332244210544 0.7391304347826086 0.3038949275362319 1.4473012155270364
1.0114012647128516 3 0.8149341898661369 0.7862318840579711 0.4214975845410628 1.0676331555319505
1.923057784365752 8 0.8574048118731075 0.8297258297258298 0.618341824918944 1.1343454229071253
1.6385004445298208 6 0.6229666090723098 0.9113513513513514 0.6014414414414414 1.4659608553779395
1.2535587658700331 5 0.7269716593418645 0.901060070671378 0.7133882999607382 0.7498220675391146
1.4377781725409515 6 0.46982256187010274 0.7549167927382754 0.5059790732436472 1.4808683138618912
1.4681349390411873 5 1.0464987730987199 0.8754141815772034 0.6746189529489728 0.9069820304523918
0.6870890273903714 3 0.26993883404535157 0.21706864564007422 0.013605442176870748 2.4368809158660505
1.0512405186246503 3 0.7470099497992727 0.7240437158469946 0.42633744855967076 1.969449616431594
1.7540983310326212 7 0.8401406856680669 0.7647058823529411 0.39433551198257083 1.342486682629723
1.4806869394869815 6 0.730156906493282 0.8071693448702101 0.48084054388133496 1.3838982770410204
1.505947618544955 6 0.5469256302865614 0.6873368146214099 0.44234116623150566 1.4274382579700526
1.591175166602906 6 0.9933784663208255 0.9608809993425378 0.8150339688801227 1.0349118736349041
1.2290082276266574 4 0.4663931776914179 0.9411764705882353 0.8259803921568627 1.1454561198732003
1.9570760246984937 9 0.6555837433839061 0.9327935222672065 0.6383265856950068 1.2501191824398823
1.0408358374387054 4 0.7249304378125765 0.8571428571428571 0.495 1.3776116997798715
0.3488300958480944 2 0.10608279987729906 0.627906976744186 0.6385658914728682 1.2612123121711925
1.8733360195950883 7 0.678994082359954 0.8465829846582985 0.6271501627150162 1.2786261644438524
1.6020499154853929 6 0.6956349154105855 1.0 0.8982905982905983 0.9427385532211873
1.4368502371496603 5 0.6548925120510942 1.0 0.9166666666666666 0.8274445447061914
2.3036125723767404 11 0.7062570375296843 0.9796096708418293 0.8567822118652296 0.9723384366140863
1.5678234318532502 7 0.6383606768833882 0.8532751091703057 0.652111462223499 0.9401043272533741
1.3038705293568131 5 0.7790851569050966 0.8785425101214575 0.5510204081632653 1.1938200174010631
1.855828289455154 8 0.8610658100010585 0.8348623853211009 0.6534056660638939 1.1745309530222696
0.3707993581140392 3 0.11287238645610667 0.8123711340206186 0.49156118143459915 1.2791534058567873
1.7494858254455152 8 0.678398499397065 0.9324942791762014 0.7284515636918383 1.146754199727878
1.6920138079320137 6 0.6055562584696773 0.6456494325346784 0.4371584699453552 1.5038545358190256
0.8825602953868656 3 0.5965427585936937 0.610726643598616 0.34908572785561626 1.4675319820883952
2.0425831042302187 9 0.6608338020789368 0.823069403714565 0.5581622678396871 1.1591001389628548
1.8436500483761455 9 0.5846686358386413 0.7970265029088559 0.4852402499461323 1.4464554547227548
1.4521617658489887 6 0.5585661041131603 0.7612815884476535 0.43577015643802647 1.5503006707263087
1.7674468034568194 7 0.352892169612607 0.9089184060721063 0.7577482605945604 1.1376884867589514
1.3239623642903895 6 0.4324040660590478 0.9609120521172638 0.7474747474747475 0.9187403802698086
1.35457707522167 4 1.021975732327133 0.8676691729323308 0.5864661654135338 1.0313361062961175
1.3164312666220273 4 0.9188751032054299 0.8496732026143791 0.7167755991285403 0.821106529088794
1.5808135358726352 5 0.6532366723781743 0.9413533834586466 0.5488721804511278 1.1605514494995384
1.7547149394246815 8 0.8757856613923537 0.9238653001464129 0.7508105604446503 0.883633944062726
1.5892249577810778 6 0.5996583781372958 0.8454363757495004 0.5527426160337553 1.2179367890591148
0.5825812452281178 3 0.17856586573167374 0.5304878048780488 0.22154471544715448 1.5734859741091511
1.4646899302575704 5 0.6455365551192943 0.8945736434108527 0.7372093023255814 1.219144321705545
1.654474298257177 6 0.6495994410345799 0.9496402877697842 0.7673860911270983 1.1558544950750105
1.6674559334546282 6 1.0596000917415567 0.9242021276595744 0.7938368055555556 1.3487095482142202
-9.999994999180668e-07 1 0.0 1.0 1.0 0.950936929443246
1.6390828491430394 7 0.5479556938449486 0.9327510917030568 0.7839883551673945 0.8460981930358777
1.6499826811616658 6 0.7293951082507757 0.8758169934640523 0.6470588235294118 1.2234717765292702
0.8599642810436239 3 0.6958763325626179 0.8962472406181016 0.7211184694628403 0.822062369331442
1.4614671293220243 5 0.7135053776464565 0.9329446064139941 0.619533527696793 0.9253427906078955
1.7710093688185238 7 1.1687969175264117 0.9687092568448501 0.7918296392872664 1.4965406312280325
0.36220855714026556 2 0.15166895602667746 0.8125 0.5651041666666666 1.021528660945107
1.069971778411565 5 0.20726061606513096 0.9470198675496688 0.8498896247240618 0.7038261568944432
0.6784988770159687 2 0.022431241702100903 1.0 0.4166666666666667 1.2451119125908252
0.3624980217649752 3 0.12893092745705964 1.0 0.7288135593220338 1.1774663431179675
1.0092264721334354 4 0.37956310671150556 0.8680057388809183 0.6231468197034912 1.1945968071681656
1.486890226905892 5 0.7974817369155854 0.8252427184466019 0.6084142394822006 1.0261531609403445
1.1034289096530807 4 0.5421555189660924 0.8913857677902621 0.7365792759051186 0.786706248282586
1.023925799644203 3 0.4158478686294868 0.7150537634408602 0.47766323024054985 1.0528093591267373
1.562874997288593 7 0.5138181064672307 0.7620865139949109 0.4893977947413062 1.3180671723239774
0.22371607607486488 2 0.05304139993864953 1.0 1.0 0.6503206314411081
1.3543230841334393 5 0.5139186569292515 0.9074982480728802 0.6540527914038776 1.224142491902293
1.0433504269474334 3 0.6000648005946327 0.717983651226158 0.3737511353315168 1.501234118923094
1.111243348624905 5 0.5469262071580344 0.9459459459459459 0.7947947947947948 1.429037929253808
1.513620438526105 7 0.6708552141723303 0.8780487804878049 0.6462585034013606 1.14528225918779
1.533680420893273 6 1.0442109049464228 0.6 0.5333333333333333 1.4350852961085885
1.3196744887719438 5 0.4435405256985964 0.8544739429695182 0.5591609308423467 1.1919739020296671
1.5292432930539412 5 0.694899208796233 0.8356164383561644 0.6017250126839168 1.1802735296081055
1.4798434184951597 5 0.7992647618948673 0.8740157480314961 0.6622922134733158 1.0958548427842718
1.2589902073157686 4 0.6538371236670963 0.9276748356246264 0.6397688782626021 0.9434095620882273
1.2148856539607453 4 1.0518367944481437 0.8786279683377308 0.6499560246262093 1.355513776488322
1.4452853972243977 5 0.656132306870324 0.8590604026845637 0.5736017897091723 1.2328775246865458
1.7719838197524345 8 0.6304337805667576 0.7083037615330021 0.3737875561864206 1.3052770328506067
2.130182551234047 11 0.7779520216299873 0.7399640503295386 0.42436974789915966 1.4497233540229917
1.5060675662813219 6 0.6623662758215964 0.7981118373275236 0.5470830307431614 1.2553737491647479
1.7990378908594673 9 0.7234098595599912 0.7792207792207793 0.5833333333333334 1.1177574393027998
1.815017243860495 7 0.6793378256245081 1.0 0.9259259259259259 1.2440169358562925
1.5933972318556822 6 0.713403347425026 0.9024561403508772 0.695906432748538 1.2787353795342498
1.8978634529214793 8 0.4877816245471221 0.7132486388384754 0.4531155474894132 1.4067667973809475
1.368684637644648 5 0.596438467970715 0.9107142857142857 0.5952380952380952 1.1880265313578595
1.81834499536288 10 0.4513855542984295 0.9583718778908418 0.826395312981807 0.7366119602501302
0.9722995902000404 4 0.12289315156440402 0.9127686472819216 0.8807416772018541 0.4806530850206099
1.506754834273689 5 0.6378665333586871 0.7808417997097242 0.49927431059506533 1.5739684617350427
1.4669021049306712 5 0.5605434820533999 0.953125 0.859375 1.0186080216626783
1.4987346466414497 5 1.0175676186375007 0.603448275862069 0.367816091954023 1.6199776784009958
1.3853553778070342 5 0.9752487906080463 0.7485029940119761 0.44610778443113774 1.4804491368498423
1.3917347695399336 5 0.6842051825818085 0.8591117917304747 0.7248596222562532 1.363066305390138
1.624215588275061 7 0.6459350327705641 0.749271137026239 0.3004755728491137 1.3414550441136068
1.187411769857752 4 0.5821359056651435 0.7490196078431373 0.5198257080610021 1.6003888333672331
1.0852250400768189 3 0.49139135970767756 1.0 0.8460291734197731 0.5862143778741455
1.4669021049306712 5 0.6364629062514467 1.0 0.9196675900277008 1.4021996921314919
1.5525891225890132 6 0.6735083756287934 0.8636363636363636 0.6227713481388802 1.1467773889580901
1.3256428682198802 5 0.542377344076796 0.9311377245508982 0.8048902195608783 1.028220184377402
0.6837359058583963 3 0.4763768416269327 0.8985915492957747 0.39402767662053895 1.8292430481877018
1.3345879532602616 5 0.5205997332146521 0.98 0.6044444444444445 1.0922261341973136
1.3784924218063193 5 0.5089017175736101 0.8856209150326797 0.702661207778915 0.7948307489836001
1.9600871351652251 8 1.0873230676940466 1.0 0.869281045751634 0.9098503318445906
1.5426751425765997 7 0.9437827587047622 0.839546191247974 0.5325127107305325 1.1212316092048684
1.155229708023137 5 0.7253093490135046 0.8740839440373085 0.7286253608705308 1.2191947766684923
1.1803005570082867 4 1.0720118503865046 0.8066666666666666 0.5737777777777778 1.2400211808389177
1.0717270941171955 3 0.9507099301564401 0.7815602836879433 0.625531914893617 1.086387491689822
0.8687166829249237 3 0.4719980137397546 1.0 0.8603712671509282 1.1693525989859817
1.1984322067759567 5 0.6458699808333512 0.8261986301369864 0.6053082191780822 1.0861428261728572
1.3107796781094638 4 0.6573392515898424 0.9192825112107623 0.6188340807174888 0.8350508237609103
1.4006567632702698 5 0.6193344940699121 0.7897310513447433 0.5193982581155978 1.1837692591492195
0.817408315893488 4 0.36204844803564906 0.8074581430745814 0.6790969051243024 1.7432631742585176
1.362176809165025 4 0.6687439870237408 0.8854073410922113 0.5863921217547001 1.0873403775426005
1.3704983899271759 4 0.8988312510605632 0.9256329113924051 0.6830168776371308 0.8937654767330174
1.494170138304642 5 1.1124310424524784 0.8188976377952756 0.49343832020997375 1.2136961653084402
1.2450128892631818 4 0.5234709179952655 0.7800312012480499 0.4243369734789392 1.335850855388756
0.6869595765993484 2 0.1338471211531452 0.912 0.386 1.4552191638672118
1.5484478320681205 6 0.7228480398993254 0.8016129032258065 0.5279569892473118 1.4980357082908897
1.2123098802805643 4 0.4092297720483187 0.9056865464632455 0.6116504854368932 1.0146042361669125
1.5801760813773686 6 0.5402828086497107 0.918918918918919 0.5957207207207207 1.3450821173173573
1.8750002030082253 9 0.39582392590266324 0.881000676132522 0.6326120901182244 1.314663000396583
1.44094927283445 5 0.6683467361596511 0.78017585931255 0.4902744471089795 1.2653623966080343
1.3416831909022489 5 0.5426382542448963 0.8828541001064962 0.6695065672701456 1.2042088244309783
1.251151983376565 4 0.6823927070155796 0.9226890756302522 0.6218487394957983 0.7542240992982803
1.5746734417732517 6 0.8566076299962381 0.8754914809960681 0.6675404106596767 0.9036056755106456
1.5229566606495792 5 0.7517355451459803 0.8558211256746338 0.46877409406322285 1.195988508721819
1.3208843431586557 4 0.672885211489486 0.7704160246533128 0.4155110426296867 1.1622788264056647
1.5926511874683345 6 0.7072284072055772 0.8605527638190955 0.589825119236884 1.3657776617620698
1.5444745211113604 5 0.6938383747403232 0.7858002406738869 0.5062174087444845 1.1351737089647567
1.4614671293220243 5 0.7064062503597189 0.8633440514469454 0.5718113612004287 0.9517390763714518
0.9743117528756828 3 0.23542395041483508 0.9292035398230089 0.6499508357915438 1.0140682088051856
1.3060051503411139 4 0.6936593313986673 0.8505897771952818 0.6094364351245085 1.088184697449533
1.2998647330382207 5 0.6161091378206852 0.8 0.5178807947019868 1.326221351636161
1.2901614366732892 4 0.7601342972725992 0.9419419419419419 0.7207207207207207 0.9678071543932162
1.3321750402188723 4 0.5659706642525154 0.8927613941018767 0.6916890080428955 0.8809065622408436
1.1784173491646261 4 0.40614793849758746 0.936036036036036 0.7570570570570571 0.6543932463751051
1.238738474428506 4 0.5622423662477987 0.9688149688149689 0.6656271656271656 0.8242896229942743
0.9718457712424035 3 0.3426096099831708 0.9125 0.6566666666666666 0.41386049448175977
1.2554783251894204 4 0.9288539013280354 0.8809523809523809 0.6122448979591837 1.0703205880544768
1.4244377785225513 5 0.8358420649563829 0.9582608695652174 0.6701449275362319 0.9205808039298693
1.4941701383046417 5 0.7437092186914032 0.9532710280373832 0.6178608515057114 0.9705161002549691
1.116363075303045 4 0.668168873995557 0.8121387283236994 0.5279383429672447 1.4704285076751489
1.2730243365997505 4 0.7520303219138249 1.0 0.6298449612403101 0.9453817583296664
0.8599642810436239 3 0.5481753759730733 0.7640449438202247 0.6179775280898876 0.8335728023044253
0.9556968911186593 3 0.9772945090604465 0.7916666666666666 0.4444444444444444 1.2107904796699966
1.7170689802371482 7 0.6475218017174026 0.8052325581395349 0.39937527889335117 1.3440593293102683
1.010205947444096 4 0.4285958829983858 0.941908713692946 0.7063162747810051 0.9568822863829101
1.5808135358726352 5 0.8036544230097294 0.9363295880149812 0.6760299625468165 1.0249879797807242
1.4348692970656878 6 0.6118965732043873 0.8951048951048951 0.5510335917312662 0.7718763385995201
1.4348692970656878 6 0.6118965732043873 0.8951048951048951 0.5510335917312662 0.7718763385995201
1.1432712062088137 4 0.46674118727298447 0.84 0.6290971822886716 1.091842940108965
1.353586352154273 5 0.44478512504540574 0.801056338028169 0.6437793427230047 1.34609957807158
0.562333144621475 2 0.4364357804719848 0.8832335329341318 0.7714570858283433 0.8936315739196604
1.3208843431586554 4 0.480472371601038 0.7529761904761905 0.4109461966604824 1.7815544945697164
1.368684637644648 5 0.7503272018481176 0.7845220030349014 0.4289327263530602 1.1396741838013342
1.2123098802805643 4 0.44944690874509896 0.9338235294117647 0.47549019607843135 1.2201153281659445
1.3385926197610971 5 0.8301079244706462 0.7866531850353893 0.49318710535061483 1.0638776427218846
1.4467389425623571 5 0.5760344508574472 0.8335078534031414 0.5197207678883071 1.0617138563781592
1.2148856539607453 4 0.9666186041970877 0.7313019390581718 0.4657777777777778 1.5861953995252454
1.401271648665611 5 1.0112531604179382 0.8493589743589743 0.5801282051282052 1.1130165036186084
1.0735388464213231 4 1.0249946459225303 0.85 0.5111111111111111 1.5184329482645422
1.4053434997833174 5 0.641514766209418 0.721183800623053 0.514018691588785 1.509764044292926
1.5270466643954324 6 0.6991153789086784 0.8664421997755332 0.5286195286195287 1.0749164961672064
1.4648113849073128 5 0.6881245238134467 0.8590785907859079 0.5378850957535387 1.334823174233524
1.1682784501892294 4 0.5281704202182488 0.8732718894009217 0.6121351766513057 1.276305082079021
1.8239022077619833 8 0.9079672652881214 0.7514029180695847 0.46655761541257723 1.2095049968226732
1.5135976783597371 5 1.1509982198218198 0.9626168224299065 0.7289719626168224 0.6722843366658876
1.7582358597529602 7 0.9772774837149991 0.6833333333333333 0.34408602150537637 1.2321367205045852
1.7710093688185238 7 1.081656637935134 0.9418604651162791 0.7764857881136951 1.0473507400398019
1.5481095269040173 6 0.5625087815777808 0.8983739837398373 0.5501355013550135 1.3594029066980906
0.8647370965378594 3 0.43342494971716833 0.9318181818181818 0.821969696969697 0.9011631763817785
1.4185764154676823 5 0.6080643400435669 0.7697262479871175 0.48505993916621937 1.550667653277519
1.282042240062655 4 0.7170093671491808 0.7352941176470589 0.41946778711484595 1.156473381002437
1.655051831132491 6 0.644206031824292 0.8414731785428343 0.5614127569847127 1.1226320724331056
1.6304265826551552 6 1.2099772918984597 0.8524590163934426 0.5405282331511839 1.1139137802518697
1.4508796948775933 5 0.6367912436134837 0.8327948303715671 0.6184706515885837 0.9181371901526785
1.5808135358726352 5 0.8662325644664839 0.8939157566302652 0.5527821112844514 0.9152568805688206
1.855828289455154 8 0.6335402014767327 0.9560155239327296 0.5569520816967792 1.3115254547452702
1.4593544123660662 5 0.6150142886274507 0.7878787878787878 0.5191040843214756 1.2929340426496192
1.2525138485795355 5 0.37377465908651375 1.0 0.8851626016260162 0.776903228830142
1.49565170719776 5 0.6806937231629924 0.8272394881170019 0.5390006093845217 1.1092838010824102
1.4548498818975677 6 0.6762790323974913 0.8321976149914821 0.5122089721749006 1.3216886523487867
1.522950067546318 5 0.9733771621459186 0.8243626062322946 0.5155807365439093 1.2814671232754906
1.039905546447092 4 0.7876594597581357 0.8637602179836512 0.6049046321525886 1.1010954402005773
1.6873538131980386 6 0.5496402638595562 0.8891098955743412 0.6819161279628708 0.9050651882422701
1.8805712293954815 7 0.5789846991706747 0.887567152724482 0.7353896103896104 0.9209349530227278
1.418297684427168 6 0.9895943551308133 0.8738898756660746 0.7256275539988325 1.170708919231917
1.2051120552933974 5 0.34688713481211514 0.8845419847328244 0.7271237366839661 0.9719846095235174
1.251151983376565 4 0.6370949806040945 0.7579529737206085 0.5334255417242969 1.0807611268339787
1.6731361371777194 6 0.8758971698723541 0.8836363636363637 0.6711111111111111 0.8845278907908366
0.8896926321473293 4 0.30159323037125413 0.9009976976208749 0.866462010744436 0.6054824296822606
1.6674559334546282 6 0.9496496274450374 0.7942779291553134 0.5177111716621253 1.268299152677101
1.3451489218761268 4 0.4967901604838518 0.932258064516129 0.730166750884285 1.8008145849991057
1.2671987232365054 4 0.6008668778064192 0.898958971218616 0.7001428863033272 0.8503884081779273
1.0876725777214364 5 0.598116102458594 0.8277511961722488 0.691866028708134 1.1249208717834278
1.48872876167595 5 0.995527439896781 0.8677536231884058 0.6911231884057971 0.9691201547831817
1.1803005570082867 4 0.27182291798300445 0.8060522696011004 0.3728129205921938 1.6738345249605786
1.3704983899271759 4 0.6728450072535711 0.9804560260586319 0.6807817589576547 0.9587342531366673
1.303279619661413 4 0.6370177458958571 0.8822463768115942 0.5507246376811594 1.001927500625651
1.3633571023810602 6 0.5809153651598875 0.794912559618442 0.49761526232114467 1.0170813759239494
1.3704983899271759 4 0.8215553467864437 0.8275862068965517 0.4240774349667272 1.1151222376301195
1.2554783251894204 4 0.5319694888184354 0.83984375 0.6822916666666666 1.4745454028258502
1.1910528412783834 5 0.5018009871279868 0.8261648745519713 0.5440063719633612 1.045784217183361
1.4706131572248002 5 0.5798526420909349 0.8431372549019608 0.6401960784313725 1.007280498848701
1.2820422400626548 4 0.9088973537395406 0.7871362940275651 0.5849923430321593 0.9776355193618651
1.4751476510059185 5 0.7176262106183763 0.9707652622527945 0.7735740899971338 0.8371497867813157
0.6931451805619453 2 0.5662307691662626 1.0 0.8092328581126952 0.9782275265579001
1.4585797528266409 5 0.7105537456097828 0.9600614439324117 0.8535586277521762 0.832278043186625
0.7343766707251014 4 0.22148591919201782 0.9065502183406113 0.7857350800582241 1.511565512971469
1.4851947260379175 5 0.755711413627933 0.8065994500458296 0.5823403605255117 1.0906228654274615
1.3421217227574136 4 1.0371106111998578 0.8591772151898734 0.4588607594936709 1.054486511057678
1.4127396368830227 5 0.9035056467059369 0.8400702987697716 0.5799648506151143 1.1812904044505208
1.5607054090549066 5 0.9963277400801672 0.8695652173913043 0.6859903381642513 1.1150749182400492
1.082192530043434 3 0.6756943153870355 0.9313304721030042 0.6886027658559848 0.7982999308513896
0.6330365116777676 3 0.2706279448161843 0.9432624113475178 0.8289992119779354 0.7745676252570959
2.042271201778228 9 0.7679887709959903 0.8250790305584826 0.6403806934058464 1.088938175085706
1.7073830239893129 7 0.8066649420234968 0.9110212335692619 0.6686889113582744 0.9713829370460585
1.4067186947971377 5 0.4737128794106298 0.9243937232524965 0.530908226343319 1.107105663920739
0.16794214774719357 2 0.03536093329243302 1.0 0.7256455399061033 1.2508410440681452
1.5065328568994532 6 0.9469005867479238 0.9466666666666667 0.81 1.0166587913142338
1.584035336822181 6 0.5349150486757385 0.9410994764397905 0.768542757417103 0.6753362494299483
0.9830837585905354 4 0.6405015938022209 0.7215189873417721 0.6632911392405063 1.1641852387462892
1.8252364609710474 7 0.8915269062424199 0.821917808219178 0.6532534246575342 1.1481721680267076
1.3702576999410252 6 0.5312674614325228 0.7126530612244898 0.56 1.7569913918897209
1.6963589864948014 7 0.6525061948550774 0.9616788321167883 0.8424574209245742 0.9145367395788371
0.3984375076060771 3 0.19198272256268625 0.8073836276083467 0.4620408163265306 1.5490640637353468
1.14905569698277 4 0.8864306603444714 0.6272965879265092 0.30446194225721784 1.439222823270533
1.372018167553049 5 0.6826713426458423 0.8677248677248677 0.6031746031746031 1.0614134293749031
1.7840547726873803 7 0.4419902166990748 0.7085222121486854 0.5188266199649737 1.4776885432649898
1.2342628661009334 5 0.7351933767159267 0.7559633027522936 0.5498470948012233 1.4064742764840743
1.9561784677171172 9 0.8505840338745261 0.8435462842242504 0.6106604866743917 1.2506001561840774
2.013895445790168 10 0.6942856161293808 0.8428184281842819 0.6361788617886179 1.1391587107508117
0.9743117528756828 3 0.1954589018120893 0.8745098039215686 0.8013071895424837 0.8431056699874658
1.0433504269474334 3 0.7062671140729203 0.8454038997214485 0.7075208913649025 0.9429699030124687
1.2033270407244034 5 0.713668320907147 0.9272237196765498 0.8387241689128482 1.1284451199764158
1.1525596161776308 5 0.6700262007588688 0.953125 0.8854166666666666 0.7270549762175635
1.606473804007663 6 0.46785614697545674 0.9291512915129151 0.7552275522755227 0.9713107556543766
1.2440116958164495 5 0.6429900189889886 0.584931506849315 0.4031963470319635 1.6119031533770993
1.5641848713970448 6 0.8594628824241132 0.8415354330708661 0.6000656167979003 1.112994326925374
0.7356189397674613 3 0.41606257577321265 1.0 0.916206261510129 0.6156459230983322
1.791928464923511 8 1.0115424051551996 0.9080157687253614 0.6184844502847131 1.168776523105534
1.002714264531766 4 0.2781780998337754 1.0 0.962874251497006 0.5010963089075667
1.0408358374387054 4 0.7046687156997307 0.9282814614343707 0.8290482634190347 1.1228101437762352
1.3421207227714134 5 0.8103528146382735 0.9010989010989011 0.6712454212454212 1.1615213102728144
1.0408358374387054 4 0.5852565057441323 0.9457259158751696 0.7801899592944369 0.8667965233196027
1.4524414235004728 5 0.5495836473922185 0.9467005076142132 0.7195431472081218 1.2719794637901516
1.4740518252910715 5 0.8519837567304626 0.8247011952191236 0.6215139442231076 1.1245378797735337
1.3778155080471581 4 0.6024661852936682 0.8595600676818951 0.6785109983079526 0.9009055169632568
1.5481095269040173 6 1.0668156353711988 0.8594704684317719 0.6291172595520421 1.1469879093822497
1.0397177708449181 3 0.3547634309029722 0.8705882352941177 0.6104575163398693 1.0793199277186534
1.0533914983798527 4 0.5183949362033614 0.800557880055788 0.6648070664807066 0.9236053127648579
0.7963086401815129 3 0.5900303556251366 0.9272727272727272 0.7616161616161616 0.9265489025463215
1.729386768427011 8 0.537202171002083 1.0 0.9649122807017544 0.7956646611047374
1.6088481692982575 7 0.7309785740570335 0.7200976403580146 0.5302413886628695 1.37072754111263
1.4921697351615961 8 0.7210432494624179 0.7608308605341246 0.4094955489614243 1.4245994943144462
1.1187393359986095 4 1.109201612133766 1.0 0.8888888888888888 0.9905626121623441
1.6681679720197966 6 0.854295352489052 0.0 0.3333333333333333 1.898717474235544
1.5047832836970243 5 1.1948245104038218 0.7721518987341772 0.26229508196721313 1.4574792268328192
1.8390182842532548 8 0.9014769459671709 0.9 0.7 0.7784295227656676
1.477373174048253 6 1.0596946584594011 1.0 0.8333333333333334 1.0386751345948129
1.5667774561732941 6 0.71398498338103 0.9002320185614849 0.7904098994586234 1.2527266019400694
1.2394927485918172 4 0.44270785505698335 1.0 1.0 1.8496793685588861
1.5910142687353437 6 0.7141932018900466 0.6956521739130435 0.4855072463768116 1.4176885228360698
1.9469106141124881 9 1.2389658211868257 0.9782608695652174 0.7898550724637681 1.6276498557917274
