0.4437542842777149 3 0.288076409489442 0.7381615598885793 0.3514719000892061 1.2406116843712425
0.20619005064325946 2 0.1887873757998965 0.7455968688845401 0.48075668623613826 1.1090761619769132
-9.999994999180668e-07 1 0.0 0.7706043956043956 0.6277472527472527 0.952933477452123
0.8246563237743261 3 0.8303829752519494 0.2619047619047619 -0.09340659340659341 1.9234194440713202
0.37676816126100815 2 0.4854532520568767 0.6404833836858006 0.3826787512588117 1.231523531901467
0.37676816126100815 2 0.34667189948954846 0.7096774193548387 0.6129032258064516 0.8843568874019699
0.23378965871499252 2 0.2265448509598758 0.8317307692307693 0.31971153846153844 1.5698519876103094
0.19851324335639875 2 0.11486943449495961 0.5523613963039015 0.3750855578370979 1.330688820627069
0.7680550091129457 3 0.0693053351511155 0.3284132841328413 0.03493975903614458 1.639070034705137
0.6829061047025133 2 0.03536093329243302 0.47010309278350515 0.3427262313860252 1.8877696453787394
0.3111271548177342 2 0.054752412839896285 0.8379310344827586 0.7427586206896551 1.0814820697214236
0.13579195876860908 2 0.07583447801333873 0.4934725848563969 0.2175805047867711 1.6317988795910652
0.4437542842777149 3 0.288076409489442 0.5278745644599303 0.539287733182589 1.0932174341815089
0.30463409735528807 2 0.21238579777488356 0.8409810126582279 0.46598101265822783 1.2331766941314164
0.37676816126100815 2 0.4530897019197516 0.9511854951185496 0.400743840074384 1.3309053069991525
0.22371607607486488 2 0.15166895602667746 0.7638888888888888 0.22106481481481483 1.7114681425280418
0.23378965871499252 2 0.1617802197617893 0.7604017216642754 0.4729794356767097 1.229758667174426
0.2286298735916434 2 0.21238579777488356 0.6978902953586498 0.4286919831223629 1.3715503167900192
0.23378965871499252 2 0.1455012836936155 0.6733436055469953 0.5755143000501756 0.9626377300138947
0.13579195876860908 2 0.10619289888744178 0.5625 0.4739583333333333 1.2636367577465095
0.13579195876860908 2 0.07583447801333873 0.8552397868561279 0.5855535820011841 0.9528397169664766
1.3107796781094638 4 0.7450743404400788 0.7283236994219653 0.5337186897880539 1.36255541364052
1.4303448314286107 5 0.8620409606644069 0.48011363636363635 0.2774621212121212 2.0431054906655857
0.23378965871499252 2 0.1617802197617893 0.888 0.5728888888888889 0.9824081473362527
0.23378965871499252 2 0.11315498653578566 0.7804054054054054 0.4420045045045045 1.1611649593798214
0.25731664055136994 2 0.1866694843405261 0.8863636363636364 0.6136363636363636 0.9033459829606203
0.37676816126100815 2 0.24247497114811215 0.7297297297297297 0.4984984984984985 1.1120855872313051
0.7902307553651863 4 0.5458281653934186 0.47297297297297297 0.29645390070921984 1.3473475602766396
0.4634105588430012 3 0.38917861701240575 0.6844036697247706 0.2941896024464832 1.322735752862424
0.2868339830627061 2 0.22060939058425813 0.6649746192893401 0.2436548223350254 1.5371273880551548
0.23378965871499252 2 0.2265448509598758 0.7282229965156795 0.2804878048780488 1.421014837914179
0.5783222866734842 3 0.1592342988260913 0.5255023183925811 -0.03709428129829984 2.5130477746440665
0.23378965871499252 2 0.11315498653578566 0.8900949796472184 0.8046132971506106 0.7454488814423231
0.13905879847125688 2 0.07040384694852363 0.2032520325203252 0.051351351351351354 1.9562992839598257
-9.999994999180668e-07 1 0.0 0.4182415776499589 -0.006847439057792386 1.890623644343104
0.37676816126100815 2 0.24247497114811215 0.9264705882352942 0.3284313725490196 1.2399533833312137
0.6210843745575724 2 0.33946495960735695 0.6468926553672316 0.4948210922787194 1.0923447860368705
0.6927369617460828 2 0.1497639527679516 0.6188925081433225 0.5247918928700688 1.770010855032814
1.162695833512044 4 0.5421962976307975 0.6722846441947565 0.367665418227216 1.7848854303746637
1.082192530043434 3 0.7034194874125429 0.29775280898876405 -0.1348314606741573 2.564434971413404
0.7097091024529643 4 0.5112541142958478 0.6208112874779541 0.3292181069958848 1.3906496754875468
0.4634105588430012 3 0.23109148951741368 1.0 1.0 0.43354708762740973
0.23378965871499252 2 0.2265448509598758 0 0 0
0.24492802680267098 2 0.17333594974477423 0.703416149068323 0.4694616977225673 1.1055346767362593
0.2711873730488856 2 0.18187660461701938 0.4816955684007707 0.29968847352024924 1.2973574046635037
0.562333144621475 2 0.28288746633946416 0.8741258741258742 0.42424242424242425 1.2136947033967813
0.7356189397674613 3 0.6587892018016509 0.4416961130742049 0.42638398115429915 1.6001131229609244
0.23378965871499252 2 0.1617802197617893 0.9074960127591707 0.745879851143009 0.7183141591513675
0.37676816126100815 2 0.3117884650577475 0.9333333333333333 0.6170940170940171 0.5852413299555529
0.6019209717449048 3 0.4853406592853679 0.7435897435897436 0.6159544159544159 0.93579408620892
0.4634105588430012 3 0.30728150345540484 0.48845470692717585 0.29246935201401053 1.4379229314769466
0.13579195876860908 2 0.07583447801333873 0.640203932993445 0.47560087399854334 1.394258107027816
0.8544119816113698 3 0.19968527035726882 0.6311605723370429 0.5087440381558028 1.5525527877821257
0.32643904098570775 3 0.11146021876928715 0.6040848389630793 0.3676355066771406 1.471219515273748
0.13905879847125688 2 0.10961847627090765 0.6462715105162524 0.41204588910133844 1.1773734300289649
0.13579195876860908 2 0.06820372673138227 0.5909502262443439 0.30300327088908713 1.4970219280188266
0.5115837519891798 3 0.24253799001732887 0.8012889366272825 0.6079484425349087 1.0467448636836534
0.3445952481273678 3 0.25325548090543376 0.7924151696606786 0.47105788423153694 1.1623051303713894
0.17320320676169862 2 0.07379673034942544 0.8095238095238095 0.5364265364265364 1.0501695157680062
0.23378965871499252 2 0.2265448509598758 0.6603221083455344 0.406539775500244 1.272435386655303
0.6914140776191252 2 0.10608279987729906 0.47956989247311826 0.385663082437276 1.4981189226720213
0.23378965871499252 2 0.05657749326789283 0.6516220028208745 0.5688763516690174 1.8796280612576428
0.37676816126100815 2 0.24247497114811215 0.6765498652291105 0.4555256064690027 1.1172877861109232
0.22371607607486488 2 0.15166895602667746 0.7669039145907474 0.533214709371293 1.037167535838948
1.3571351438699586 5 0.36500791559052015 0.7949044585987262 0.6700636942675159 1.2820715049721376
1.1874117698577518 4 0.5729530254362352 0.6873111782477341 0.4164149043303122 1.8207717494198878
0.6615612381601154 2 0.054752412839896285 0.6024200518582541 0.41284932296168253 1.5592656472505595
0.6019209717449048 3 0.4528548240314471 0.6045751633986928 0.31917211328976036 1.618389815248451
0.3707993581140392 3 0.1453561738417926 0.555992141453831 0.39467365204103905 1.4635152287639408
0.8092024732401926 3 0.3771832884526189 0.7365491651205937 0.5114409400123686 1.6118945118978028
0.5146511654319375 2 0.18859164422630945 0.6031957390146472 0.1020861074123391 1.8472949373252143
0.6210843745575724 2 0.11315498653578566 0.5318275154004107 0.32922655715263516 1.8806809327235285
0.1849053991792993 2 0.16181775068562557 0.7887517146776406 0.3991769547325103 1.3384721785707006
0.23378965871499252 2 0.1617802197617893 0.938671209540034 0.7155025553662692 0.7618594435872456
0.23378965871499252 2 0.1455012836936155 0.7964169381107492 0.736228813559322 0.7452261792787048
1.367558457848013 6 0.5762464908726261 0.343586387434555 0.1974258289703316 1.730390963671567
0.7029159307848437 3 0.5501052904834544 0.5756240822320118 0.2026431718061674 1.5767982910288667
1.190071307235074 5 0.8404509442274215 0.5983493810178817 0.3447959651535993 1.440526655675987
0.19851324335639875 2 0.08933288410719921 0.6580882352941176 0.41482843137254904 1.7806860273690308
0.567257893640079 3 0.26972857574424497 0.7132817990161631 0.3159990630124151 1.4786799691852874
0.848682557733917 3 0.8066529034627539 0.5833333333333334 0.2361111111111111 1.7322070984271345
0.848682557733917 3 0.8066529034627539 0.7453580901856764 0.3687002652519894 1.1560744308364017
0.4023555132460272 5 0.21122687858156108 0.4554643082754264 0.536534007159402 1.2830540278902363
-9.999994999180668e-07 1 0.0 0.7433566433566433 0.38741258741258744 1.4030548807177612
0.7029159307848437 3 0.4422266544249116 0.5396039603960396 0.15181347150259067 1.6192915971228974
0.23378965871499252 2 0.1455012836936155 0.7882513661202186 0.5140436914846188 1.0253746343536656
0.23378965871499252 2 0.1455012836936155 0.5577956989247311 0.29385964912280704 1.5189131168563441
0.4634105588430012 3 0.30728150345540484 0.5821678321678322 0.44526375496313103 1.4029408422676914
0.13905879847125688 2 0.10961847627090765 0.5690376569037657 0.21338912133891214 1.6820280099167984
0.13905879847125688 2 0.08178860092416326 0.5897435897435898 0.23646723646723647 1.6338209207131094
1.313830033202747 4 0.4154357244697623 0.37587006960556846 0.2691415313225058 1.9401733171696387
1.0699133418346678 4 0.2957176905477343 0.6237077877325982 0.44222375373305767 1.4420257876671543
0.23378965871499252 2 0.11315498653578566 0.7421875 0.6703125 0.9035095842467079
0.6125396615432839 3 0.32313237850489257 0.4125714285714286 0.31695238095238093 1.7168472184941126
0.13905879847125688 2 0.07828075149763998 0.731647634584013 0.4390973355084285 1.2264941088308585
0.8304687124458194 3 0.3866970891994714 0.6110056925996205 0.35610373181530675 1.7545229572112604
0.8012561174221082 4 0.47379135208300355 0.6664044059795436 0.5479274611398963 1.1193943977103358
0.23378965871499252 2 0.1455012836936155 0.6666666666666666 0.45546218487394957 1.2762636745991311
1.245012889263182 4 0.5177667313417766 0.3991477272727273 0.10984848484848485 1.8975865322676428
0.6019209717449048 3 0.4527827871490203 0.6974789915966386 0.5934959349593496 1.0224628512225924
0.8222613373494543 4 0.37246381782711896 0.6892950391644909 0.5239338555265448 1.6391376051808133
-9.999994999180668e-07 1 0.0 0.7073170731707317 0.062137049941927994 1.5876647468400171
0.5783222866734842 3 0.5308543954270661 0.5845070422535211 0.04460093896713615 1.674254731758415
0.23378965871499252 2 0.2265448509598758 0.5997229916897507 0.1731301939058172 1.8429771925298575
0.6754625824529761 2 0.1077666538436054 0.5863994743758213 0.42772667542706966 1.6855188844875644
0.23378965871499252 2 0.11315498653578566 0.7681159420289855 0.43585614600107353 1.2073924442133268
-9.999994999180668e-07 1 0.0 0.7290715372907154 0.30187721968543885 1.5426505922810512
0.37676816126100815 2 0.24247497114811215 1.0 0.5382803297997645 1.1676994587950356
0.4634105588430012 3 0.16973247980367848 0.7345597897503285 0.5611038107752957 1.3169260027520169
0.5297041990605473 2 0.8495431910995342 0.6911764705882353 0.18872549019607843 1.6770373377654073
0.5297041990605473 2 0.42433119950919623 0.832 0.5826666666666667 0.9201435935394491
0.2771103575239885 3 0.14613069536775022 0.6576576576576577 0.48755924170616116 1.4040814778686976
0.4634105588430012 3 0.3235604395235786 0.4731034482758621 0.19724137931034483 1.8594623909481163
0.6019209717449048 3 0.21835771302968213 0.8205928237129485 0.43733749349974 1.6942641589823388
0.6682464776666426 2 0.09984263517863441 0.5789473684210527 0.23571749887539362 1.7802159393780752
1.0397177708449181 3 1.3584246709564693 0.572289156626506 0.2389558232931727 1.5922380605951507
0.2711873730488856 2 0.28318106369984475 0.5837837837837838 0.17537537537537537 1.799737499199916
0.2711873730488856 2 0.28318106369984475 0.7486910994764397 0.6509598603839442 1.0873181867308737
0.8647370965378594 3 0.33946495960735695 0.5762987012987013 0.43344155844155846 1.5232142056068645
0.13579195876860908 2 0.07583447801333873 0.3720577069096431 0.11440141736269299 1.9711300790740178
0.22371607607486488 2 0.21238579777488356 0.9085714285714286 0.5841269841269842 1.011666038316477
0.64998588199351 2 0.03611329357525074 0.7634554500226142 0.6827981305593246 1.3138291602322099
0.562333144621475 2 0.3637124567221682 0.8708791208791209 0.7847985347985348 0.9075469834628774
0.9002530512753368 3 0.5821820018384869 0.4 -0.24882629107981222 2.382640148828828
0.7356189397674613 3 0.3637124567221682 0.4973821989528796 0.45549738219895286 1.7322298634787476
0.9470541522889973 3 0.6565248549183734 0.5331452750352609 0.31029619181946405 1.5773011732058575
1.236473074597035 4 0.3607874256816371 0.17647058823529413 -0.07941176470588235 2.5513799844369522
0.30463409735528807 2 0.3398172764398137 0.6016949152542372 0.14124293785310735 1.6473589364673897
0.6019209717449048 3 0.4690617232171942 0.6544117647058824 0.5771072796934866 1.060373169195917
0.27063779365032886 3 0.18202737690078052 0.536042944785276 0.2142126789366053 1.5024283780551664
0.23378965871499252 2 0.1617802197617893 0.8429752066115702 0.39614325068870526 1.4008248869594782
0.22371607607486488 2 0.15166895602667746 0.7931034482758621 0.495752123938031 1.264876144957173
1.0733806203412612 3 0.509409251608676 0.7222222222222222 0.3888888888888889 1.5817604353603902
1.2306941036856511 5 0.49719095496186905 0.46875 0.3697916666666667 1.9306957033053889
0.7214606867021781 3 0.4629067631009413 0.5112781954887218 0.12531328320802004 2.1963261140131753
1.162695833512044 4 1.0044289673195794 0.44329896907216493 0.08419243986254296 2.1357586008973364
1.2649973752842703 4 0.44838923229708155 0.6065573770491803 0.7377049180327869 1.1647012324717225
0.562333144621475 2 0.28288746633946416 0.6811594202898551 0.43478260869565216 1.9190169805539103
0.9809866824510154 3 0.24981383314214883 0.31335830212234705 0.0599250936329588 2.3501837889966892
0.17320320676169862 2 0.14774664193035378 0.5608782435129741 0.08516300731869594 1.9358769799235396
0.37676816126100815 2 0.5628579746208946 0.2546583850931677 0.12629399585921325 1.9650280455901206
0.6931451805619453 2 0.5657749326789283 0.4114285714285714 0.14285714285714285 1.5870072406004923
0.7356189397674613 3 0.35443928036256434 0.585635359116022 0.30847145488029465 1.5165456406834505
1.2130035659909044 4 0.5821820018384869 0.5319148936170213 0.46099290780141844 1.5352630252468726
0.8486825577339171 3 0.42433119950919623 0.3901098901098901 0.18681318681318682 1.9628538836587959
0.23378965871499252 2 0.2265448509598758 0.5548216644649934 0.47468075737560544 1.2866404208672049
0.562333144621475 2 0.3960424528752498 0.9224704336399474 0.662724485326325 1.1579684744954957
0.22371607607486488 2 0.13640745346276453 0.6340425531914894 0.3598326359832636 1.2877736496131544
0.6791912659935828 2 0.4629067631009413 0.8646616541353384 0.7543859649122807 1.026895322827789
0.7029159307848437 3 0.4528548240314471 0.7462482946793997 0.5361527967257844 1.1431292550805827
0.8931947589295086 4 0.17658434048697932 0.6100068540095956 0.4135252456020105 1.5947686426875587
0.68531220727849 2 0.33946495960735695 0.7322654462242563 0.6392067124332571 1.2722650314050858
0.9164618855472628 3 0.339464959607357 0.567398119122257 0.5256008359456635 1.6853869553708674
0.4437542842777149 3 0.25775175590397653 0.8072669826224329 0.5260663507109005 1.2239670703109584
0.8463628296370541 3 0.204710355965327 0.641399416909621 0.5043731778425656 1.3998055825904379
0.562333144621475 2 0.22630997307157133 0.8625204582651391 0.5613747954173486 1.4107678037888258
0.5566439035962066 3 0.3424325230882594 0.46153846153846156 0.1 1.6299838208618984
0.6210843745575724 2 0.22630997307157133 0.6591928251121076 0.5680119581464873 1.4378630859080177
0.8305206914932463 3 0.22198249077042284 0.6734006734006734 0.643658810325477 1.3618373898058618
0.7774591319216559 3 0.4482924638419942 0.5143638850889193 0.4432284541723666 1.4955267314133063
0.9002530512753368 3 0.6061874278702802 0.556786703601108 0.4773776546629732 1.7488083586333478
0.37676816126100815 2 0.3117884650577475 0.6590909090909091 0.4673321234119782 1.1188171951914363
0.7529716827772218 3 0.39155994384584125 0.7939068100358423 0.3469150174621653 1.2251608571661183
1.1966077112492732 5 0.5856578269121159 0.53125 0.2729591836734694 1.5679478594940006
0.3488300958480944 2 0.4247715955497671 0.4553191489361702 0.02695035460992908 1.8906067856829738
0.917828205453311 4 0.43543651164460234 0.4888111888111888 0.3216509107678118 2.029656325846651
1.2413702777861828 6 0.46555096802473644 0.35604395604395606 0.2271062271062271 1.7616848596752168
0.7356189397674613 3 0.6066907376309328 0.38419618528610355 0.19255222524977295 2.3484060499497668
-9.999994999180668e-07 1 0.0 0.6437699680511182 0.41302804401845933 1.4694645085036995
0.8030418563805577 3 0.2425563705208504 0.5568917668825162 0.5001541782300339 1.434294252136732
0.1297386947374426 2 0.06419174280600684 0.7084415584415584 0.43374785591766724 1.3142609141875787
1.123568875890561 4 0.3474402614194365 0.18037974683544303 -0.169831223628692 2.4061085301874234
0.495549978707828 4 0.18217003323613407 0.4444444444444444 0.3525132275132275 2.2064774441451283
0.6019209717449048 3 0.3660953534697023 0.4644808743169399 0.23588342440801457 2.1797699479505774
0.8661809144604989 3 0.4324750097044088 0.23432343234323433 0.1034103410341034 2.761415082689025
0.37676816126100815 2 0.05657749326789283 0.27835051546391754 -0.15292096219931273 1.9166187054292325
0.19144208196874216 2 0.12133516482134196 0.5250521920668059 0.2585247042449548 1.7184062476981323
0.20619005064325946 2 0.13481684980149108 0.4919053549190536 0.2374429223744292 1.770485118100685
0.30463409735528807 2 0.06820372673138227 0.5285620485883126 0.3640416047548291 1.41473693491846
-9.999994999180668e-07 1 0.0 0.6831050228310502 0.5044140030441401 1.2046888484560656
0.9630250186118312 3 0.6351070421006411 0.4324577861163227 0.12038774233896185 2.239919752254389
0.6210843745575724 2 0.22630997307157133 0.5534246575342465 0.228310502283105 1.8173690825227342
0.17320320676169862 2 0.14774664193035378 0.5518234165067178 0.22616762635956494 1.8138749059277044
0.6108623020572744 2 0.21760574333804933 0.6091205211726385 0.4293159609120521 1.7685794967804267
1.1803005570082867 4 1.0880453006175919 0.9234972677595629 0.7928051001821493 1.0349778355924566
1.244419461759357 5 0.4607038855051631 0.3054641211323239 0.062102260258942284 2.236932094773875
0.6791912659935828 2 0.44278038209655257 0.43980582524271844 0.21941747572815534 1.7695729424004103
0.44705905435569215 3 0.18621286486794172 0.7004578155657293 0.5474166121648136 1.3319937935041108
0.8222613373494543 4 0.6240806377407689 0.5619174434087882 0.3546382600976476 1.3870110977038705
0.838835386635588 3 1.1181616420907994 0.37708445400753093 0.04895104895104895 1.9814587047623071
0.21455715518593435 2 0.19418130082275067 0.5722419928825623 0.24887307236061684 1.5547530817543327
1.0933873064836659 3 0.422494841641787 0.5519713261648745 0.23954599761051373 1.9552194428526701
0.5010439137754297 3 0.2547748781217461 0.8022284122562674 0.6731662024141133 0.8601044119095039
0.5670569309873646 4 0.2280202841658167 0.5956678700361011 0.4091456077015644 1.542908527124811
0.7529716827772218 3 0.27324071087831747 0.5401929260450161 0.18006430868167203 2.221479078497087
0.7276315263994247 3 0.20616424324664975 0.5216025137470542 0.22283320240900759 1.6897535997182198
0.22371607607486488 2 0.15166895602667746 0.4230118443316413 -0.0772701635645798 2.180738234668442
0.6057954993747123 2 0.21216559975459812 0.39915966386554624 0.05042016806722689 2.0775438069807244
0.6931451805619453 2 0.4849499422962243 0.6189189189189189 0.45675675675675675 1.3970140451260897
0.6108623020572744 2 0.4714791105657736 0.5412371134020618 0.1872852233676976 1.9978314949465994
0.6365121682970628 2 0.5091974394110355 0.35 0.19166666666666668 1.8027905060489338
0.13579195876860908 2 0.10619289888744178 0.8001345895020189 0.6897711978465679 0.7996653105029098
0.37676816126100815 2 0.4854532520568767 0.8701298701298701 0.3203463203463203 1.3387217265524989
0.23378965871499252 2 0.11315498653578566 0.8903394255874674 0.6344647519582245 0.8600104580615383
0.49679336986552636 3 0.24845553045811059 0.5995694294940797 0.29954876778896217 1.4168157311374652
0.68531220727849 2 0.33946495960735695 0.5619174434087882 0.47003994673768307 1.7066594480907258
0.6682464776666426 2 0.09984263517863441 0.8633193863319386 0.4272431427243143 1.4728140453019347
0.45055920886990464 2 0.21667976145150444 0.8891060087933561 0.8151766813222602 0.7341385686894223
0.6365121682970628 2 0.15912419981594858 0.6089887640449438 0.4192259675405743 1.4212675516703854
0.2286298735916434 2 0.10608279987729906 0.418854415274463 0.5465393794749404 1.473885964726286
0.4634105588430012 3 0.2749352062975749 0.6526508226691042 0.6081657525898843 1.110773360644979
0.44705905435569215 3 0.24253799001732884 0.39483870967741935 0.5329032258064517 1.450858719209894
-9.999994999180668e-07 1 0.0 0.7816901408450704 0.6737089201877934 1.0416961071263684
0.6129430010497953 4 0.3407257362028199 0.23248407643312102 -0.12473460721868365 2.2034882900856085
0.2586379321422618 3 0.17131988414191107 0.6314076484947111 0.5562788174667752 1.2448015148294411
0.37676816126100815 2 0.3117884650577475 0.5977011494252874 0.4922089825847846 1.0849942698417459
0.562333144621475 2 0.22630997307157133 0.8324607329842932 0.7207678883071553 0.9041969720524505
0.5799131714206577 2 0.1755853239348398 0.6258890469416786 0.6192508297771455 1.1706879830422234
0.21455715518593435 2 0.19989251555283158 0.6534653465346535 0.6072607260726073 1.2046265499965085
0.21455715518593435 2 0.19989251555283158 0.5167037861915368 0.2501855976243504 1.773992643610986
0.4825755651802941 2 0.11315498653578566 0.5757575757575758 0.35353535353535354 1.78917046899559
0.2586379321422618 3 0.17131988414191107 0.5312024353120244 0.16996448503297817 1.6877944712990331
0.6057954993747123 2 0.15430225436698045 0.7452054794520548 0.5232876712328767 1.4593531539880946
0.8082669580111547 3 0.3607874256816371 0.6788553259141494 0.41017488076311603 1.7049320521927787
0.4437542842777149 3 0.25775175590397653 0.4557595993322204 0.3166388425153033 1.6407316443615314
0.3488300958480944 2 0.3033379120533549 0.783068783068783 0.5731922398589065 1.1650118273928245
0.13579195876860908 2 0.06820372673138227 0.7252321981424149 0.28465851172273193 1.4353990587629106
0.22371607607486488 2 0.21238579777488356 0.7297297297297297 0.5665665665665666 1.0285304171962142
0.4258454492571436 3 0.24258988790962496 0.9109159347553325 0.5039732329569218 1.194800980912749
0.4437542842777149 3 0.39791931992331886 0.4409448818897638 0.2572178477690289 1.8165058006524335
0.3707993581140392 3 0.21398063923786045 0.556 0.38917306052855927 1.2812423287803976
0.9906091211428333 4 0.27660353873059224 0.5500676589986468 0.2792061344158773 1.92708167184254
1.2213041794126958 5 0.30224454919361066 0.6202334630350195 0.3942931258106355 1.7515335988329692
0.19144208196874216 2 0.12133516482134196 0.8208955223880597 0.6567164179104478 0.8395869570151587
0.23378965871499252 2 0.1455012836936155 0.5714285714285714 0.30995475113122173 1.3085605618098928
0.23378965871499252 2 0.2265448509598758 0.5778985507246377 0.18840579710144928 1.5107009648947785
0.6057954993747123 2 0.21216559975459812 0.7790262172284644 0.20224719101123595 1.9479922086534367
0.6754625824529761 2 0.054752412839896285 0.5519031141868512 0.31343713956170705 1.8574706549706468
1.0350126335046075 4 0.33956463593565844 0.6968876860622463 0.460532250789355 1.4103180403651439
0.6730096670113398 2 0.14144373316973208 0.9590382902938558 0.9014544375185515 0.6125825586595832
0.8674946326814362 3 0.21216559975459812 0.3507795100222717 0.10207869339272457 1.9369634594122545
1.023925799644203 3 0.7699147193424634 0.791970802919708 0.5164233576642335 1.162410593197479
0.20619005064325946 2 0.1887873757998965 0.6126543209876543 0.32767489711934156 1.5195653060675598
0.22371607607486488 2 0.17554478694117412 0.7333333333333333 0.4235294117647059 1.291085987736394
0.8463628296370541 3 0.254704625804338 0.5068912710566615 0.4369576314446146 1.9460045968134667
0.6210843745575724 2 0.16973247980367848 0.6440217391304348 0.29891304347826086 1.8280621336686615
0.45055920886990464 2 0.6796345528796274 0.6884057971014492 0.40942028985507245 1.3659052043136868
0.23378965871499252 2 0.1617802197617893 0.5339105339105339 0.3852813852813853 1.5419149032629618
0.6881368137156086 2 0.08933288410719921 0.7372972972972973 0.3700900900900901 1.4327525572033173
0.27063779365032886 3 0.144038204744721 0.6431095406360424 0.4597119501751654 1.2512906742580576
0.13905879847125688 2 0.027376206419948142 0.7261724659606656 0.5181543116490166 1.566397462004728
0.6580269975809436 4 0.3539499089123916 0.5314777998674619 0.3929885306210777 1.2566626044762919
1.0123278391088069 3 1.3802286218858353 0.7439703153988868 0.28324056895485467 1.6378814037671237
1.0907734702484577 5 0.5730211015388944 0.43306010928961747 0.20036429872495445 2.513760489722028
1.3421207227714134 5 0.7433735837724413 0.5196078431372549 0.24564270152505446 1.2894373058369577
1.1950755442456058 4 0.8545884506389877 0.37082818294190356 0.16522455706633704 2.1223683309160757
0.8060385049550861 3 0.2631784923645843 0.5620104438642297 0.40687554395126196 1.664789698695414
1.1533217231040078 5 0.29606163054879964 0.3908612754766601 0.16862873337693482 1.9798408109774353
0.5115837519891797 3 0.19045230058011678 0.9705882352941176 0.8514150943396226 0.65309197114477
0.5253193195185206 2 0.2737620641994814 0.6890688259109312 0.4461538461538462 1.2986363729094215
0.4634105588430012 3 0.3235604395235786 0.39285714285714285 0.16666666666666666 1.461841670581126
0.6869595765993484 2 0.42433119950919623 0.6424418604651163 0.626937984496124 1.2256344694399097
0.6134080494594264 2 0.10608279987729906 0.698744769874477 0.5808926080892608 1.2665374474896312
0.4634105588430012 3 0.27493520629757495 0.5641361256544503 0.5026178010471204 1.4763213777322457
0.5560565328721216 3 0.37917239006669373 0.46932114882506526 0.46975630983463884 1.3841528154111333
1.1198936282391003 4 0.5425203748213409 0.3690649577628896 0.3138168754247985 1.4874749718513045
0.33421814623892604 3 0.19205093965962802 0.5746724890829694 0.1630778064886592 1.6754828184143031
0.2711873730488856 2 0.2022252747022366 0.21862348178137653 0.10931174089068826 1.9820756213624422
0.5505704283040294 3 0.3162666848843679 0.5284403669724771 0.47706422018348627 1.3437871839620859
0.13905879847125688 2 0.07828075149763998 0.7175257731958763 0.4217640320733104 1.2329895635407582
0.4361603253891046 2 0.09429582211315472 0.7688787185354691 0.47215865751334857 1.1727553544789076
1.1648679119276883 5 0.7128221332033512 0.31021437578814626 0.17276166456494324 1.7040175936994422
0.6004799082620752 3 0.495388851712983 0.3806228373702422 0.27994310099573255 1.8826676962980933
0.6693259632947448 2 0.07715112718349022 0.5131964809384164 0.2909742587161942 1.6971754528968563
0.7909034339912563 3 0.08324343403890858 0.7123464770523594 0.49946132299073476 1.47415988500435
0.895328581086131 4 0.16715814353990804 0.7107400722021661 0.3831227436823105 1.759075924923927
0.759782767758782 3 0.3410414777065864 0.4089184060721063 0.19702719797596457 1.7630433060256276
0.43749195737959196 3 0.2578618549141192 0.3745928338762215 0.2495114006514658 1.5597198712677856
0.5783222866734842 3 0.45500686808003243 0.6195488721804512 0.3448621553884712 1.4730403298453596
0.2771103575239885 3 0.14868459844616363 0.7973856209150327 0.5008375209380235 1.1600047363697779
-9.999994999180668e-07 1 0.0 0.6917293233082706 0.3558897243107769 1.4252746182486158
0.13579195876860908 2 0.05304139993864953 0.5468521229868228 0.5185456320156173 1.2953083734190949
0.8647370965378594 3 0.1661154409498845 0.49700199866755496 0.18143459915611815 2.0625082271001687
0.3557098597704412 3 0.1874558224756193 0.4695121951219512 0.054878048780487805 1.7333025659985468
0.6434895530215068 2 0.2737620641994814 0.6441860465116279 0.38733850129198966 1.5164079771478969
0.26176248291638804 2 0.12729935985275886 0.6187050359712231 0.3932853717026379 1.3474174267600585
0.8647370965378594 3 0.33946495960735695 0.5465425531914894 0.6006205673758865 1.5297683096425092
0.562333144621475 2 0.3637124567221682 0.8327526132404182 0.8885017421602788 0.9655576695920488
0.16302162950788568 2 0.0977839884105791 0.5283842794759825 0.3225618631732169 1.5384667151881566
1.0375871081112062 4 0.3607874256816371 0.5163398692810458 0.25577342047930285 1.9922103657458448
0.47413731306119833 2 0.25459871970551773 0.7902869757174393 0.5621780721118469 1.2828614514814929
0.8305206914932463 3 0.45191724158273494 0.42857142857142855 0.17687074829931973 1.8487374284312899
0.8815292611983065 3 0.4209516166161729 0.7183833116036505 0.7392438070404173 1.2168796142788787
0.4437542842777149 3 0.26786671971110315 1.0 0.6682134570765661 0.7917080462529905
0.5982261495711728 4 0.24265164060844394 0.4988962472406181 0.26857983811626196 1.2404996728131763
0.11466328222391846 2 0.08495431910995342 0.3333333333333333 0.4444444444444444 1.4324783161570298
0.13579195876860908 2 0.06820372673138227 0.6016949152542372 0.4376657824933687 1.1756179574556622
0.14999292362543257 2 0.12136331301421918 0.8637015781922525 0.6217120994739359 0.9015074382220639
0.22371607607486488 2 0.15006360716800762 0.7420249653259362 0.535052012663953 1.218854600487302
0.23378965871499252 2 0.11315498653578566 0.8220973782771536 0.6903870162297129 0.9100594983083139
0.68531220727849 2 0.33946495960735695 0.6827956989247311 0.5627240143369175 0.9341294751592735
0.8318287077376423 3 0.3183584986420399 0.55470737913486 0.28541136556403734 1.5752963753424576
0.8463628296370541 3 0.254704625804338 0.9283489096573209 0.8805815160955348 0.7504572852496474
0.8870858176477251 3 0.28288746633946416 0.6475122634898388 0.48516701705209064 1.561935482558105
1.0408358374387054 4 0.3351374773062085 0.5749318801089919 0.310172570390554 1.7038306524736266
0.7054959953080777 3 0.1339993261607988 0.7357357357357357 0.6726726726726727 1.1652960026016952
0.6036352515027463 2 0.03611329357525074 0.551594746716698 0.42057535959974984 1.6273595779752767
0.17320320676169862 2 0.03689836517471272 0.4 0.4 2.1392304845413266
0.7588323291044747 3 0.11735675319995433 0.6804326450344149 0.17141920681743691 1.8175505088394304
0.5799131714206577 2 0.12123748557405607 0.6894977168949772 0.5114155251141552 1.658781587524298
0.5908402462780749 2 0.09984263517863441 0.6076115485564304 0.4772528433945757 1.6626193506775013
0.4029393578711229 2 0.07274249134443364 0.6867901972504483 0.26638772663877264 1.7010015289846088
0.9368853075459159 3 0.5771186814007261 0.43535620052770446 0.08003518029903255 1.8227741025635869
0.9823058239177228 4 0.27756168706838996 0.49731543624161073 0.22182548538272706 2.0838595431512825
0.5004004235413129 2 0.1305634460028296 0.36266855926188785 0.1414714927844807 2.1610036985578227
0.7534089982281984 3 0.21802436802229744 0.35949670461354105 0.2274815258637907 1.9703647670974984
0.562333144621475 2 0.054752412839896285 0.6332607116920842 0.3858629871701767 1.6850583995068968
0.849641083290944 4 0.12304095948666649 0.19480519480519481 0.10714285714285714 2.246828980219726
0.7026556929005622 3 0.07417000171589286 0.7777777777777778 0.7407407407407407 1.1572292788290106
0.6911907820052087 2 0.21900965135958514 0.7382456140350877 0.6252631578947369 1.0745451036252582
0.6482771673666704 2 0.09429582211315472 0.7241379310344828 0.3514821536600121 1.5516310326123712
0.23378965871499252 2 0.1617802197617893 0.625 0.44047619047619047 1.5727944846398687
0.38060257698092886 3 0.14151713250982723 0.3866790009250694 0.30126426148627816 1.6178204365346107
0.3111271548177342 2 0.32885542881272295 0.8381795195954488 0.8053097345132744 0.6477792308474732
0.37676816126100815 2 0.05657749326789283 0.7082728592162555 0.436381228834059 1.8060268643499147
1.1491483765482018 4 0.41816155636757885 0.484375 0.4583333333333333 1.4145097910419226
0.6914140776191252 2 0.21216559975459812 0.5862068965517241 0.47701149425287354 1.5536969352858365
0.8687166829249237 3 0.31824839963189716 0.7395209580838323 0.46706586826347307 1.6308646395431456
0.23378965871499252 2 0.05657749326789283 0.7442572741194488 0.6105155691679428 1.5839634255351978
0.8463628296370541 3 0.2166482714225753 0.4897959183673469 -0.022351797862001945 2.0492551197889317
0.6779057256561851 3 0.18258663983320672 0.25098039215686274 -0.26971677559912854 2.4422794409158626
0.22371607607486488 2 0.21238579777488356 0.5 0.5 1.0245190528383263
0.9560413809737569 3 0.31824839963189716 0.6481994459833795 0.5124653739612188 1.5765913373706488
0.8100400099312414 3 1.34364280071478 0.4787234042553192 0.3529980657640232 1.1101546553619017
0.7792219517668397 4 0.3692797609719275 0.6586826347305389 0.6017964071856288 1.2593159592674728
1.2148856539607453 4 0.7001297075448839 0.30140845070422534 0.1323943661971831 2.122815911344221
0.22371607607486488 2 0.15166895602667746 0.7233333333333334 0.43722222222222223 1.1596316198853416
0.7298399194925769 3 0.27922114968740397 0.7892156862745098 0.6065662002152853 1.3717398343631708
0.8647370965378594 3 0.6837114356605564 0.285958904109589 0.2796803652968037 1.8500491588890287
0.6926859734444768 2 0.15912419981594858 0.6191247974068071 0.39708265802269044 1.5987295515221989
0.6926859734444768 2 0.2652069996932476 0.7301798800799467 0.5494115034421497 1.1989728884584303
0.6210843745575724 2 0.16973247980367848 0.6106666666666667 0.5222222222222223 1.4534050889812455
0.4825755651802941 2 0.11315498653578566 0.7659574468085106 0.5957446808510638 1.5476781598740266
0.6779057256561851 3 0.3915599438458412 0.8910411622276029 0.8598130841121495 0.5975888110739551
0.13579195876860908 2 0.07583447801333873 0.6823630136986302 0.3981164383561644 1.334035698173062
0.3488300958480944 2 0.3033379120533549 0.7668161434977578 0.28699551569506726 1.3018018603381567
0.5763790666401709 3 0.14521117841186107 0.8471882640586798 0.504396482813749 1.589972354037042
0.7119170414129119 3 0.18039371284081854 0.6232876712328768 0.5423642820903095 1.7351683858382054
0.6893740614353933 5 0.38708430322965715 0.8612354521038496 0.5023215322112594 1.0393865210659043
0.23378965871499252 2 0.1455012836936155 0.8813291139240507 0.6229932677369239 0.8830931622162297
0.9002530512753368 3 0.6061874278702802 0.6377952755905512 0.17979002624671916 1.5858986029558524
0.23378965871499252 2 0.05657749326789283 0.7425897035881436 0.3983359334373375 1.4740558486143904
0.8486825577339171 3 0.42433119950919623 0.912 0.38133333333333336 1.9067511653286136
1.0533914983798527 4 0.46687022555893615 0.7887096774193548 0.4376344086021505 1.8266674621898498
0.6210843745575724 2 0.11315498653578566 0.5672676837725381 0.20804438280166435 2.0515962127188017
0.5010439137754297 3 0.1697324798036785 0.9324324324324325 0.6126126126126126 1.318534398671206
0.6791912659935828 2 0.09698998845924485 0.7734956051386072 0.6105476673427992 1.217735971568681
1.0268798607761311 5 0.31432097403942877 0.3213429256594724 0.27258193445243806 2.2725389696214227
0.6923449670919647 2 0.07072186658486604 0.739084132055378 0.5811146609868655 1.3431015853955584
0.23378965871499252 2 0.2265448509598758 0.7663865546218488 0.41568627450980394 1.3207076516670098
0.7029159307848437 3 0.5986130847653058 0.3106159895150721 0.17387505460899957 1.5030126226978202
0.13905879847125688 2 0.07828075149763998 0.6599845797995374 0.2274479568234387 1.5608485867455006
0.37676816126100815 2 0.3235604395235786 0.7534668721109399 0.4571135079609656 1.1596653403922563
0.8239562165098323 3 0.29518692139770175 0.6319095477386935 0.42085427135678394 1.9382025043356552
0.394394691467998 3 0.30657242425394615 0.6762936221419976 0.27837946249498596 1.4616918072171594
0.23378965871499252 2 0.1617802197617893 0.8488745980707395 0.40514469453376206 1.3610735435395833
0.37676816126100815 2 0.4854532520568767 0.911504424778761 0.4808259587020649 1.3194028558574142
0.5010439137754297 3 0.31016830935661777 0.8296199213630406 0.39536915683704676 1.314458846859409
0.6546665645411436 3 0.34665150818753204 0.6397350993377483 0.33112582781456956 1.4375924333494687
0.16794214774719357 2 0.1011126373511183 0.7537537537537538 0.594260927594261 0.9749589890997458
0.3250809733970037 2 0.18859164422630945 0.5442359249329759 0.5397676496872207 1.0948639630510189
0.3624980217649752 3 0.20476540547039834 0.7558558558558559 0.5540540540540541 0.974938158671963
0.13579195876860908 2 0.10619289888744178 0.9636174636174636 0.6871101871101871 0.884885203247847
0.22371607607486488 2 0.21238579777488356 0.815 0.6225 1.0312562328197874
0.37676816126100815 2 0.34667189948954846 0.8979591836734694 0.5498866213151927 1.0414981226853437
0.23378965871499252 2 0.2265448509598758 0.6939130434782609 0.4602898550724638 1.1511843666458437
0.23378965871499252 2 0.2265448509598758 0.7912772585669782 0.6438213914849429 0.9834451855237799
0.25731664055136994 2 0.26139790495370285 0.630057803468208 0.2996146435452794 1.6313781209738627
0.848682557733917 3 0.7281095076031221 0.7906976744186046 0.3507751937984496 1.483858171260827
0.8599642810436239 3 1.0871619541665682 0.601123595505618 0.2752808988764045 1.6114904464135924
0.41011431829249234 2 0.36375320923403875 0.75 0.19736842105263158 1.649786245705918
0.37676816126100815 2 0.11315498653578566 0.622093023255814 0.19525193798449614 1.7017548062095291
0.20619005064325946 2 0.1887873757998965 0.7773167358229599 0.4476717381281697 1.337458797476155
0.4634105588430012 3 0.3883250707216651 0.5468164794007491 0.14169787765293385 1.6315984774382875
0.9269348393005374 4 0.2957176905477343 0.4125874125874126 0.15917415917415917 2.208997907945244
0.7978881125325039 3 0.24096527770783802 0.44655344655344653 0.20646020646020646 2.2049167381613266
0.4634105588430012 3 0.30728150345540484 0.7545454545454545 0.631578947368421 0.982457706908797
0.37676816126100815 2 0.16973247980367848 0.6742957746478874 0.5434272300469484 1.560773197541824
0.562333144621475 2 0.3637124567221682 0.9461077844311377 0.6087824351297405 1.2303766680185066
0.6615612381601154 2 0.6061874278702802 0.7708333333333334 0.3680555555555556 1.8179638364246795
0.4634105588430012 3 0.3235604395235786 0.7738998482549317 0.19069296914516945 1.4691535966102027
0.23378965871499252 2 0.2265448509598758 0.9558823529411765 0.434640522875817 1.1399445172177887
0.2868339830627061 2 0.29549328386070756 0.7451971688574317 0.4196157735085945 1.3068890882114366
0.16794214774719357 2 0.14159053184992237 0.7528795811518325 0.38359511343804537 1.2833861197834422
0.8486825577339171 3 0.47103588152342707 0.5706371191135734 0.38411819021237303 1.9641468782558085
0.6492463548730875 2 0.10608279987729906 0.7099358974358975 0.37286324786324787 1.7925315255495191
0.37676816126100815 2 0.4364357804719848 0.6166666666666667 0.3055555555555556 1.9685255065889629
1.0053834327751212 4 0.41816155636757885 0.43613707165109034 0.3364485981308411 2.1309994074242615
0.6829061047025133 2 0.25459871970551773 0.4657687991021324 -0.02880658436213992 2.074911063717174
0.6837359058583963 3 0.48796410779028576 0.4823848238482385 0.24841915085817526 1.7091297233302407
0.8018155525515516 3 0.3378855633724007 0.5944700460829493 0.1935483870967742 1.626505220971147
0.11466328222391846 2 0.06066758241067098 0.5370370370370371 0.3335203890759446 1.4998340442100893
0.22371607607486488 2 0.15166895602667746 0.4190031152647975 0.4428868120456905 1.2752958136866381
0.6774924044507715 2 0.2652069996932476 0.35 0.03333333333333333 2.0724464586219686
0.23378965871499252 2 0.1455012836936155 0.5232558139534884 0.2509505703422053 1.5707457547899455
0.7029159307848437 3 0.5668633568579734 0.7032520325203252 0.4363143631436314 1.3091084431509068
0.23378965871499252 2 0.11315498653578566 1.0 0.8863636363636364 0.6371159220475365
0.6279395887421984 2 0.18516270524037653 0.6060118089103597 0.28913938092682057 1.8369607250337372
0.23378965871499252 2 0.1617802197617893 0.6197478991596639 0.5252100840336135 1.1718396113593355
0.1326894208573865 2 0.06613694713346159 0.7622097678142514 0.5176594623089088 1.223275905214282
0.4634105588430012 3 0.2749352062975749 0.6256830601092896 0.3105646630236794 1.447072848602422
0.13579195876860908 2 0.07583447801333873 0.6768982229402262 0.37237479806138934 1.3494080667687833
0.23378965871499252 2 0.2265448509598758 0.9282371294851794 0.4076963078523141 1.3118973018851583
0.33421814623892604 3 0.2022252747022366 0.6946959896507116 0.4398447606727037 1.2323515904459634
0.6546665645411436 3 0.3995777859101004 0.7457180500658761 0.5186649099692578 1.1787678724911148
0.674972446850451 3 0.2953401026292046 0.8262195121951219 0.8140243902439024 0.8466512855549364
0.13579195876860908 2 0.10619289888744178 0.793418647166362 0.4198659354052407 1.340202490535826
0.44705905435569215 3 0.27398263024173997 0.6073253833049403 0.27030096536059056 1.7045690901669748
0.6837359058583963 3 0.5662564445500321 0.623229461756374 0.2449725776965265 1.3327100866945456
0.21455715518593435 2 0.14274725273099054 0.8242506811989101 0.4514078110808356 1.3309159466558678
0.08957602669605193 2 0.0617849593526934 0.6305320735952262 0.4883142715067131 1.3366779788116625
0.25581780353601336 3 0.1317578403603302 0.6554105909439755 0.4828600665131747 1.3219182440157649
0.6210843745575724 2 0.11315498653578566 0.6216696269982238 0.4363528715216104 1.875586792857375
-9.999994999180668e-07 1 0.0 0.6545801526717557 0.5610687022900763 1.2075328903415783
0.23378965871499252 2 0.2265448509598758 0.8865836791147994 0.6509912402028585 0.8813193492362416
0.21455715518593435 2 0.14274725273099054 0.6266666666666667 0.4670707070707071 1.2563775079267168
-9.999994999180668e-07 1 0.0 0.6983883346124329 0.5533384497313891 1.2315396411532546
0.23378965871499252 2 0.1455012836936155 0.5953678474114441 0.324 1.4613803144413704
0.8556856672677804 3 0.17866576821439842 0.45806451612903226 0.4870967741935484 2.030949373155221
0.2477478274890635 3 0.1618021128006938 0.8028169014084507 0.5588895692998571 1.029981111123433
0.5062578421620407 3 0.33966825853343974 0.6794258373205742 0.5645933014354066 0.9745011105762403
0.27063779365032886 3 0.18202737690078052 0.5661231884057971 0.16998792270531402 1.5091591475685036
0.23378965871499252 2 0.05657749326789283 0.6423658872077029 0.3365428702430078 1.9990493521155681
0.6210843745575724 2 0.11315498653578566 0.6368078175895765 0.22041259500542887 1.8737962162799815
0.23378965871499252 2 0.1455012836936155 0.8967391304347826 0.6253669994128009 0.8660439912218396
0.23378965871499252 2 0.2265448509598758 0.7599364069952306 0.17435082140964495 1.60553089812651
0.4634105588430012 3 0.30728150345540484 0.8947368421052632 0.49617871840094063 1.0558734005252008
0.68531220727849 2 0.33946495960735695 0.84375 0.74609375 1.1525652679186684
0.3141200259205712 3 0.2115789578782517 0.7867383512544803 0.5242931103146157 1.1969358843654367
0.5140926973765212 4 0.3447054052521041 0.65 0.2520115867396202 1.5576384279257844
0.23378965871499252 2 0.11315498653578566 0.9295558958652373 0.46911689637570186 1.171998046513324
0.13579195876860908 2 0.10619289888744178 0.6766981943250215 0.5594726282602465 0.9915633426294319
0.23378965871499252 2 0.2265448509598758 0.639511201629328 0.5356415478615071 1.045139430452658
0.20619005064325946 2 0.1887873757998965 0.47619047619047616 0.5217613927291347 1.2843170941740278
0.43339687329453824 2 0.054752412839896285 0.7336244541484717 0.620669577874818 1.6514304876948722
0.15840857014580983 2 0.10802756119456869 0.7525206232813932 0.3953559425603422 1.1450786200275587
0.6210843745575724 2 0.11315498653578566 0.6107594936708861 0.34757383966244726 1.640490036051041
1.2636206721463221 5 0.7850669997147858 0.5606326889279437 0.28471001757469244 1.4720993394961135
0.6365121682970628 2 0.5091974394110355 0.7101449275362319 0.4601449275362319 1.124750344498251
0.23378965871499252 2 0.11315498653578566 0.7195994277539342 0.39914163090128757 1.2240912135889697
0.6096234236251917 4 0.3625025449528748 0.5957446808510638 0.4485294117647059 1.2131563777059375
0.8080569286701748 3 0.3759338845268597 0.22866174920969443 0.05409202669476642 2.1450355259443596
0.3676464774226919 3 0.24264274106832961 0.7472194135490394 0.5251095382541288 1.151591645891314
0.7155109308253921 3 0.2044860767145735 0.7346647646219686 0.47503566333808844 1.4559097480203516
0.6923449670919647 2 0.21216559975459812 0.6628521126760564 0.5636737089201878 1.3244091506575588
0.7678546231145036 3 0.1257277628175396 0.565 0.315 1.6235589828008072
0.13905879847125688 2 0.07828075149763998 0.49149214659685864 0.5333769633507853 1.2323481000735275
0.6896689283590407 2 0.07379673034942544 0.5860759493670886 0.579324894514768 1.4226828683466302
0.685927800254402 2 0.14144373316973208 0.589041095890411 0.3193493150684932 1.6383895599374314
0.6870890273903714 3 0.41264045342025574 0.42448979591836733 0.25333333333333335 2.0681304219290264
0.7097091024529643 4 0.43240786899843625 0.5246350364963503 0.4166666666666667 1.3147710621339481
0.857775088538544 4 0.6901137635935779 0.4478330658105939 0.39593365436062067 1.5495948459656141
0.3488300958480944 2 0.31074650457801095 0.8766404199475065 0.44201680672268906 1.3163471802566802
0.8468113807451845 3 0.25459871970551773 0.6042328042328042 0.3968253968253968 1.699142118481776
0.8123757247450236 3 0.23848209560759082 0.5013599274705349 0.31852523420973106 1.8381231872953159
0.8239562165098323 3 0.46322705113044743 0.5541284403669725 0.3217125382262997 1.7824820233586824
1.006210565960437 4 0.5610896679573315 0.5475880052151239 0.23511516731855714 1.8728457024816414
0.09803711330524134 2 0.06935046457955382 0.6944444444444444 0.27439024390243905 1.6312308398823336
0.68531220727849 2 0.33946495960735695 0.5620915032679739 0.1747276688453159 1.8351696130159032
1.0336965498709902 4 0.5013626183132985 0.4331476323119777 0.028783658310120707 1.8452571755298899
0.8687166829249237 3 0.3120787564902798 0.8867924528301887 0.7250673854447439 0.8853691648775727
0.4437542842777149 3 0.288076409489442 0.78125 0.6326530612244898 0.9618906911556854
0.10126281759130176 2 0.07230154817868377 0.5749077490774908 0.21476014760147602 1.7539144879698065
1.0699133418346678 4 0.6069135308762835 0.4520547945205479 0.27990867579908674 1.8589478627105243
0.5235843374841986 2 0.15430225436698045 0.7116141732283464 0.45341207349081364 1.5302981437101921
0.7356189397674613 3 0.4951960489658864 0.8784530386740331 0.8360957642725598 0.8165778957613603
0.13905879847125688 2 0.07828075149763998 0.6517739816031537 0.3955321944809461 1.36795915016932
0.6682464776666426 2 0.2995279055359032 0.6012422360248447 0.6571428571428571 0.9903889551297644
0.562333144621475 2 0.22630997307157133 0.8863328822733424 0.6698240866035182 1.100282325499455
0.23378965871499252 2 0.11315498653578566 0.7692307692307693 0.3942307692307692 1.4088541984400313
0.23378965871499252 2 0.11315498653578566 0.8914518317503393 0.7792853912256897 0.790015834125917
0.6036352515027463 2 0.22139019104827629 0.7982233502538071 0.5621827411167513 1.4156383393965775
0.23378965871499252 2 0.11315498653578566 0.8579017264276229 0.5931828242585214 1.0138097996772102
0.2711873730488856 2 0.18187660461701938 0.583756345177665 0.260989010989011 1.431662152240161
0.23378965871499252 2 0.1455012836936155 0.5621181262729125 0.2733860342555995 1.5422778215425403
0.4634105588430012 3 0.3883250707216651 0.6803921568627451 0.19673202614379084 1.8123928669270992
0.22371607607486488 2 0.21238579777488356 0.5578800557880056 0.2742910274291027 1.615513603882929
0.6829061047025133 2 0.42433119950919623 0.7575757575757576 0.5232323232323233 1.2630895899581123
0.6210843745575724 2 0.07222658715050148 0.9473684210526315 0.9122807017543859 0.6484312427641533
0.6648612242079104 3 0.3640840467592128 0.5532953620829943 0.365608896121508 1.6258895386941898
0.6898544985912243 2 0.2357395552828868 0.5839762611275965 0.34223541048466866 1.7188701749721762
0.45055920886990464 2 0.3086045087339609 0.3333333333333333 0.1111111111111111 1.9052349241144413
0.8760027656524485 3 0.3916903380084888 1.0 1.0 0.3496793685588863
0.9433453923362893 3 0.6413998678784659 0.46835443037974683 0.14345991561181434 1.9012508110244386
0.7211004713793135 4 0.2546457890827712 0.5 0.26666666666666666 1.9049038105676654
1.035932431478541 4 0.47225219373236377 0.1 0.36666666666666664 2.1582903768654758
0.13905879847125688 2 0.027376206419948142 0.7470997679814385 0.6774941995359629 1.274946373037172
0.6682464776666426 2 0.09984263517863441 1.0 1.0 0.30064126288222853
0.5859506183060716 2 0.4041249519135202 0.41304347826086957 0.47101449275362317 1.9328732969178228
1.0435918477641586 5 0.20257581915992967 0.8913043478260869 0.7463768115942029 1.2073344878382424
