-9.999994999180668e-07 1 0.0 0.6462395543175488 0.14763231197771587 1.4073685708039312
-9.999994999180668e-07 1 0.0 0.675146771037182 0.4187866927592955 1.2984450245726002
-9.999994999180668e-07 1 0.0 0.5741758241758241 0.4642857142857143 0.8934341963189266
0.3364937575888248 2 0.06740842490074554 0.5457875457875457 0.47985347985347987 0.9102620153325015
0.37676816126100815 2 0.17333594974477423 0.6465256797583081 0.526686807653575 1.1465901959773515
-9.999994999180668e-07 1 0.0 0.8064516129032258 0.7419354838709677 0.7887407062684947
-9.999994999180668e-07 1 0.0 0.7764423076923077 0.34294871794871795 1.5685650796327257
1.2206032645640172 4 0.3304943374873952 0.8193018480492813 0.5042321644498187 0.8447355056654672
0.8814401951256081 4 0.16390115934877772 0.5535055350553506 0.07149666348903717 1.1494920795678691
1.267442284062617 5 0.09674278401540552 0.8020618556701031 0.325247428682321 1.3361321213168358
-9.999994999180668e-07 1 0.0 0.8379310344827586 0.7427586206896551 1.1118680010582707
0.553856229495151 2 0.1137517170200081 0.6331592689295039 0.39643167972149695 1.3006713628813926
0.465997256964483 2 0.1061928988874418 0.8048780487804879 0.33681765389082463 1.0902297979554827
0.47413731306119833 2 0.037917239006669365 0.5537974683544303 0.2534282700421941 1.4591680621039103
0.4825755651802941 2 0.1617802197617893 0.5313807531380753 0.31194793119479314 1.2440571509919387
0.36220855714026556 2 0.1061928988874418 0.6666666666666666 0.2019675925925926 1.5094368810915915
0.562333144621475 2 0.05328701692569689 0.8192252510760402 0.5437589670014347 1.0421867815115393
0.9653323162944284 3 0.09101368845039026 0.639662447257384 0.3268635724331927 1.2262059658366111
-9.999994999180668e-07 1 0.0 0.7442218798151001 0.6599897277863379 0.9142837829086342
0.9024581433592995 3 0.09101368845039026 0.84375 0.7083333333333334 0.9985225713473084
-9.999994999180668e-07 1 0.0 0.8756660746003553 0.5855535820011841 0.9794069896541211
-9.999994999180668e-07 1 0.0 0.7976878612716763 0.7090558766859345 1.6423936473204905
0.6779057256561851 3 0.20166322586568847 0.6377840909090909 0.13731060606060605 1.620465251243143
-9.999994999180668e-07 1 0.0 0.936 0.6262222222222222 0.9399842397527627
-9.999994999180668e-07 1 0.0 0.8209459459459459 0.455518018018018 1.1617556339888737
0.651754561174831 2 0.28000422651078916 0.7272727272727273 0.5909090909090909 0.7851058681531426
0.6615612381601154 2 0.17333594974477423 0.7477477477477478 0.43843843843843844 1.031172913540131
0.6057954993747123 2 0.07583447801333873 0.7612612612612613 0.7192192192192193 0.8885390477521354
-9.999994999180668e-07 1 0.0 0.7064220183486238 0.38470948012232414 1.4260643683612615
-9.999994999180668e-07 1 0.0 0.5786802030456852 0.1895093062605753 1.430756690907497
-9.999994999180668e-07 1 0.0 0.7125435540069687 0.389082462253194 1.1768644273100655
1.118535595669438 5 0.39892523692055193 0.7604327666151468 0.4751842751842752 0.928748515904306
0.6931451805619453 2 0.05657749326789283 0.9226594301221167 0.8208955223880597 0.8583711198643202
0.68531220727849 2 0.11742112724645996 0.5853658536585366 0.43902439024390244 1.2779183422065257
0.33259221431728353 2 0.045511242380332204 0.76253081347576 0.22822514379622022 1.0778339961699521
-9.999994999180668e-07 1 0.0 0.9558823529411765 0.3480392156862745 1.2348110396759364
-9.999994999180668e-07 1 0.0 0.6073446327683616 0.3403954802259887 1.4600986203612665
1.1479849388411312 4 0.2107782298995751 0.5515743756786102 0.4303293521534564 1.4509367146891914
-9.999994999180668e-07 1 0.0 0.9344569288389513 0.4051186017478152 1.7950073968597913
-9.999994999180668e-07 1 0.0 1.0 0.0898876404494382 2.222312171723069
0.45055920886990464 2 0.052754419487539984 0.599647266313933 0.42328042328042326 1.0590946479881351
1.4013876466272654 5 0.3793377016487524 1.0 0.8888888888888888 0.9796652553453091
0.9832709442526746 3 0.6633777159633923 0 0 0
-9.999994999180668e-07 1 0.0 0.6863354037267081 0.4337474120082816 1.1882828890454544
1.3778155080471581 4 0.5969369933062455 0.674373795761079 0.4682080924855491 1.073297757503812
-9.999994999180668e-07 1 0.0 0.8741258741258742 0.41025641025641024 1.243038426632492
-9.999994999180668e-07 1 0.0 0.6395759717314488 0.4958775029446408 1.1751833564069072
-9.999994999180668e-07 1 0.0 0.6108452950558214 0.052099946836788945 1.933309249570831
0.37676816126100815 2 0.17333594974477423 0.49444444444444446 0.32592592592592595 1.061784162992063
0.562333144621475 2 0.08089010988089465 0.5641025641025641 0.3435897435897436 1.286999942724162
1.0717270941171957 3 0.19416253536083256 0.7442273534635879 0.47483718176435763 1.2042095374383144
0.553856229495151 2 0.024978289183920414 0.6839038601602331 0.5302257829570284 1.2495491777583623
0.21455715518593435 2 0.049921317589317206 0.7901430842607313 0.6274509803921569 1.4548346152201603
0.9097047103338318 3 0.20198504803425793 0.6630007855459544 0.46687614558785023 1.3322447174995187
-9.999994999180668e-07 1 0.0 0.6902485659655831 0.48534098151688976 1.039357840024115
1.0406954379267712 3 0.2578618549141193 0.7321266968325791 0.7182503770739065 0.9077805715340852
0.5115837519891798 3 0.3052847021988205 0.8925886143931256 0.656999641962048 1.0986855781668712
0.9184247850012976 3 0.11916855999414637 0.7155688622754491 0.46773120425815035 1.0123508809025028
0.2868339830627061 2 0.052754419487539984 0.7838827838827839 0.564916564916565 1.0127561325963765
-9.999994999180668e-07 1 0.0 0.5871156661786238 0.4084919472913616 1.1444832970568382
0.22371607607486488 2 0.07583447801333873 0.6623655913978495 0.3247311827956989 1.2345059938173686
-9.999994999180668e-07 1 0.0 0.7023977433004231 0.614010343206394 1.8559544227656448
-9.999994999180668e-07 1 0.0 0.6765498652291105 0.48247978436657685 1.139908553888318
-9.999994999180668e-07 1 0.0 0.7882562277580071 0.5616844602609727 1.0021848774086208
0.20619005064325946 2 0.0679055475073466 0.6318471337579618 0.40084925690021234 1.5534241421510246
-9.999994999180668e-07 1 0.0 0.7069486404833837 0.3240181268882175 1.7072538754384232
0.8119784689557455 3 0.13510486978787867 0.7121866897147796 0.5404782483434168 1.436570743664147
0.6210843745575724 2 0.1617802197617893 0.8022875816993464 0.4733115468409586 1.2465643757170577
0.6019209717449048 3 0.06255029248065005 0.7426326129666012 0.3173905695453777 1.4605222689401796
-9.999994999180668e-07 1 0.0 0.9128014842300557 0.6499690785405071 1.6259179943633142
0.6236528495704226 2 0.1887873757998965 0.6191744340878829 0.22547714158899246 1.6593027221820311
0.68531220727849 2 0.3055050463303894 0.8542094455852156 0.6399726214921286 0.7424947723964997
1.0412567335211689 3 0.13051794666025554 0.7558299039780522 0.37037037037037035 1.2022958283616696
-9.999994999180668e-07 1 0.0 0.524701873935264 0.11073253833049404 1.642366289192621
0.4634105588430012 3 0.18272512532435775 0.5960912052117264 0.6145494028230185 1.0705635177401347
0.6554797739035534 2 0.2654206730466856 0.625 0.4478621291448517 0.9139023507208982
0.6019209717449048 3 0.27168493419129386 0.5624082232011748 0.3034752814488497 1.2103855827897645
1.1803005570082867 4 0.6110421951058408 0.8376891334250344 0.8716185236130215 1.0922047600973288
0.9265036032968706 3 0.19444350582901948 0.8051470588235294 0.6139705882352942 1.3844544437381698
0.6829061047025133 2 0.035686813182747634 0.7139845397048489 0.3799484656828297 1.3061865402377308
0.6869595765993484 2 0.3033379120533549 0.7083333333333334 0.5694444444444444 1.0522837279840314
-9.999994999180668e-07 1 0.0 0.6551724137931034 0.2696728558797524 1.4849775587473237
0.9053919444505966 4 0.12027046482423685 0.5874921036007581 0.40576963571278163 1.1098091267000403
1.0893066789604156 3 0.1317578403603302 0.8678321678321679 0.5815850815850816 1.224287020549938
0.6615612381601154 2 0.24267032964268392 0.6716171617161716 0.46974697469746973 1.262641961892813
0.6615612381601154 2 0.05328701692569689 0.8715846994535519 0.5969945355191257 0.9358059199541036
0.7356189397674613 3 0.19416253536083256 0.6827956989247311 0.40860215053763443 1.1490657560181232
-9.999994999180668e-07 1 0.0 0.5 0.3484848484848485 1.4423692443633027
0.9470541522889973 3 0.22360623195926246 0.6317991631799164 0.5313807531380753 1.4593832411527103
0.9002530512753368 3 0.18961592369491453 0.8205128205128205 0.5726495726495726 1.3816019553863155
0.4227070878099124 2 0.06386061306386419 0.5556844547563805 0.30355761794276875 1.578091256021452
0.37676816126100815 2 0.09855001494528688 0.8249483115093039 0.7110039053526304 1.1157860620792024
-9.999994999180668e-07 1 0.0 0.7796875 0.6953125 0.9297355368886239
1.3762337803930493 5 0.19266501710988887 0.6868571428571428 0.33344935607379045 1.2671777906565524
0.6931451805619453 2 0.15656150299527996 0.8066884176182708 0.4967373572593801 1.2543082957748948
1.1709931261294624 4 0.28993769600908464 0.4990512333965844 0.29854522454142945 1.672456057833352
0.34049777847652524 2 0.04493894993383036 0.7230527143981117 0.3894571203776554 1.3755765311965382
-9.999994999180668e-07 1 0.0 0.4198473282442748 0.24427480916030533 1.0982567563105736
0.8647370965378594 3 0.13477367393451278 0.5681818181818182 0.40009469696969696 1.5194102307742805
0.68531220727849 2 0.4853406592853679 0.7247899159663865 0.6162464985994398 1.0277744313980368
-9.999994999180668e-07 1 0.0 0.7519582245430809 0.5865970409051349 1.6373634748301227
-9.999994999180668e-07 1 0.0 0.7073170731707317 0.062137049941927994 1.5876647468400171
-9.999994999180668e-07 1 0.0 0.6408450704225352 0.14460093896713616 1.42048850262462
0.6931451805619453 2 0.05657749326789283 0.574792243767313 0.23268698060941828 1.4291869879172339
0.4106393616660743 3 0.04151273448539683 0.3935611038107753 0.2781427945685502 1.5431651030946374
0.6615612381601154 2 0.1617802197617893 0.5974235104669887 0.44229736983360174 1.035449915577279
-9.999994999180668e-07 1 0.0 0.5616438356164384 0.252156265854896 1.4598312352017742
0.37676816126100815 2 0.17333594974477423 0.8021201413427562 0.2249705535924617 1.5459792743766474
0.562333144621475 2 0.45261994614314266 0.873850197109067 0.6434515987735436 1.403603432748162
-9.999994999180668e-07 1 0.0 0.7794117647058824 0.24754901960784315 1.4951840230038733
-9.999994999180668e-07 1 0.0 0.952 0.6786666666666666 0.9369282032302737
0.562333144621475 2 0.03914037574881999 0.5846846846846847 0.23303303303303302 1.5985193813496676
0.7029159307848437 3 0.19818714115026612 0.713103448275862 0.30198019801980197 1.240050659565889
-9.999994999180668e-07 1 0.0 0.8377535101404057 0.4919396775871035 1.6828082046301756
0.6869595765993484 2 0.08985442539129099 0.7422402159244265 0.43769680611785877 1.5854774968287364
0.562333144621475 2 0.4044505494044732 0.927710843373494 0.6164658634538153 1.1290926314626646
1.230927623059839 4 0.3699969385053696 0.7081081081081081 0.46606606606606604 1.3780458334408896
-9.999994999180668e-07 1 0.0 0.3856893542757417 0.055846422338568937 1.5248583059516019
0.6210843745575724 2 0.10183501544346311 0.6217532467532467 0.48593073593073594 1.5762351195097501
0.9976473375660755 4 0.22555870244602305 0.5322703113135915 0.27309541888129585 1.2799755975689793
0.6492463548730875 2 0.07583447801333873 0.84 0.42412698412698413 1.2935976251932855
-9.999994999180668e-07 1 0.0 0.8575305291723202 0.777174732398613 1.3163596305609597
-9.999994999180668e-07 1 0.0 0.8708791208791209 0.7847985347985348 0.9988094560263228
0.37676816126100815 2 0.17333594974477423 0.6281690140845071 -0.06291079812206572 2.071399401457237
-9.999994999180668e-07 1 0.0 0.4973821989528796 0.3717277486910995 1.8389958574337966
-9.999994999180668e-07 1 0.0 0.6657263751763046 0.44287729196050774 1.2529500297016405
0.6914140776191252 2 0.09547032697824667 0.5529411764705883 0.3107843137254902 1.5991477515677368
1.0670865187868501 3 0.22650257782001287 0.6292372881355932 0.25288831835686776 1.3697401745681368
0.6210843745575724 2 0.1617802197617893 0.6867647058823529 0.4073529411764706 1.118139476421276
-9.999994999180668e-07 1 0.0 0.6441717791411042 0.3829243353783231 1.3489551801846984
-9.999994999180668e-07 1 0.0 0.631404958677686 0.418732782369146 1.3501274202062987
0.36220855714026556 2 0.07583447801333873 0.7586206896551724 0.5027486256871564 1.2059248584868756
-9.999994999180668e-07 1 0.0 0.8888888888888888 0.48148148148148145 1.3685541442342026
-9.999994999180668e-07 1 0.0 0.5625 0.4583333333333333 1.9190203400199701
-9.999994999180668e-07 1 0.0 0.5112781954887218 0.13533834586466165 2.18918807839575
0.562333144621475 2 0.08089010988089465 0.8608247422680413 0.5274914089347079 1.463741339555938
0.2868339830627061 2 0.15504436176178393 0.4098360655737705 0.47540983606557374 1.8674806780678768
-9.999994999180668e-07 1 0.0 0.6666666666666666 0.45893719806763283 1.7451968737252472
1.0263276332998972 3 0.28162658903066656 0.7153558052434457 0.39658759883478983 1.2476411437758723
1.1269247948151757 4 0.31795093067438335 0.47305389221556887 0.3306719893546241 1.2817570166198782
-9.999994999180668e-07 1 0.0 0.5496894409937888 0.2096273291925466 1.7729283810019776
0.562333144621475 2 0.4044505494044732 0.7942857142857143 0.4819047619047619 1.290254531984169
0.9743117528756828 3 0.5055540432376258 0.494475138121547 0.2863720073664825 1.4652963467052997
0.562333144621475 2 0.2896704005109543 0.7872340425531915 0.4095744680851064 1.465994705029439
-9.999994999180668e-07 1 0.0 0.489010989010989 0.23076923076923078 1.8953031768782527
0.6210843745575724 2 0.17054879793796232 0.9022457067371202 0.5317040951122853 0.8801112744293226
-9.999994999180668e-07 1 0.0 0.9224704336399474 0.662724485326325 1.21218945411435
0.7529716827772219 3 0.364054753801561 0.7489361702127659 0.49267139479905436 1.1653004847863357
-9.999994999180668e-07 1 0.0 0.9097744360902256 0.8145363408521303 1.103141200182737
0.23378965871499252 2 0.08089010988089465 0.6684856753069577 0.32287403365165984 1.3955680534721517
0.43339687329453824 2 0.07828075149763998 0.7813570938999315 0.5857893534384282 1.4863299599925957
-9.999994999180668e-07 1 0.0 0.9862700228832952 0.5148741418764302 1.3641880169333054
0.47413731306119833 2 0.12222998551322388 0.567398119122257 0.38557993730407525 1.4707941290440785
-9.999994999180668e-07 1 0.0 0.7883096366508688 0.5323854660347551 1.2155203285774399
0.8082669580111548 3 0.15222821895910366 0.7361516034985423 0.5466472303206997 1.0758545376793487
-9.999994999180668e-07 1 0.0 0.9148936170212766 0.585379159847245 1.4279370035544012
1.036624968863657 3 0.41401339464931747 0.7705128205128206 0.4388888888888889 1.1956171996319886
-9.999994999180668e-07 1 0.0 0.7817638266068759 0.6776283009466866 1.4634748782239968
-9.999994999180668e-07 1 0.0 0.8013468013468014 0.7861952861952862 1.3611386296889327
0.8647370965378594 3 0.39767508914381744 0.6593707250341997 0.4222526219790242 1.386992202152114
-9.999994999180668e-07 1 0.0 0.7368421052631579 0.5420129270544783 1.756158848788066
-9.999994999180668e-07 1 0.0 0.59375 0.4053030303030303 1.1662585552400728
-9.999994999180668e-07 1 0.0 0.7939068100358423 0.3225806451612903 1.2469356253228199
-9.999994999180668e-07 1 0.0 0.671875 0.4401041666666667 1.394608854737532
0.6869595765993484 2 0.3033379120533549 0.5787234042553191 0.06666666666666667 1.715098992495619
1.2690153349428537 7 0.40972630624482653 0.7958041958041958 0.5977408944213923 1.4006994343340993
0.19144208196874216 2 0.06111499275661194 0.31978021978021975 0.2347985347985348 1.557193845093292
0.9002530512753368 3 0.7304212106036999 0.8038147138964578 0.8474114441416893 0.9033605476751835
0.26176248291638804 2 0.06066758241067098 0.6022364217252396 0.16613418530351437 1.5223842386132835
0.2787673717753808 2 0.07079526592496119 0.29324699352451433 0.09836571076164045 1.7867995219266382
0.9190784579903573 3 0.1213467552537032 0.5948051948051948 0.3424242424242424 1.326733713075281
1.8758956187663267 8 0.39897273599637256 0.6962025316455697 0.48417721518987344 1.0325147983684297
1.321292215332054 5 0.43724218769694073 0.9047619047619048 0.7918022121014964 0.860481212759561
-9.999994999180668e-07 1 0.0 0.43169398907103823 0.15938069216757741 2.2626654287214927
1.4968694172896222 6 0.39372856825806846 0.8481848184818482 0.6776677667766776 1.069715825897515
1.6674559334546282 6 0.4463437575793328 0.7783505154639175 0.3865979381443299 1.3959929126686843
1.2372233951632934 4 0.19415127934522652 0.6868475991649269 0.4199721642310369 1.2941244909649567
0.8246563237743261 3 0.15227093777029813 0.5516811955168119 0.22457451224574512 1.3176428508558025
0.43749195737959196 3 0.0856524024957927 0.5902823374917925 0.36791420442109873 1.2085907886035647
0.4563314323118595 3 0.09461595668641495 0.7570776255707763 0.39844302901627743 1.1714245291206893
1.1737198027477647 5 0.36417933863896285 0.6407129455909943 0.47654784240150094 1.4459368758249862
1.2227753162068027 4 0.33673025172837723 0.7356164383561644 0.39315068493150684 1.4707640560409894
1.0114012647128516 3 0.27437438238307066 0.6890595009596929 0.4705694177863084 1.3554541560156992
1.494280181519839 8 0.3895410706667754 0.7029315960912053 0.5151515151515151 1.3395448294778347
-9.999994999180668e-07 1 0.0 0.8866120218579235 0.7868852459016393 1.0108348293463336
0.9327451967331462 3 0.27591908932413656 0.5148123765635286 0.2879087118718455 1.2666624288115553
1.5155480996117783 6 0.4082003761230014 0.7242718446601941 0.40461583406368684 1.1853166653675804
0.9705439443700208 4 0.16284739485562139 0.644865925441465 0.3307172443863091 1.3832142975892405
0.9470541522889973 3 0.19416253536083256 0.7310252996005326 0.4935641367066134 1.2109939463529669
1.98467273781909 10 0.5224081028070067 0.743410435718128 0.3189887036040882 1.190046414165357
0.9009058732325901 3 0.08321251515464252 0.7110320284697509 0.37841043890865955 1.2740621180290324
1.4552464026281178 5 0.5431020130937961 0.8682795698924731 0.6022052586938084 1.3135142106868993
0.7963086401815129 3 0.2912438030412488 0.8328690807799443 0.754874651810585 0.6679559250579165
0.41011431829249234 2 0.06430408911854109 0.5631768953068592 0.09296028880866426 1.919563312191273
0.8463628296370541 3 0.25470462580433795 0.6157556270096463 0.46141479099678456 1.6735621846332402
0.4011878621912107 2 0.12136331301421918 0.6252945797329144 0.3265252683948678 1.4510682320401684
0.465997256964483 2 0.31857869666232536 0.9187817258883249 0.4077834179357022 1.1682566987352363
0.6774924044507715 2 0.07923270714528317 0.5 0.08403361344537816 1.794684529351788
-9.999994999180668e-07 1 0.0 0.8081081081081081 0.6045045045045045 1.3724419813895234
0.3250809733970037 2 0.1697250257391052 0.7525773195876289 0.422680412371134 1.5825443887400485
0.6931451805619453 2 0.22190254398571468 0.8928571428571429 0.3730886850152905 1.0132249660151742
0.30463409735528807 2 0.037917239006669365 0.8728129205921938 0.7839838492597577 0.632140218752843
-9.999994999180668e-07 1 0.0 0.948051948051948 0.3203463203463203 1.241785341940322
0.37676816126100815 2 0.08089010988089465 0.9843342036553525 0.7493472584856397 0.7458777872492649
1.0600839171034135 4 0.18455643486757878 0.8858988159311088 0.6569788302834589 1.0874734726576918
-9.999994999180668e-07 1 0.0 0.5619174434087882 0.5827785175321794 1.716903051430683
0.21455715518593435 2 0.17970885078258197 0.9274755927475593 0.502556950255695 1.3446238056070623
1.1432712062088137 4 0.09465769082943096 0.7039570102589154 0.6813222602182055 0.9981089121570802
-9.999994999180668e-07 1 0.0 0.7348314606741573 0.5151061173533084 1.4401266636825785
0.47413731306119833 2 0.014019526063813065 0.9140811455847255 0.5530139103554869 1.2264330164660193
0.68531220727849 2 0.08089010988089465 0.8281535648994516 0.623400365630713 1.173293469617115
0.37676816126100815 2 0.03520192347426181 0.7780645161290323 0.3231951871657754 0.9527402367605414
1.0287563337190593 3 0.4778064708215692 0.9436619718309859 0.8779342723004695 0.8328436583697912
1.2566882105705284 5 0.33607121625988007 0.7133757961783439 0.6199575371549894 1.240971906404359
0.9918951086529684 3 0.1519876522438884 0.6061838893409276 0.46270680770273936 1.075159425100935
0.7356189397674613 3 0.41606257577321265 0.8994252873563219 0.6053639846743295 1.1564629244044413
-9.999994999180668e-07 1 0.0 0.8324607329842932 0.7207678883071553 1.0799520473490674
0.6571557614994936 2 0.24213074060851603 0.6955903271692745 0.6116642958748222 1.292774030182821
-9.999994999180668e-07 1 0.0 0.7095709570957096 0.7007700770077008 1.0285472544400296
0.3488300958480944 2 0.08985442539129099 0.5634743875278396 0.14402375649591687 1.7459781138521455
-9.999994999180668e-07 1 0.0 0.696969696969697 0.3939393939393939 1.7679777799920207
1.067483200139145 3 0.07699146893361213 0.6118721461187214 0.3554033485540335 1.3113851659778941
-9.999994999180668e-07 1 0.0 0.7780821917808219 0.5506849315068493 1.4564790769862583
0.4437542842777149 3 0.1556264480910481 0.7726550079491256 0.36142024377318493 1.5314759950960593
1.2022748015760394 4 0.3287743746776959 0.8814691151919867 0.4158745247148289 0.9033753896379039
-9.999994999180668e-07 1 0.0 0.40476190476190477 0.13315696649029982 1.460178861473671
0.5859506183060716 2 0.1137517170200081 0.7654798761609907 0.4001547987616099 1.278555193434695
0.873897414276215 3 0.4398892318148998 0.8213213213213213 0.5505505505505506 1.1522717253826704
0.8675602284882112 3 0.12129494395481248 0.6323713927227101 0.4366373902132999 1.1455710408949276
0.7529716827772218 3 0.16474927723498778 0.47244094488188976 0.18316831683168316 1.1763815940342417
0.562333144621475 2 0.03914037574881999 0.6973333333333334 0.5217777777777778 1.153473715049093
0.47413731306119833 2 0.026520699969324765 0.5372124492557511 0.31889941362201174 1.5841612278085058
-9.999994999180668e-07 1 0.0 0.51284046692607 0.05395590142671855 1.5870754484645755
-9.999994999180668e-07 1 0.0 0.835820895522388 0.6467661691542289 0.8589995131775803
-9.999994999180668e-07 1 0.0 0.6515679442508711 0.3983739837398374 1.2538885902570815
1.0433504269474334 3 0.26361523520525243 0.6612318840579711 0.4281400966183575 1.0939127359099872
-9.999994999180668e-07 1 0.0 0.8333333333333334 0.21722846441947566 1.9244183186382302
0.9832709442526746 3 0.12592622136523504 0.6038062283737025 0.3719723183391003 1.5380907827430226
-9.999994999180668e-07 1 0.0 0.7456021650879567 0.45737483085250336 1.6664748284486157
-9.999994999180668e-07 1 0.0 1.0 0.9287622439893143 0.7766796443501781
0.8792782907650571 3 0.3872425938675842 0.8541202672605791 0.5259836674090571 1.2181956669849956
-9.999994999180668e-07 1 0.0 0.7755474452554745 0.3655717761557178 1.1464399406055472
0.8392665558008312 3 0.2966189626021849 0.7283950617283951 0.5859053497942387 1.000874317489859
0.36220855714026556 2 0.15166895602667746 0.8568627450980392 0.5862745098039216 1.1970741498516944
0.465997256964483 2 0.07583447801333873 0.6860643185298622 0.5451761102603369 1.6103270925632616
-9.999994999180668e-07 1 0.0 0.7255434782608695 0.32065217391304346 1.7767504871953586
-9.999994999180668e-07 1 0.0 0.6884057971014492 0.213768115942029 1.3072323022213017
1.2450128892631818 4 0.19766987415742102 0.5598845598845599 0.37902837902837905 1.2221308386124397
0.7305850613801225 3 0.16272767932421836 0.7037837837837838 0.11243243243243244 1.78433830496782
0.2286298735916434 2 0.0530964494437209 0.6619552414605419 0.17432273262661954 1.3278861630875018
0.6561897920304598 3 0.12092897667298326 0.6527987897125568 0.39208270297528997 1.6690723489271817
0.759782767758782 3 0.0856524024957927 0.7263088137839628 0.44775789706207203 1.1617552341721873
1.230927623059839 4 0.7190974127442827 0.8274582560296846 0.5071090047393365 1.7051021418675616
1.0875626526021456 3 1.1424098290144966 0.7254098360655737 0.5846994535519126 1.0278574807637566
1.1601812440033161 5 0.3071436648563472 0.8104575163398693 0.40631808278867104 1.441411513594624
1.146143431228047 5 0.25443555222048436 0.6526576019777504 0.3672942045035068 1.5443821557097903
0.42532629337715094 2 0.040384072143964556 0.6710182767624021 0.08860974367679511 1.7512171628410425
1.1980966322353543 5 0.11336769428295301 0.4927679158448389 0.2807363576594346 1.3758610303404681
0.5253193195185206 2 0.03914037574881999 0.5808823529411765 0.33578431372549017 1.5521428924964098
0.9428489414676848 4 0.16700068864756415 0.6987854251012146 0.384885290148448 1.406868255323142
0.37676816126100815 2 0.029908322269467873 0.7142857142857143 0.29910714285714285 1.3272692488588642
-9.999994999180668e-07 1 0.0 0.625 0.5687984496124031 1.1961556854625632
0.8318287077376423 3 0.08180343574196289 0.5536959553695955 0.34449093444909346 1.4009192095247147
0.9832709442526746 3 0.5177229748844111 1.0 0.8961605584642234 0.9181018004530472
0.7650441475099639 3 0.29577909392078866 0.7180156657963447 0.6973455178416014 0.7871603473764288
1.9305083614159988 10 0.4952115085492741 0.7736673463443052 0.5880831408775982 0.9155361155392117
0.9505179101341041 5 0.27802451336576306 0.6331877729257642 0.1553398058252427 1.3894841679229044
0.6901836760208161 2 0.2633171804117612 0.6194331983805668 0.17813765182186234 1.2387263451103383
1.536712565694596 5 0.38487402369539686 0.7467889908256881 0.5376146788990825 1.1262499400730042
0.23378965871499252 2 0.03914037574881999 0.8343642611683849 0.5145475372279495 1.356956616383876
0.3364937575888248 2 0.13481684980149108 0.7562929061784897 0.492372234935164 1.0799220343630411
1.2919010073697945 5 0.40998432667096146 0.8045397225725095 0.510718789407314 1.066772569270054
1.4904741581613166 6 0.23395395276722533 0.5519031141868512 0.43141718838929993 1.305525511403557
0.3872103751907689 2 0.07723119919086675 0.6060606060606061 0.2245030954708374 1.5712332370290278
1.0615527793659143 4 0.07276691115625512 0.7588881706528765 0.4374057315233786 1.4388079617136447
0.9916226007554916 4 0.25400536369491533 0.8407039711191335 0.4839049338146811 1.5845643383663723
1.0626772444308374 4 0.22085193930532304 0.5455407969639469 0.30328905755850727 1.265776868899499
0.9136304974858285 3 0.20476540547039834 0.8677524429967427 0.7659066232356134 0.8700219391154542
0.44375428427771485 3 0.18202737690078052 0.6255639097744361 0.25764411027568923 1.22167281870478
0.8305206914932463 3 0.10406479194555783 0.7973856209150327 0.5223916727184701 1.1053873215304724
0.562333144621475 2 0.11327242547993792 0.8210526315789474 0.2761904761904762 1.3234461446014536
0.27063779365032886 3 0.15277632933644292 0.58199121522694 0.5897999023914104 1.0934542886944218
-9.999994999180668e-07 1 0.0 0.6329113924050633 0.3635354208305574 1.943682125317078
0.29543719187841366 2 0.11030469529212907 0.7134146341463414 0.4715447154471545 1.2361696378326308
-9.999994999180668e-07 1 0.0 0.7162790697674418 0.45348837209302323 1.5359249651604965
-9.999994999180668e-07 1 0.0 0.7266187050359713 0.47002398081534774 1.395215326059485
0.23378965871499252 2 0.0936238863686262 0.6702127659574468 0.7335992907801419 1.4299197590001458
-9.999994999180668e-07 1 0.0 1.0 1.0 0.950936929443246
1.3713752397849344 4 0.35082241236697903 0.8410480349344979 0.7149927219796215 1.0331508397936764
0.6779057256561851 3 0.3926038798221818 0.7045751633986929 0.4501089324618736 1.6234664622236887
-9.999994999180668e-07 1 0.0 0.7902869757174393 0.5621780721118469 1.3376677101297956
0.37676816126100815 2 0.08089010988089465 0.36151603498542273 0.12244897959183673 0.9531460772294592
0.8313995205030316 3 0.18212419335323632 0.7809647979139505 0.6760736196319018 1.274707292339477
-9.999994999180668e-07 1 0.0 0.7265625 0.3880208333333333 1.2699369527884234
0.6434895530215068 2 0.07828075149763998 0.9492273730684326 0.7115526122148639 0.7585790767798439
-9.999994999180668e-07 1 0.0 0.3333333333333333 0.4444444444444444 1.4324783161570298
-9.999994999180668e-07 1 0.0 0.7966101694915254 0.6610169491525424 1.0426446029162002
0.5890006049672332 2 0.028546616210194758 0.9182209469153515 0.7398373983739838 0.9056349880064273
1.0283911667196848 3 0.5157237098282386 0.6588072122052705 0.3855755894590846 1.0985398864968723
0.37676816126100815 2 0.05328701692569689 0.8539325842696629 0.7116104868913857 0.8883156482480732
-9.999994999180668e-07 1 0.0 0.8118279569892473 0.6057347670250897 0.9341294751592726
1.560352070144857 5 0.21549318275040397 0.7455470737913485 0.36661698956780925 1.3868623000113187
0.22371607607486488 2 0.05304139993864953 1.0 1.0 0.6503206314411081
0.6884552217913815 2 0.08486623990183924 0.7617379117028732 0.569493109086662 1.4605883156406214
0.562333144621475 2 0.05657749326789283 0.6852861035422343 0.2366030881017257 1.334468236426194
0.2022710018077132 2 0.08039606482378667 0.8948948948948949 0.8148148148148148 1.2041492657749
0.4825755651802941 2 0.13000214737463375 0.6763602251407129 0.4971857410881801 1.7110304750778307
1.3281030514200087 6 0.5087119021952752 0.6 0.5625 1.203984872712181
0.9007408068459015 4 0.12729631046270615 0.6833824975417896 0.11701081612586037 1.8968940697461654
0.5799131714206577 2 0.2182178902359924 0.6818873668188736 0.26839167935058345 1.4410873624876046
1.426439433877866 5 0.34000287127467715 0.6876640419947506 0.4308736217133164 1.1590264729513369
0.8675602284882112 3 0.1219543460433518 0.6622833233711894 0.32894999003785613 1.3666573003436828
1.8310134811420158 7 1.0319000716641251 0.7519788918205804 0.5426160337552742 0.8749238199198448
0.5783222866734843 3 0.2366420396608138 0.6832214765100671 0.3237136465324385 1.267266120728546
1.4359095917422973 6 0.32888504240159094 0.5904897090134847 0.30872959545777146 1.5007641463715882
1.4787629926235142 6 0.2526998696614176 0.5326542840023967 0.2526976652933098 1.2303097503205898
0.7873951574638088 4 0.2761018084835662 0.7269426289034132 0.4538852578068264 1.5166621783232943
1.1884510399991515 7 0.44429954312528464 0.6201298701298701 0.1634199134199134 1.1803872921274325
1.9251116898119351 8 0.38568996418165596 0.8888888888888888 0.7777777777777778 1.3903488578682681
1.1666717567151772 4 0.12862612974046425 0.5010526315789474 0.21701129823065443 1.4790935664745057
1.621450705042498 7 0.274716833227677 0.604355716878403 0.1565906838453915 1.5511790242448822
0.9002530512753368 3 0.23315370927883747 0.8928571428571429 0.6032608695652174 0.8658577477091546
0.9391641219199751 4 0.1456016236624126 0.696577243293247 0.4002466851680543 1.2591763216214495
0.6019209717449048 3 0.0688300221615506 0.8849557522123894 0.8428150021070375 0.5758395709565727
-9.999994999180668e-07 1 0.0 0.9143686502177069 0.4361393323657475 1.6557800950547115
0.8687166829249237 3 0.33915165842509987 0.765625 0.6822916666666666 1.3873279624650772
-9.999994999180668e-07 1 0.0 0.6551724137931034 0.5747126436781609 1.5717837991768207
-9.999994999180668e-07 1 0.0 0.8203592814371258 0.5209580838323353 1.6105864482388559
0.4825755651802941 2 0.0936238863686262 0.7871362940275651 0.6094946401225115 1.4369156246196384
-9.999994999180668e-07 1 0.0 0.22886297376093295 -0.08357628765792031 2.2471469629367333
1.2341063432959554 5 0.5699479020449059 0.6261437908496732 0.20117105813467168 1.2860297724332903
0.465997256964483 2 0.45500686808003243 1.0 1.0 0.20534180126147886
0.9160641370329957 4 0.5307863943667176 0.8767313019390581 0.9178208679593721 1.1577220948217362
1.3164312666220273 4 0.19801440582983168 0.5947775628626693 0.4709864603481625 1.1448047313359824
0.6036352515027463 2 0.212573887849085 0.7904191616766467 0.6377245508982036 1.3835491982924721
1.0608539471628964 3 0.3033379120533549 0.6 0.23286384976525823 1.6158434927130496
-9.999994999180668e-07 1 0.0 0.8033333333333333 0.5744444444444444 1.133352893208781
-9.999994999180668e-07 1 0.0 0.8856209150326797 0.6721132897603486 1.406544803746965
0.9743117528756828 3 0.30146480322189706 0.4897260273972603 0.2779680365296804 0.977125171937545
0.13579195876860908 2 0.026520699969324765 0.8192868719611021 0.5515937331172339 1.5511232841657216
0.8832823412615883 3 0.10083161293284423 0.7061958694203864 0.4843437708194537 1.3413062384012764
-9.999994999180668e-07 1 0.0 0.7106666666666667 0.5973333333333334 1.4641285896170542
-9.999994999180668e-07 1 0.0 0.8141843971631205 0.6278959810874705 1.554126148230434
-9.999994999180668e-07 1 0.0 1.0 1.0 0.6993587371177707
0.714234196328066 3 0.14411013789411115 0.5222602739726028 0.341324200913242 1.2836875345015082
0.6869595765993484 2 0.15166895602667746 0.6098654708520179 0.4110612855007474 1.209405049395666
-9.999994999180668e-07 1 0.0 0.8887530562347188 0.5419722901385493 1.6747283949687035
0.36933112165034665 2 0.026520699969324765 0.363013698630137 0.3072044647387113 1.7474091069677375
0.14999292362543257 2 0.08666797487238712 0.9051029543419875 0.4831393613846613 1.0557857377563733
0.7029159307848437 3 0.24181414358472667 0.8132911392405063 0.5194485475135401 1.022825424006771
-9.999994999180668e-07 1 0.0 0.7755905511811023 0.30183727034120733 1.591031861134177
0.37676816126100815 2 0.08089010988089465 0.43681747269890797 0.1622464898595944 1.2866506959809463
0.5297041990605473 2 0.31824839963189716 0.912 0.36533333333333334 1.7888152916168345
0.6057954993747123 2 0.07583447801333873 0.9064516129032258 0.535483870967742 1.4968498097070488
0.9840835030884701 3 0.16984991874783076 0.6310679611650486 0.37124364308830327 1.2289541559967394
-9.999994999180668e-07 1 0.0 0.6002252252252253 0.4091591591591592 1.4735218083785053
0.33987583044160663 3 0.08543475249910616 0.835023664638269 0.6282961460446247 1.4616929047781115
0.465997256964483 2 0.03734252870020442 0.6498800959232613 0.3012873754152824 1.5610926845742403
0.5004004235413129 2 0.14144373316973208 0.8221512247071352 0.6322328718494853 1.3341640935474173
0.37676816126100815 2 0.1617802197617893 0.9025210084033614 0.646498599439776 0.9495497170570153
0.6019209717449048 3 0.27505264524172723 0.4036697247706422 0.1437308868501529 0.9775480603348424
-9.999994999180668e-07 1 0.0 0.6861989205859677 0.23952711385248007 1.5548598400020597
0.7029159307848437 3 0.18272512532435775 0.7565485362095532 0.4453004622496148 1.1655593349158198
-9.999994999180668e-07 1 0.0 0.6909547738693468 0.3376256281407035 1.640173552406823
0.6730096670113398 2 0.06386061306386419 0.7280385078219013 0.33935018050541516 1.4500543437870355
-9.999994999180668e-07 1 0.0 0.8745980707395499 0.3665594855305466 1.431406699890494
-9.999994999180668e-07 1 0.0 0.9646017699115044 0.5575221238938053 1.2543510597416112
-9.999994999180668e-07 1 0.0 0.9134993446920052 0.4600262123197903 1.2811708816244998
0.5908402462780749 2 0.07137362636549527 0.6913907284768211 0.38675496688741723 1.3154620584962717
0.2787673717753808 2 0.06364688465216445 0.4034034034034034 0.12812812812812813 1.90447558174239
0.5004004235413129 2 0.08881169487616147 0.6890080428954424 0.5513851653261841 0.9077162137153731
0.8832823412615883 3 0.1137517170200081 0.5378378378378378 0.3843843843843844 1.1325777312499894
-9.999994999180668e-07 1 0.0 0.9875259875259875 0.7574497574497574 0.7920722118273457
-9.999994999180668e-07 1 0.0 0.93 0.8333333333333334 0.7451323375728468
0.562333144621475 2 0.17333594974477423 0.7619047619047619 0.5260770975056689 1.2403747872253348
-9.999994999180668e-07 1 0.0 0.3095652173913043 0.004057971014492754 1.0894542403042577
0.23378965871499252 2 0.08089010988089465 0.5607476635514018 0.29698857736240913 1.2367177566141772
0.9922789748584739 3 0.22403369464711448 0.5433526011560693 0.33140655105973027 1.3807960647339839
0.3488300958480944 2 0.3033379120533549 0.7965116279069767 0.3817829457364341 1.232481745809218
0.6890072384786752 2 0.30550504633038933 0.797752808988764 0.4157303370786517 1.3098908342753615
-9.999994999180668e-07 1 0.0 0.6666666666666666 0.16666666666666666 1.6497862457059171
0.23378965871499252 2 0.08089010988089465 0.6758720930232558 0.23982558139534885 1.3413729068684968
0.6236528495704226 2 0.26963369960298217 0.941908713692946 0.6371599815583218 1.0442590412358261
-9.999994999180668e-07 1 0.0 0.49812734082397003 0.19975031210986266 1.341511177515537
-9.999994999180668e-07 1 0.0 0.6293706293706294 0.33766233766233766 2.1600449741000727
-9.999994999180668e-07 1 0.0 0.6293706293706294 0.33766233766233766 2.1600449741000727
0.6931451805619453 2 0.10183501544346311 0.6636363636363637 0.43333333333333335 1.2524400572081753
0.9743117528756828 3 0.13806415027670876 0.5704225352112676 0.5246478873239436 1.4945100014611863
0.6931451805619453 2 0.2182178902359924 0.6946107784431138 0.48902195608782434 1.419639159187544
1.082192530043434 3 0.4705332402471379 0.4791666666666667 0.19642857142857142 1.8594238078988692
-9.999994999180668e-07 1 0.0 0.7754172989377845 0.22812341932220537 1.4384386875288442
-9.999994999180668e-07 1 0.0 0.9852941176470589 0.5424836601307189 1.0042634032073796
0.6615612381601154 2 0.052754419487539984 0.6632962588473206 0.33299629255139873 1.3227513645836746
0.6923449670919647 2 0.07079526592496119 0.7298429319371728 0.387434554973822 1.234636209918531
0.9368853075459159 3 0.3101343703172438 0.6952908587257618 0.43951985226223456 1.6581924236885566
-9.999994999180668e-07 1 0.0 0.8974358974358975 0.4797008547008547 1.7241647259274306
-9.999994999180668e-07 1 0.0 0.6666666666666666 0.26666666666666666 1.4388211314927448
0.6492463548730875 2 0.09547032697824667 0.6464174454828661 0.34371754932502596 1.5693746080223783
1.046627486588326 3 0.12738743906087305 0.6666666666666666 0.20838009726898615 1.650998156542902
1.0608539471628964 3 0.28162758681847316 0.5230352303523035 0.13188798554652212 1.8040376919083725
-9.999994999180668e-07 1 0.0 0.728110599078341 0.2227342549923195 1.7533866904030182
1.5425463174971026 6 0.21530236925250756 0.590347923681257 0.24883387154646575 1.2247308717485736
0.8687166829249237 3 0.18202737690078052 0.780373831775701 0.5456905503634476 0.7083383147203963
0.9718457712424033 3 0.12887587795198827 0.45 0.15 1.3791595072553748
1.2554783251894204 4 0.49028988208708246 0.6957364341085271 0.4405684754521964 1.24358643202178
0.6210843745575724 2 0.08089010988089465 0.44715447154471544 0.11517615176151762 1.510961590024508
-9.999994999180668e-07 1 0.0 1.0 0.8863636363636364 0.6152609615126056
0.30088010447145686 2 0.027773186030035396 0.6237251744498121 0.31222043299337987 1.7938280485670046
0.562333144621475 2 0.05328701692569689 0.6953781512605042 0.3963585434173669 1.1265047731427915
0.7464078392407036 3 0.18384115882021512 0.8350680544435548 0.5246864157993061 1.2605826314274422
1.0609541504576758 4 0.25827182533238074 0.6092896174863388 0.29326047358834245 1.1576827344817326
1.196791013860991 4 0.23732135852247016 0.7762520193861067 0.5183091007000539 1.1221860381210425
0.562333144621475 2 0.11327242547993792 0.45241809672386896 0.2589703588143526 1.305073248883543
0.551077928089714 2 0.05055631867555915 0.795601552393273 0.48253557567917205 1.1552288086836422
0.6682464776666426 2 0.14274725273099054 0.7404479578392622 0.5094422485726834 1.1681920433595783
0.17320320676169862 2 0.10550883897507997 0.9298780487804879 0.8384146341463414 0.6411084818328248
0.6554797739035534 2 0.037917239006669365 0.6745886654478976 0.3284582571602681 1.3128283839577046
-9.999994999180668e-07 1 0.0 0.5706984667802385 0.18057921635434412 1.4813018484446576
-9.999994999180668e-07 1 0.0 0.6543909348441926 0.3182247403210576 1.4438521427407307
0.6365121682970628 2 0.07137362636549527 0.6798365122615804 0.35876475930971846 1.3634837313386643
0.5783002595367717 3 0.04983412508846121 0.6240676280457483 0.36714735620752526 1.1015792002318974
-9.999994999180668e-07 1 0.0 0.633537989255564 0.43297518546942954 1.079575963080406
-9.999994999180668e-07 1 0.0 0.6785079928952042 0.5571343990526939 1.8644069906654541
0.17884291272887004 2 0.11030469529212907 0.6765267175572519 0.568384223918575 1.142935905152262
-9.999994999180668e-07 1 0.0 0.8699861687413555 0.6454587367450438 0.8616115880938289
0.7866982379284644 3 0.2517486208740852 0.5587878787878788 0.05131313131313131 1.1729822331765105
0.553856229495151 2 0.10619289888744178 0.9009976976208749 0.8848810437452034 0.6753557131832253
0.6615612381601154 2 0.08089010988089465 0.6457765667574932 0.40417801998183467 1.341877371517453
0.6730096670113398 2 0.044666442053599605 0.5564516129032258 0.45268817204301076 1.8069693768332469
1.0422913457208214 3 0.20342923818947792 0.6809552969993876 0.48336395182690345 0.9734768705752724
0.6429104396680201 2 0.14274725273099054 0.7818181818181819 0.7097288676236044 0.8743438670531662
-9.999994999180668e-07 1 0.0 0.6195652173913043 0.19685990338164253 1.2230165176929566
-9.999994999180668e-07 1 0.0 0.5392022008253095 0.32966529115084825 1.6872578958756326
-9.999994999180668e-07 1 0.0 0.7149837133550488 0.2725298588490771 1.840764614689745
-9.999994999180668e-07 1 0.0 0.875 0.5917874396135265 0.9338321640524082
0.37676816126100815 2 0.11327242547993792 0.6248012718600954 0.2972972972972973 1.1887119900168406
-9.999994999180668e-07 1 0.0 0.9582577132486388 0.4960677555958863 1.0558734005251993
-9.999994999180668e-07 1 0.0 0.931640625 0.8046875 1.2167642144900273
0.4637244398228734 2 0.031111580723421017 0.6648745519713262 0.38092393468737556 1.1829179971256871
0.37676816126100815 2 0.052754419487539984 0.5441176470588235 0.19477124183006536 1.3124191650720132
0.4825755651802941 2 0.08089010988089465 0.6431852986217458 0.4655436447166922 1.2167404916621192
0.6554797739035534 2 0.037917239006669365 0.7876182287188306 0.652909143020923 0.996646697277066
-9.999994999180668e-07 1 0.0 0.8085539714867617 0.7135098438560761 0.9580780475807358
0.8246563237743261 3 0.15227093777029813 0.8387096774193549 0.7142857142857143 0.9481723763874323
-9.999994999180668e-07 1 0.0 0.7441048034934498 0.6311499272197962 1.6642571544891824
0.6076914238733546 2 0.046667371085131526 0.7341888175985335 0.4295753131683471 1.1529154499956484
-9.999994999180668e-07 1 0.0 0.7341772151898734 0.41824894514767935 1.6050794670830513
0.5402021423916775 2 0.1272937693043289 0.7293497363796133 0.38195664909197424 1.3766470070037589
-9.999994999180668e-07 1 0.0 0.7898550724637681 0.4867149758454106 1.0918095344166114
0.6615612381601154 2 0.24267032964268392 0.8640915593705293 0.6242250834525512 0.9246674585883284
0.6581079875452631 2 0.06740842490074554 0.9432624113475178 0.8100866824271079 0.9330388332873315
1.7815133934053309 7 0.42491466779366593 0.8419388830347735 0.5419689119170984 1.1283227411192345
0.9562333310924072 4 0.32995846872807644 0.6996966632962589 0.5193798449612403 1.0608985205941086
-9.999994999180668e-07 1 0.0 0.9179743223965763 0.5924869234427009 1.417374150040346
0.16794214774719357 2 0.03536093329243302 1.0 0.7256455399061033 1.2508410440681452
1.0609412407956471 3 0.10360595233248719 0.7991666666666667 0.52 1.321456543480501
0.5253193195185206 2 0.05480923813545383 0.4954188481675393 0.4360820244328098 0.801792422093457
0.2868339830627061 2 0.2204736198825271 0.6746835443037975 0.6151898734177215 1.3357888744381932
0.5004004235413129 2 0.052821804763522114 0.4511986301369863 0.17323059360730594 1.5361276698541393
1.64736809528069 7 0.639957801658067 0.8277551020408164 0.6683687180865359 1.0216522080277732
1.1995913573150352 4 0.3383128011898061 0.8412408759124088 0.6818734793187348 0.8941224965601685
1.711900847382372 7 0.4319269745349173 0.7110754414125201 0.4331864904552129 1.167555771457699
1.0986092886726095 3 0.5464814217566349 0.8110236220472441 0.6115485564304461 1.1991901462363688
0.8515812539321699 3 0.24538891294823947 0.7915343915343915 0.4828924162257496 1.4559132807205089
0.85177632901165 5 0.16407913715318695 0.5185856754306437 0.39724992444847385 1.4315871883510625
0.6365121682970628 2 0.11030469529212907 0.5834862385321101 0.3033639143730887 1.5521707635242012
1.236473074597035 4 0.3551438363647949 0.7653194263363755 0.4002361275088548 1.5267325395282823
-9.999994999180668e-07 1 0.0 0.6917344173441734 0.3407859078590786 1.6023278026437175
1.0433504269474334 3 0.19416253536083256 0.7490196078431373 0.5555555555555556 1.1628107342460183
-9.999994999180668e-07 1 0.0 0.5626740947075209 0.3206824512534819 1.5343542509798132
0.6779057256561851 3 0.24398205389514288 0.9433962264150944 0.7304582210242587 1.1031938656441949
0.9554431414136643 4 0.27749770387902717 0.671875 0.5833333333333334 0.8458983652155707
0.23378965871499252 2 0.051631985030358284 0.6014760147601476 0.25313653136531367 1.6958768376735955
1.7170699802191485 6 0.5142724785907175 0.6808219178082192 0.3771689497716895 1.4724821425104584
1.2025448641354402 4 0.21566501099706026 0.7450787401574803 0.43471128608923887 1.3737061680359597
-9.999994999180668e-07 1 0.0 0.8784530386740331 0.8784530386740331 0.5649207721972151
1.6768214042482794 6 0.5699988846066607 0.7706964520367937 0.520586946999562 1.2519424389148173
0.8486825577339171 3 0.15437053219475766 0.901863354037267 0.7394665635871666 0.5737896088131791
0.4825755651802941 2 0.20367003088692623 0.9445196211096076 0.7198917456021651 1.099486150928457
0.6210843745575724 2 0.3398172764398138 0.6291208791208791 0.3836996336996337 1.4674594958606628
0.37676816126100815 2 0.08089010988089465 0.9240162822252375 0.7946630483943917 0.8111725813605019
-9.999994999180668e-07 1 0.0 0.8616751269035533 0.6044839255499154 1.4054319618878843
-9.999994999180668e-07 1 0.0 0.8579017264276229 0.5931828242585214 0.9915194813626999
1.0733912812858932 3 0.3295190440065655 0.6971235194585449 0.5425831923293852 1.2024193314590468
-9.999994999180668e-07 1 0.0 0.594704684317719 0.0658520027155465 1.1877239774879629
0.6931451805619453 2 0.10183501544346311 0.7411764705882353 0.4777777777777778 1.268222293146475
0.5455925739719631 2 0.07583447801333873 0.6708507670850767 0.4411901441190144 1.2230679343828765
0.5982675885877072 2 0.2022252747022366 0.7848484848484848 0.5828282828282828 1.161220847014241
1.2320550867797273 5 0.13904118699978515 0.7368421052631579 0.5087719298245614 1.7047963817308556
0.8045022710705991 5 0.5373194247636705 0.7396257119609438 0.510442093843233 1.3758641740291002
1.0314577663050069 5 0.2667722660412635 0.7364985163204748 0.3960435212660732 1.5565469037337785
0.5660827389722287 3 0.4748059889165374 0.6666666666666666 0.4444444444444444 1.3754627916220945
1.3760502852808336 5 0.4153438941725183 0.0 -0.3333333333333333 2.5043799069381367
0.5004004235413129 2 0.26963369960298217 0.6962025316455697 0.27848101265822783 1.727715467435564
2.1127742887772145 11 0.8565867080117902 0.8 0.5666666666666667 1.461004233964073
1.492146003349503 7 0.7990572666769655 0.7 0.4 1.159369630441518
1.42080769818898 6 0.4526069124372384 0.9419953596287703 0.7700617283950617 1.1310235960085806
1.9850451879443647 8 0.7115546204662127 1.0 0.6842105263157895 2.1252189953469065
0.9828436107458007 4 0.3845519274531825 0.7391304347826086 0.5217391304347826 1.0621910079888948
1.5918588506508866 8 0.5606494715820579 0.41304347826086957 0.2805755395683453 1.353977151801447
