-9.999994999180668e-07 1 0.0 0.83008356545961 0.4373259052924791 1.17814531534466
0.8246563237743261 3 0.5392673992059644 0.837573385518591 0.6653620352250489 0.8741670425383922
1.0369898685319887 4 0.5049634464478733 0.9024725274725275 0.7541208791208791 0.8075456706523629
1.0795265733301893 3 0.8359958270026717 0.7161172161172161 0.49206349206349204 0.9236930287635171
1.0397177708449181 3 1.0054611012911996 0.9305135951661632 0.6717019133937563 0.9326697040799411
0.37676816126100815 2 0.17333594974477423 0.8064516129032258 0.7419354838709677 0.7887407062684947
0.562333144621475 2 0.3235604395235786 0.8028846153846154 0.5576923076923077 1.2275851598089942
1.2240643380200316 4 0.6104543890713016 0.8418891170431212 0.6208076659822039 0.9165593252673985
1.6015441256583425 9 0.4663900029097107 0.8597785977859779 0.7644526445264452 0.9532541970764286
1.6465534339993027 7 0.7857123157046028 0.8941580756013746 0.6554410080183276 1.0559905013690283
1.1707999338016952 5 0.48865795153052827 0.9475862068965517 0.8974712643678161 0.9408218114296033
1.0419096806168167 4 0.5118859889234603 0.8746736292428199 0.7341166231505657 0.9136206495998447
1.385355377807034 5 0.6073634930720978 0.8954703832752613 0.5930616740088106 0.8607298080650962
0.9354327742433544 3 0.4853652889541355 0.8599683544303798 0.5461497890295358 1.2788822197905796
1.368684637644648 5 0.7409938051427946 0.8549511854951185 0.5468041237113402 1.1846671332453815
1.2324012234793285 4 0.5949564169735218 0.8767361111111112 0.6458333333333334 1.2995789643339912
1.1246662892518389 4 0.49818958091525484 0.8464849354375896 0.6054519368723099 1.0525581509421822
1.7283271148770387 8 0.43206900240682544 0.810126582278481 0.5653710247349824 1.1002336211315673
1.0947772260124813 3 0.6957600315624356 0.9445300462249615 0.6332819722650231 1.1156372537744874
1.123133987341293 5 0.23950656963170136 0.96875 0.8125 0.9069160230758514
0.6704756487994897 2 0.6066758241067098 0.8454706927175843 0.5615748963883955 1.3213371035449974
1.2148856539607453 4 0.77720268444137 0.884393063583815 0.720616570327553 1.2524731672008598
1.4012716486656107 5 0.8645673513844493 0.8451704545454546 0.6013257575757576 1.1781346401691166
0.4825755651802941 2 0.4853406592853679 0.892 0.6608888888888889 0.8753631465876311
1.2554783251894204 4 0.9964456510130647 0.8429054054054054 0.4966216216216216 1.0752532047889087
0.6931451805619453 2 0.5600084530215784 0.7727272727272727 0.5757575757575758 1.0676379032596541
0.9002530512753368 3 0.5200078492343227 0.8243243243243243 0.6156156156156156 0.9721947530075716
0.5783222866734842 3 0.45500686808003243 0.7612612612612613 0.7192192192192193 0.8885390477521354
0.9470541522889971 3 0.5501052904834544 0.8697247706422019 0.7211009174311926 1.031638399272443
1.0751353240202304 4 0.7499834339172302 0.850253807106599 0.6328257191201354 1.0704317642170302
1.0947772260124813 3 0.9708126768041628 0.9721254355400697 0.6440185830429733 1.123308861314249
1.5792261346534844 7 0.9856266495327887 0.8098918083462133 0.3806158505805149 1.2215608159024152
0.8647370965378594 3 0.3880901928333606 0.9226594301221167 0.819538670284939 0.8688722359643891
1.6339059848840853 6 0.816725457416894 0.8536585365853658 0.6910569105691057 0.9194399911897903
1.4609629728806812 6 0.8511831863632523 0.8948233360723089 0.5042454122158313 1.2092384002739611
1.4941701383046417 5 0.7727240117621038 0.9227941176470589 0.5330882352941176 1.0469527775986864
1.2342409455896624 4 0.7941469274836357 0.8488700564971752 0.6596045197740112 0.9622318259435914
1.2234277811652974 6 0.7181648881467372 0.8414766558089034 0.7079261672095548 1.2053940793667663
1.1034289096530807 4 0.5528371596727666 0.8389513108614233 0.44069912609238454 1.455402275694301
0.9002530512753368 3 0.609771730216759 0.6741573033707865 0.32209737827715357 1.5059492781577515
0.9596117939179063 3 0.5188596026241443 0.8095238095238095 0.42210464432686656 1.1748714694008857
1.6347529244680106 6 0.6504479100875892 1.0 0.8888888888888888 0.9796652553453091
0.9470541522889973 3 0.6633777159633923 0 0 0
1.0549171679911442 3 0.5229463650003884 0.7919254658385093 0.5766045548654244 1.071450797070399
1.090595473795032 4 0.9197986826789449 0.8516377649325626 0.6673089274245344 0.9964063930360788
-9.999994999180668e-07 1 0.0 0.8741258741258742 0.41025641025641024 1.243038426632492
0.9743117528756828 3 0.41606257577321265 0.9575971731448764 0.8103651354534747 0.6837787587993498
1.2440116958164495 5 0.7503434149393892 0.8883572567783095 0.8118022328548644 0.7056468030373922
0.7356189397674613 3 0.36960625401409347 0.75 0.5623931623931624 1.2939556357035304
1.0397177708449181 3 0.8736657300070331 0.7213675213675214 0.5954415954415955 0.9449039458492057
1.0947772260124813 3 0.4368328650035165 0.9360568383658969 0.7584369449378331 1.0568736533087133
1.4609045325797707 6 0.4572396952500252 0.9045884923525127 0.6580105633802817 1.0451214254995673
0.8548022849731731 4 0.46471994892644425 0.8282988871224165 0.6497085320614733 1.3767354806367211
1.0266616320561806 6 0.6025681418705443 0.786331500392773 0.5763288819062582 1.1310811782144101
0.9941051664523205 4 0.5541267652356081 0.9091778202676865 0.6749521988527725 1.050680876033751
1.0805800221630848 4 0.497404628315307 0.9031674208144796 0.8024132730015083 0.8143182639531342
1.4902516517169602 7 0.7557778700744212 0.9323308270676691 0.715359828141783 0.9129267949109722
1.3191293680635037 4 0.46725439219260617 0.9820359281437125 0.5792452830188679 1.0057297847485782
1.0338618422773171 6 0.40543390637832766 0.8388278388278388 0.5761488796050133 1.031479059777313
1.2996459635728974 5 0.8517477410248201 0.7306002928257687 0.4797462176671547 1.1208639322918537
1.401271648665611 5 0.778030188964546 0.8193548387096774 0.621505376344086 0.9070671907298644
0.7356189397674613 3 0.2959573465683808 0.8674188998589563 0.8124118476727785 1.0603837592417795
0.562333144621475 2 0.34667189948954846 0.8706199460916442 0.7196765498652291 0.8219529629797917
1.1491483765482018 4 0.8917011793139809 0.905693950177936 0.6880189798339265 1.0666159014887493
0.20619005064325946 2 0.13481684980149108 0.8089171974522293 0.6246284501061571 1.4763517822543746
1.6259227080687382 6 0.5160805735193879 0.8867069486404834 0.5735146022155085 1.5385005526285542
1.5516771707369177 8 0.7195385236576649 0.8539325842696629 0.6293804317353519 1.2612163503303315
0.6615612381601154 2 0.4853406592853679 0.934640522875817 0.6802832244008714 1.132181693948779
1.89595885540029 10 0.5083421282471726 0.9927963326784545 0.795978835978836 0.88865164303219
0.7335377487880319 4 0.39449632654800554 0.8905380333951762 0.6388373531230674 1.6256288030258226
1.4479821141159102 5 0.8324290611966059 0.758988015978695 0.4545051043053706 1.3288796286489195
1.162695833512044 4 0.6856429791218608 0.9034907597535934 0.7693360711841205 0.8090015158622723
1.2112425729810372 4 0.7371987419417065 0.7626886145404664 0.5614997713763146 0.9845671117866337
0.23378965871499252 2 0.1617802197617893 0.979557069846678 0.7632027257240205 0.6948739102385408
1.023925799644203 3 0.9545558398879278 0.8680781758957655 0.6878393051031487 1.1661878786314799
1.4258173501580123 6 0.6949034785208638 1.0 0.8540575916230366 0.8989672722121114
1.418297684427168 6 0.8402780997517227 0.7136563876651982 0.35291238374938816 1.2638160121871305
1.440228749736266 6 0.6436285832947433 0.7922971114167813 0.765814266487214 1.3335792773708386
1.442776312207918 7 0.5597953753316975 0.9136029411764706 0.7438725490196079 1.3006943915303535
1.0699204569658693 4 0.5587665173321629 0.8369641602248771 0.6380885453267744 1.0566116843611204
0.9950239901849212 3 0.5157237098282386 0.875 0.625 1.0800615057618124
0.9950239901849212 3 0.5157237098282386 0.8143236074270557 0.5225464190981433 1.3249220692123722
1.16475044285961 4 0.8664051770846425 0.8269109286165508 0.6470835965466414 0.9162410861813233
1.1439035464699179 4 0.5130465988227684 0.9244755244755245 0.706060606060606 1.0588130831459541
1.251151983376565 4 0.8008453191121797 0.8960396039603961 0.6336633663366337 1.3339622336408026
0.9470541522889973 3 0.4368328650035166 0.9275956284153005 0.7308743169398907 0.910055935309958
1.3917347695399336 5 0.6507068653729549 0.7782258064516129 0.538031800601633 0.9453137728063062
1.2227753162068027 4 0.6549488362622612 0.6678321678321678 0.3706293706293706 1.4146329396877317
1.725872917788998 9 0.6173997694457325 0.9246861924686193 0.6771505936263279 0.915887086591936
1.636160973147028 8 0.470403741307123 1.0 0.7875 0.800417552485314
1.4956097802044472 6 1.0038254566461993 0.8503480278422274 0.6446249033255994 0.9731587490334341
1.1300406846602722 5 0.5001094556710123 0.9110957960027567 0.7900298644612911 1.0888712322979393
0.6019209717449048 3 0.4368328650035165 0.8875 0.7776041666666667 0.7162987177213616
1.7662150653919013 8 0.6372239825281092 0.8217142857142857 0.5847619047619048 1.1505735496430376
1.584035336822181 6 0.6174968128812024 0.8972267536704731 0.587547580206634 1.1938218891379104
1.6307931046103765 6 0.9704427167856872 0.8671726755218216 0.6970271979759646 1.0029036033065155
1.1083790367981465 4 0.9213253169091137 0.7222659323367427 0.5921846315237346 1.104628495210731
1.0433504269474334 3 0.6633777159633923 0.7430025445292621 0.5216284987277354 1.1767261917036376
1.353586352154273 5 0.6625625335795575 1.0 0.8660037878787878 1.132604097168035
0.8313995205030316 3 0.6543704345286387 0.8487394957983193 0.7408963585434174 1.0502545413342643
1.5419704327906343 6 0.4373960992642798 1.0 0.9189765458422174 1.151324712132714
1.0368233468392005 3 0.7888263493513281 0.6968641114982579 0.3722415795586527 1.2601386144358493
1.121781313586954 4 0.5686550107567453 0.776056338028169 0.38403755868544603 1.2186310521781747
1.4226250262260236 5 0.6076972041957518 0.8379501385041551 0.5715604801477377 1.0676635099768335
1.7031378411906954 8 0.541091879710073 0.9057161629434954 0.7723233636757694 1.118418153730776
0.9507449270676422 4 0.5419181525532608 0.8840579710144928 0.6097691894793345 1.0457301175701517
1.0609541504576758 4 1.0193204710860142 0.7686453576864536 0.44647387113140535 1.25408416487626
0.562333144621475 2 0.5200078492343227 0.9363957597173145 0.5889281507656066 1.1056422933304024
0.7029159307848437 3 0.5012451793691463 0.873850197109067 0.6434515987735436 1.4036034327481637
1.0608539471628964 3 0.7281095076031221 0.9338235294117647 0.6041666666666666 1.199430847530824
0.5297041990605473 2 0.3033379120533549 0.856 0.7293333333333333 0.919809799800079
0.7774591319216559 3 0.4227414822614676 0.8855855855855855 0.6702702702702703 1.0993037173283218
1.6020499154853929 6 1.0481299716595411 0.8055172413793104 0.44809191629052114 1.2825782817870806
0.8647370965378594 3 0.3635310816640169 0.8549141965678627 0.48049921996879874 1.5758350937911025
0.8548022849731731 4 0.4378761762395944 0.757085020242915 0.5002249212775528 1.5158888950232272
0.562333144621475 2 0.4044505494044732 0.927710843373494 0.6164658634538153 1.1290926314626646
1.0123278391088069 3 1.0314474196564771 0.7513513513513513 0.5243243243243243 1.3617127893423138
1.1786499963652082 5 0.541831442441354 0.8952879581151832 0.7388016288539849 0.8657276572835477
1.2123098802805643 4 0.5609438891311306 1.0 0.8966450216450217 0.8520489098706487
1.6298757583889896 7 0.847699893122845 0.8997722095671982 0.6813464945583396 0.9427955052473932
0.5783222866734842 3 0.4095308109407967 0.9085714285714286 0.5917460317460318 1.0465988877682022
0.4852115648711892 4 0.21910967858310454 0.8959746720940751 0.7815468113975577 1.233241278555356
0.6615612381601154 2 0.12123748557405607 0.8708791208791209 0.7847985347985348 0.8604747607722554
0.7356189397674613 3 0.3394553758100485 0.8619718309859155 0.37652582159624415 1.2652049105447034
1.0735388464213231 4 0.6542644542978836 0.8743455497382199 0.6649214659685864 1.111072710853728
1.6800396294376752 7 0.5852667383639594 0.9661495063469676 0.7806896551724138 0.9085656101731682
1.1150619841118241 4 1.180044603446041 0.9470588235294117 0.7333333333333333 0.7739510686365653
1.0361957848245087 3 0.3640054944640259 0.9067796610169492 0.6299435028248588 1.166520503152611
1.082192530043434 3 1.0517027866850575 0.9485294117647058 0.7166666666666667 0.9483431172638259
1.0799083572111408 3 0.7281095076031221 0.8826687116564417 0.6111963190184049 1.0322677301120824
0.6931451805619453 2 0.4853406592853679 0.8132231404958677 0.5008264462809917 1.325354952003555
1.118535595669438 5 0.664125337734992 0.8365817091454273 0.56071964017991 1.183945938584816
1.0027369544028228 3 0.9977246209860022 0.8888888888888888 0.6296296296296297 1.1752611410210667
1.645910830043959 6 0.8032500092312164 0.96875 0.8333333333333334 1.0366318801916197
0.887691275807461 3 0.5619260184297041 0.7669172932330827 0.48120300751879697 1.4031818200034218
1.2342409455896624 4 0.5038223788839538 0.8814432989690721 0.6632302405498282 0.9847751363786218
1.4734973850981485 5 0.7785446687752782 0.6065573770491803 0.4098360655737705 2.680984394898081
0.562333144621475 2 0.5091750772173156 0.7391304347826086 0.5314009661835749 1.2373497449668796
1.644066795860467 6 0.8541867577373201 0.8963795255930087 0.6878901373283396 1.3260965823947302
1.2307118425933459 5 0.6787332235364572 0.7485029940119761 0.5099800399201597 1.2586525062857772
1.3862903611278907 4 0.6510748849090587 0.7267080745341615 0.35299003322259137 1.182941974921019
0.562333144621475 2 0.4044505494044732 0.7942857142857143 0.4819047619047619 1.290254531984169
0.6615612381601154 2 0.24247497114811215 0.585635359116022 0.31952117863720075 1.2438615541404292
0.7356189397674613 3 0.6150253650533669 0.6382978723404256 0.524822695035461 1.4946101826400018
1.14905569698277 4 0.7607711663507497 0.6153846153846154 0.42032967032967034 1.6803438622398346
1.0717270941171957 3 0.27505264524172723 0.8243064729194187 0.7824746807573756 0.64124845597888
0.562333144621475 2 0.2664350846284844 0.9224704336399474 0.662724485326325 1.4057775067762255
1.0910020110154024 4 0.8873438064292133 0.798581560283688 0.5763593380614658 1.0833602508398457
0.6365121682970628 2 0.29065645595834666 0.9398496240601504 0.8345864661654135 1.2069855432811987
0.6019209717449048 3 0.2200853964424304 0.8362892223738063 0.5581699346405229 1.0570569022071936
1.251151983376565 4 0.3963547296844125 0.9191226867717615 0.7534841215444368 1.2643176757987744
0.37676816126100815 2 0.22630997307157133 0.8924485125858124 0.7353165522501907 1.3138744757187322
1.3421091789231085 4 0.4560405683316334 0.7460815047021944 0.799373040752351 1.4214682899882483
0.4437542842777149 3 0.32579425820764757 0.8451816745655608 0.5576619273301737 1.1879309105440463
1.4811122559753833 5 0.5384710773242075 0.8571428571428571 0.6205053449951409 1.0140162324097213
0.4634105588430012 3 0.16315152711928657 0.9148936170212766 0.585379159847245 1.3969579475310356
1.0893066789604156 3 0.5281880159693876 0.7730769230769231 0.5452991452991452 1.1818251668332573
1.0408358374387054 4 0.6132149784851042 0.8430493273542601 0.6786248131539612 1.3821561364425028
0.562333144621475 2 0.3055050463303894 0.8367003367003367 0.7222222222222222 1.0227832268293509
1.2130035659909044 4 0.5517321096480821 0.759233926128591 0.6247150022799818 1.2911540165715334
0.6931451805619453 2 0.22837292968155806 0.8836565096952909 0.6398891966759003 1.6541363362702681
0.562333144621475 2 0.7281798780853153 0.84375 0.5321969696969697 0.9219950265084425
1.0710138890401815 4 0.5352117683118336 0.8566308243727598 0.38291517323775387 1.1780364804159615
1.3130055920611063 5 0.6394627816375473 1.0 0.8619791666666666 0.8984032819770437
0.6869595765993484 2 0.3033379120533549 0.825531914893617 0.44680851063829785 1.293494226256595
1.964523630727362 9 0.8992912933484282 0.8853146853146853 0.7536130536130536 1.134589271828211
1.4306776117197093 5 0.6162545892979471 0.8 0.5534798534798535 1.0934164047628305
1.3208843431586557 4 0.8013144059574157 0.9346049046321526 0.8474114441416893 0.45784943762593633
1.0192087445647657 4 0.6793106882722972 0.8982960596379127 0.6971955981540646 0.8591199138221689
1.397541088256153 5 0.7786537642534297 0.973172987974098 0.89300030835646 0.6273090333750321
1.2043832038455913 5 0.6898675325526258 0.8681818181818182 0.6227272727272727 1.016118587699817
1.8563794137264398 10 0.5730324275445028 0.6455696202531646 0.27254707631318137 1.1174796015012038
1.4741757409091691 7 0.6792264075154072 0.9761904761904762 0.951058201058201 0.8906318938800523
1.2996459635728974 5 0.5571325577761586 0.7185792349726776 0.3542805100182149 1.683425531128958
1.7353086958374733 7 0.7685218481174652 0.8778877887788779 0.6886688668866887 1.146653326640033
1.9600871351652251 8 0.7531635928734438 0.6958762886597938 0.4255663430420712 1.2502334387890617
1.5902973924015074 7 0.9390737036641659 0.837160751565762 0.47056810403832994 1.1961459439756932
1.690765838229778 6 0.7640079328056318 0.8580323785803238 0.49552452559971355 1.2384832569107411
1.1622215449425874 4 0.9525107620384283 0.9369665134602758 0.7222586999343401 0.9359767042785514
1.1846860598798374 5 0.5991008547932306 0.8867579908675799 0.7595129375951294 0.7868924751231936
1.563611091866733 9 0.6863553494574719 0.8302063789868668 0.6313320825515948 1.2239875978995713
1.9600871351652251 8 0.9247064234231399 0.8986301369863013 0.5785388127853881 1.2735541348275903
1.5312586501628103 6 0.5951887424202684 0.9884836852207294 0.7930262316058861 0.9063203531251796
1.8352827317660299 11 0.7472957433153011 0.867100977198697 0.7292069632495164 1.1107402599903522
0.23378965871499252 2 0.11315498653578566 0.8866120218579235 0.8306010928961749 0.7399766299298174
1.5280610964047554 6 0.7710631646571507 0.913100724160632 0.6998025016458196 1.0584655096715
1.7460112737800086 6 0.6115370346049078 0.9116504854368932 0.672168284789644 1.1510386277915412
1.3625370497162015 6 0.5718484480440369 0.9018966644865926 0.750817527795945 0.7675938743086542
0.9840835030884701 3 0.6309954003643491 0.7736351531291611 0.5486018641810919 1.1238713599886123
2.2300786078149373 13 0.812102729103108 0.7708445400753093 0.4726555495786265 1.1564505039259367
1.1858163126434924 4 0.36746691959145966 0.8540925266903915 0.5848161328588375 1.1412562158874875
1.8531450065697461 7 0.7730514082132479 0.8951612903225806 0.7135603345280764 1.0618576837400762
0.9121548139354526 4 0.33367692299216845 0.9665738161559888 0.9665738161559888 0.45647461419035557
0.6365121682970628 2 0.3398172764398137 0.8267148014440433 0.6365824308062575 0.8394704729126014
1.236473074597035 4 0.6226457381115269 0.7315112540192926 0.6152197213290461 1.5470136128576348
1.2806078385094637 5 0.7351985505482819 0.9073055773762765 0.6606441476826395 0.8633327672593697
1.3197259215281616 4 0.8302897949587398 0.8189509306260575 0.4517766497461929 1.3000021492203357
0.5783222866734842 3 0.2577517559039765 0.5504201680672269 0.35014005602240894 1.943090025468121
0.37676816126100815 2 0.2182178902359924 0.8405405405405405 0.6693693693693694 1.2722479360659422
0.6390288596608019 3 0.29085666041586805 0.8608247422680413 0.5670103092783505 1.3871554992234112
1.0986092886726095 3 0.6206889355456923 0.9214285714285714 0.5869047619047619 1.0922208935304276
0.917828205453311 4 0.5314841464171981 0.9535666218034994 0.8113503813369224 0.775384045106443
0.37676816126100815 2 0.3430025306697317 0.948051948051948 0.3525773195876289 1.2417853419403226
1.3547064187264608 4 0.6390650993503904 0.9073107049608355 0.7145343777197564 1.036183804314247
1.1844758168088838 4 0.4141752219722286 0.9095801937567277 0.7369931826336562 1.0575909932420637
1.1034289096530807 4 0.27976188048056877 0.6551264980026631 0.5428103236378533 1.7308886790131153
0.9779212266416395 4 0.995483527613136 0.9358437935843794 0.7898651789865179 0.9971537814535082
1.1492792410488866 6 0.4160954238619819 0.9125549584758182 0.8700537371763556 0.677868507516606
0.7321868209855154 4 0.27186076205109394 0.7700374531835206 0.549063670411985 1.4482824127001652
1.3337496063301868 6 0.6499880309853718 0.9128878281622912 0.8770883054892601 0.6808220787405483
1.526871147318259 7 0.6912603226363427 0.8720292504570384 0.6676401869158879 1.0412850779429892
0.9987735091959307 5 0.4595651920303365 0.7651612903225806 0.7247311827956989 0.9511927513587773
1.3811415684782689 4 0.5685082996291374 0.9929577464788732 0.8943661971830986 0.7706453503359434
1.1539005258316553 4 0.6827493537690865 0.9012738853503185 0.7223991507430998 1.0988213863717309
0.8808406026697202 3 0.5067875184921001 0.8852725793327909 0.7773257390832655 0.8088477919684387
1.082192530043434 3 0.8321251515464253 0.8994252873563219 0.7231800766283525 0.856683701059864
0.68531220727849 2 0.11315498653578566 0.8324607329842932 0.7207678883071553 0.9408126127392484
1.400825748141539 6 0.48561069821999153 0.9132290184921764 0.847321005215742 0.9434213215667422
0.9950239901849212 3 0.9422014106187051 0.8003300330033003 0.6881188118811881 0.9662359055386247
0.6837359058583963 3 0.5425322838366538 0.7149220489977728 0.5055679287305123 1.2682015674564486
1.1803005570082867 4 0.7855588255806253 0.8787878787878788 0.6363636363636364 1.2237437888344527
1.347685633265592 6 0.8413748333870859 0.8919330289193302 0.6275710088148874 1.10755933443787
1.2129956613657853 4 0.5140749323205935 0.8849315068493151 0.7397260273972602 1.3098773812513738
1.8746337405647933 7 0.9361290724564927 0.9618441971383148 0.6004239533651299 1.1426299511829683
1.2530422261228122 4 0.5992039098515343 0.9031719532554258 0.5464663327768503 0.7542110783588665
0.9950239901849212 3 0.7127586239840089 0.8465608465608465 0.5670194003527337 1.213749827906006
0.9581242171585775 3 0.48536528895413555 0.8955108359133127 0.6586687306501547 1.1030130796112647
1.2324012234793285 4 0.9741288070402155 0.9459459459459459 0.6706706706706707 0.9341419264616473
0.8486825577339171 3 0.8564835163859436 0.8644918444165621 0.7457130907570054 0.8562413651060493
2.282363376232915 11 0.8223952343493727 0.7795275590551181 0.5145631067961165 1.0544399566634377
0.5385539462748679 3 0.18394511810724445 0.808 0.6290726817042607 1.0530377084295406
1.4968694172896224 6 0.7504563729113786 0.8484438430311232 0.613892647722147 1.1971585904111572
1.4115752316990777 6 0.6960056627327635 0.8342412451361868 0.5751985652062516 1.5638427175108716
0.9302968331909088 3 0.5919376994217285 0.9104477611940298 0.5796019900497512 1.1368944293731207
0.8305206914932463 3 0.4301344733749724 0.8954703832752613 0.7044134727061556 0.8712112078173405
1.251151983376565 4 0.6890616399338914 0.8623188405797102 0.5676328502415459 1.0200724853576373
1.236473074597035 4 0.7882548897440022 0.9269662921348315 0.5099875156054932 1.4180612923639502
1.2074834417356126 4 0.8414761426095382 0.8823529411764706 0.6372549019607843 1.1905831470798505
1.2740180624633661 5 0.6143611343825147 0.9675236806495264 0.7433468651330627 1.3718686220702345
0.5004004235413129 2 0.28288746633946416 1.0 0.9287622439893143 0.7256133785944725
1.6979799586319446 7 0.8423954274858977 0.8797327394209354 0.6180400890868597 1.0977719793622887
1.3208843431586554 4 0.7964003978668792 0.9124087591240876 0.6326034063260341 1.1988036144985266
0.9426719615709955 3 0.5932379252043698 0.8564814814814815 0.757201646090535 0.9156187785211739
0.8082669580111547 3 0.60667582410671 0.8803921568627451 0.6411764705882353 1.158548711721524
1.0710138890401817 4 0.6941048794812116 0.8392036753445635 0.6590096988259316 1.4363516302418555
1.0408358374387054 4 0.6630468962303103 0.7730978260869565 0.30842391304347827 1.6493693098221052
1.0114012647128516 3 1.0576045195088208 0.8369565217391305 0.42391304347826086 1.2594887188901063
1.7170689802371482 7 0.9043914929860146 0.9422799422799423 0.7402597402597403 1.082123803048109
1.5217721873893415 6 0.7058116083726903 0.9427027027027027 0.6727927927927928 1.2213725467766805
1.4063524711294526 6 0.6105400230413486 0.8445229681978799 0.6751287711552613 0.909284984766783
1.4482720711772439 8 0.5600972299101933 0.840393343419062 0.5191628845184064 1.4482212677889104
1.6753451512030113 8 0.9812187288147373 0.8422796554009278 0.5983127839065542 1.0566794421010328
0.7937260551785743 4 0.4068648107239607 1.0 0.44712430426716143 1.803915139528975
1.0386455367234673 4 0.4415710157061505 0.5860655737704918 0.1133879781420765 1.943863648189355
1.6304265826551552 6 0.7244516782018766 0.7761437908496732 0.38562091503267976 1.3070442521664187
2.164958389952347 13 0.7202195404219744 0.792336217552534 0.4635352286773795 1.3135598214567628
1.1552297080231373 5 0.4699941171010511 0.7336814621409922 0.4893385552654482 1.527092071793846
1.2727008893969858 8 0.8885179105046083 0.9142011834319527 0.804624150777997 0.9177784688135131
0.8924920391310609 4 0.37190464184255484 0.9411764705882353 0.8995098039215687 0.8561886574577869
1.6856227660154084 7 0.5050021101648645 0.9319838056680162 0.7214574898785425 0.9838750382627379
1.0433504269474334 3 0.8414147726414166 0.9464285714285714 0.7261904761904762 1.1763983213436031
0.3488300958480944 2 0.26291853249667724 0.6947674418604651 0.5768518518518518 1.138471770521469
1.2029531194540577 5 0.43433136127727007 0.8172942817294282 0.6801487680148768 1.0070126078527553
1.4013876466272654 5 0.5647838477884574 1.0 0.8790081231295426 0.7344118217289409
1.3335371681193087 5 0.7605915654145372 1.0 0.9064403829416884 0.8131881100639013
2.4682952887050225 15 0.6610604185678952 0.9825225750072822 0.8527472527472527 0.7446883809942437
0.9589409955968262 4 0.6318072446155519 0.8131004366812227 0.48326055312954874 1.2768653945815769
1.4127396368830227 5 0.9757809410456569 0.8340080971659919 0.7192982456140351 0.8917040993852332
1.978714064008773 9 0.5955136477841954 0.8899082568807339 0.505648330058939 1.226313338495153
1.5535559352864161 5 0.780499942818199 0.8632302405498282 0.643298969072165 1.1862036425590574
1.488234835792634 6 0.476921965217804 0.9324942791762014 0.7711670480549199 0.9878375361411817
1.4836870556941066 7 0.5157408001311029 0.8335435056746532 0.6057166876839007 1.0875803179033297
2.2214490875593706 11 0.9130852271141893 0.7413494809688581 0.5132641291810842 1.2807298851283992
1.9902845263874318 10 0.8082699606351137 0.823069403714565 0.5839035516454871 1.0965059398788137
1.7671275968152835 8 0.6564172022520929 0.8952811893988365 0.5630252100840336 1.3592924075231063
1.3255194907382326 7 0.485192615360578 0.9052346570397112 0.5801744885679904 1.455240311002078
1.7743410853846127 7 0.8306539919300433 1.0 0.8181530676786843 1.0983559294593395
1.4271525390477624 6 0.48751429629388043 0.9921824104234528 0.8488599348534202 0.7890275573315091
1.0733806203412612 3 1.0314474196564771 0.849624060150376 0.5664160401002506 1.0329521794103502
1.4347076255169733 7 0.9770398485117682 0.8838053740014524 0.6966105712254088 0.8009726514673594
1.6286128303726273 7 0.6659152486828356 0.8827067669172932 0.5595555555555556 1.0696824670237017
1.6991976687202714 8 0.725025447136308 0.7898975109809663 0.6878965348950707 0.933958779384912
0.9819648562886789 4 0.402406463751999 0.7901399067288475 0.5165445258716411 1.3940974689335237
0.5825812452281178 3 0.2646069496591095 0.7134146341463414 0.4715447154471545 1.2361696378326308
1.7467598787648566 9 0.5831861843971706 0.8821705426356589 0.6559375762009266 1.2497377487065868
1.0628989688390313 5 0.39360571087297846 0.9280575539568345 0.7242206235011991 1.0662938535466684
0.9868954488573298 4 0.4699234811907004 0.8111702127659575 0.8275709219858156 1.3688838122748683
-9.999994999180668e-07 1 0.0 1.0 1.0 0.950936929443246
1.6417462133193028 6 0.5298872314219857 0.9126637554585153 0.8037845705967976 0.7874906275924649
1.2980316797443887 4 0.7275481219261234 0.9529411764705882 0.69760348583878 1.0261692688456567
1.2945401658650624 5 0.6020772213880704 0.8962472406181016 0.6837549933422103 1.0179225886880825
1.5933972318556822 6 0.6755537702009623 0.9329446064139941 0.7512147716229349 1.3522609822418947
1.1601812440033161 5 0.6205954877461832 0.9687092568448501 0.8852672750977836 0.9777327748496629
0.22371607607486488 2 0.1150473798493311 0.7265625 0.45243619489559167 0.8979943436886206
0.9126273869037353 3 0.3717232865926607 0.9492273730684326 0.6409124356144223 0.84537931535752
0.31968859811691686 2 0.08745776502096161 0.6666666666666666 0.36363636363636365 1.149251859970734
0.4533479617305936 3 0.1819172778906378 0.847457627118644 0.6779661016949152 1.209256925270813
0.6782073939053741 2 0.5200078492343229 0.9010043041606887 0.6121472979435677 1.1834527547632245
1.0283911667196848 3 0.8190616218815936 0.8002773925104022 0.6407766990291263 0.8940660642469399
0.8305206914932463 3 0.3558253161784696 0.8913857677902621 0.8183520599250936 0.5949815897742174
0.6210843745575724 2 0.4044505494044733 0.8118279569892473 0.4175627240143369 1.5507145032278693
1.1733411984419633 6 0.5786942128938474 0.7468193384223919 0.4168787107718405 1.413775184166352
0.5455925739719631 2 0.05304139993864953 1.0 1.0 0.38833344097877676
1.2469119542416962 5 0.528459203794834 0.9243167484232656 0.6734407848633497 1.1664074358837428
0.9180419180850247 4 0.3604870998781628 0.7166212534059946 0.3819255222524977 1.6349845945259136
0.5182026061900071 4 0.16972894893098586 0.8948948948948949 0.8148148148148148 1.2041492657749
1.5018235197148988 6 0.6863396886384662 0.8198874296435272 0.6873045653533458 1.2002238457975332
1.7901981718158053 9 0.9388510721273917 0.6 0.5333333333333333 1.0895511159824403
1.5144535148157752 6 0.6401780227545721 0.8544739429695182 0.572926909210095 1.1061216421852105
1.2634744940901015 5 0.7947319772901318 0.8721461187214612 0.6220192795535261 1.3637221365722472
1.560703409082906 7 0.5855353396519574 0.8976377952755905 0.6970865467009426 1.165330020078771
1.2913071900668522 5 0.7085165123325078 0.9796772265391512 0.6730424387328153 1.1918234042595168
1.303087403780619 5 0.9348354033552295 0.7519788918205804 0.4810905892700088 1.2633549289150339
1.4682282095477144 6 0.7788188670119117 0.8469798657718121 0.6085011185682326 1.3830323213389062
2.074228371683453 12 0.7447831484271793 0.8197303051809794 0.572273480009463 1.3937051267896383
2.7666405908334464 19 0.7136576367633618 0.8322348711803476 0.5197319434102755 0.9558792853227509
1.5273663259928358 8 0.7584843867416332 0.8482207697893972 0.5393367223432582 1.338532179474979
1.9985233448925324 14 0.7584373793550302 0.775974025974026 0.5703463203463204 1.3354661313221912
1.9475214750224406 9 0.6540965775748416 1.0 0.9259259259259259 1.2440169358562925
1.3383539142475518 5 0.6523671632521659 0.8371929824561404 0.7249122807017544 0.9752087096588615
1.6993412509416166 6 0.5221991156094804 0.73502722323049 0.4954627949183303 1.5016678457538344
1.2342409455896624 4 0.5491677080347422 0.9107142857142857 0.6666666666666666 1.0808836742149925
1.6322765790218559 6 0.454816745647279 0.9814986123959297 0.8883749614554425 0.8204763100989797
0.4634105588430012 3 0.14864520142861257 0.8849557522123894 0.8428150021070375 0.5758395709565727
1.0397177708449181 3 0.708036426750164 0.8476052249637155 0.6850507982583455 1.4787387829918603
1.3812845266755152 4 0.6659664553914665 0.953125 0.8697916666666666 0.842459542101799
1.006210565960437 4 0.7382606199049913 0.6810344827586207 0.5 1.625893359576028
0.8852848344614438 4 0.37421594003375747 0.811377245508982 0.5119760479041916 1.4636543597738672
0.9507449270676422 4 0.5734187965859143 0.8683001531393568 0.7718223583460949 1.2832648401484685
2.0028740411461836 9 0.8305777321038736 0.9256559766763849 0.5626822157434402 1.2486437581705205
1.5068763489075567 7 0.703768952638668 1.0 0.6726419120785317 1.3268861435898822
0.6779057256561851 3 0.5610896679573315 1.0 1.0 0.20534180126147886
1.4976804075160353 6 0.8002011436013011 0.9778393351800554 0.9653739612188366 0.9488224869145762
1.4862741527046843 5 0.7952614089259267 0.9545454545454546 0.8462282398452611 0.8615462525629507
1.0768052827066699 5 0.6312930334275297 0.9311377245508982 0.8158682634730539 0.9823897402011292
1.2730243365997505 4 0.6218065097055375 0.6 0.27605633802816903 1.593188209679658
1.05509861817353 3 0.5654600901757939 0.9233333333333333 0.5816666666666667 1.1893846138030022
0.4258454492571436 3 0.1439572298111352 0.8856209150326797 0.6917211328976035 1.3102568899720053
1.9230577843657521 8 1.0530630796498242 0.9178082191780822 0.8778538812785388 0.8578166079825059
0.9832860387525659 5 0.6269718724986246 0.8768233387358185 0.6720691518098325 1.2738411755753836
0.9592900803545478 5 0.4379096547820016 0.9533644237175216 0.7568287808127915 1.0917813043343227
0.23378965871499252 2 0.20367003088692623 0.7586666666666667 0.6453333333333333 1.3700807251039042
0.4825755651802941 2 0.6110100926607787 0.8638297872340426 0.6761229314420804 1.201156529502899
0.6914140776191252 2 0.31824839963189716 1.0 1.0 0.5342558875560741
1.168601912721095 4 0.5422444097975633 0.8570205479452054 0.6766552511415526 0.9522212621267011
1.0608539471628964 3 0.8190616218815934 0.8654708520179372 0.6098654708520179 0.890753542780197
0.47413731306119833 2 0.4364357804719847 0.8594132029339854 0.5721271393643031 1.4855393827553889
1.247792427582198 6 0.46590863257746085 0.8143074581430746 0.715372907153729 1.6864136933860099
1.14158630260356 4 0.4983445838972818 0.8854073410922113 0.5896747239629961 1.0836466192893965
1.2996459635728974 5 0.35154301566690876 0.935126582278481 0.6342042755344418 0.8210459639851433
0.562333144621475 2 0.24247497114811215 0.6850393700787402 0.30446194225721784 1.4304877782129
1.0408358374387054 4 0.32881877035119317 0.7425897035881436 0.4092563702548102 1.2209781097880874
0.6365121682970628 2 0.42433119950919623 0.912 0.38133333333333336 1.7916127265653057
1.4987346466414495 5 0.6745071827306206 0.9241935483870968 0.5516129032258065 1.4327620710092654
1.2123098802805643 4 0.4382041723610139 0.9056865464632455 0.6005547850208044 1.0180097032976505
0.9532512528763852 5 0.35331419372746764 0.9662162162162162 0.6666666666666666 1.419090962448301
1.3403465608587348 7 0.3807369313224674 0.8735632183908046 0.7110660356096462 1.0627318752258827
1.742846208471434 7 0.6267402274877543 0.7146282973621103 0.60431654676259 1.511896097418518
1.0353226957849124 4 0.5494626336945874 0.8828541001064962 0.6865459708910188 1.2350032042380188
1.4614671293220243 5 0.9249563432397939 0.9411764705882353 0.6711484593837534 1.0012400580000844
1.2637366793456122 4 0.8055333877585132 0.7496723460026212 0.6076889471384884 0.9484943135727213
1.1509129206096145 4 0.9692043260109572 0.7995373939861218 0.4823952711385248 1.23408331623439
1.023925799644203 3 0.857540251324225 0.7349768875192604 0.4026707755521315 1.1373848532252706
1.152357073073894 4 0.7568656417050762 0.8479899497487438 0.614321608040201 1.3223491000516359
1.161116818298989 4 0.735641351090846 0.7352587244283996 0.4813477737665463 1.1004249857238402
1.1432712062088137 4 0.873548291062881 0.909967845659164 0.5932475884244373 1.1228859747027777
0.6615612381601154 2 0.17333594974477423 0.9469026548672567 0.7020648967551623 1.0766779279474767
0.998937526806263 3 0.5339141326839328 0.8519003931847968 0.5439056356487549 1.2926329907355192
0.7298399194925769 3 0.3568681318274764 0.7894039735099337 0.4543046357615894 1.2867199364742523
0.8385666937903824 3 0.647153718605514 0.964964964964965 0.7580914247580914 0.9148109284371512
1.0549171679911442 3 0.5932379252043698 0.938337801608579 0.805183199285076 0.8484357454700934
0.7321868209855154 4 0.254024134009341 0.9567567567567568 0.8186186186186186 0.7066020738041534
0.13579195876860908 2 0.07583447801333873 0.9875259875259875 0.7574497574497574 0.7920722118273457
0.5783222866734842 3 0.4032510687890366 0.93 0.7933333333333333 0.8456491244614722
1.2130035659909044 4 0.7555179515832611 0.8809523809523809 0.5850340136054422 1.2040638128017191
0.6019209717449048 3 0.4301344733749724 0.8452173913043478 0.5814492753623188 1.0201886435196306
1.1803005570082867 4 0.7376096384516576 0.735202492211838 0.5244029075804777 1.2490031331748996
0.7589337727720928 3 0.5040379211579036 0.846820809248555 0.5568400770712909 1.3790564362596887
0.5297041990605473 2 0.3033379120533549 0.9011627906976745 0.5910852713178295 0.9817587478267641
0.30463409735528807 2 0.21412046855114447 0.7640449438202247 0.5806451612903226 0.9160958970659083
1.0042394730599098 3 0.9708126768041628 0.5833333333333334 0.3472222222222222 1.3645654348050626
0.9002530512753368 3 0.4258354271285136 0.748546511627907 0.3295913785361473 1.4814782744823765
0.7659343365906511 3 0.4988442373044215 0.941908713692946 0.6841862609497464 1.0333926422585753
1.0408358374387054 4 0.5419181525532608 0.8520599250936329 0.5393258426966292 1.1356003733003188
1.051108684371529 3 0.5576407830460042 0.9460539460539461 0.6466866466866467 1.2771985772804046
1.0361029705335534 3 0.45128291767725415 0.9340659340659341 0.6147186147186147 1.188698619969598
0.9840835030884703 3 0.8412834144079898 0.9127272727272727 0.743030303030303 0.9554366379159065
1.526871147318259 7 0.793417453383261 0.8433098591549296 0.6842723004694836 1.30148115071289
0.9002530512753368 3 0.5854775018178439 0.9341317365269461 0.771978021978022 0.8571491497162781
1.2130035659909044 4 0.793262719407099 0.8660714285714286 0.47619047619047616 1.6779976857500267
1.082192530043434 3 0.9060480456060762 0.7693474962063733 0.41982802225594334 1.2991569843229154
0.7774591319216559 3 0.4368328650035166 0.946078431372549 0.5261437908496732 1.2054650203323494
0.9337170585209693 3 0.7280452562932938 0.7532861476238625 0.46073474890461746 1.1815857546261341
1.2973835247699332 6 0.731947426312411 0.8261780104712042 0.5189263592567103 1.0432502668155796
1.4270560433975996 5 1.1467573648937714 0.7590027700831025 0.5715604801477377 1.2906509609857737
0.6779057256561851 3 0.3926038798221818 0.9166666666666666 0.5368589743589743 1.4774914281926421
1.4941701383046417 5 1.1400207708307506 0.8666666666666667 0.5 1.51525629954385
1.187411769857752 4 0.5724279400446205 0.7663551401869159 0.4979231568016615 1.3906178307221069
1.5810297035214769 5 0.8569797750033953 0.7822671156004489 0.45791245791245794 1.3600241163148818
1.5229500675463181 5 0.958246476547091 0.8970189701897019 0.6034327009936766 0.9518795569913868
1.5047832836970243 5 1.0418223055643228 0.7880184331797235 0.49923195084485406 1.4116343676479723
1.3700629830263487 6 0.6889023177687585 0.7721661054994389 0.5306771417882529 1.07262342320092
1.7730988914712478 7 0.8016216519397714 0.9252336448598131 0.5650699448919033 0.8380596698267553
1.3156520704334047 6 0.6110839377963425 0.7333333333333333 0.3388888888888889 1.4657620476337918
1.0609541504576758 4 0.7123889040819171 0.8178294573643411 0.7047803617571059 0.9596528986818913
1.9273841261826075 8 0.781856137232546 0.8834688346883469 0.7339656729900632 1.014202967158809
0.4634105588430012 3 0.1940450964166803 0.9659090909090909 0.8977272727272727 0.5927758789947339
1.232760017392994 7 0.5669715568600112 0.7697262479871175 0.48636763412489004 1.4898311840522758
0.9743117528756828 3 0.5501052904834545 0.7563025210084033 0.4740896358543417 0.854995879795372
1.143955581456997 5 0.658682751454427 0.8174539631705364 0.5545769949292767 1.1234113578449578
1.8080377196319966 8 0.7198628595336894 0.8852459016393442 0.4621782178217822 1.172029737231021
0.9938177611113947 3 0.5611997669674742 0.8045234248788369 0.557619816908993 1.0302568006375754
0.8313995205030316 3 0.4368328650035165 0.8923556942277691 0.500780031201248 1.2128738463133304
1.332426411098839 5 0.6256201809816265 0.9133247089262613 0.6394997843898232 1.0850852849984705
0.9338208517207902 3 0.385440763238397 0.8748353096179183 0.619235836627141 1.0417381577355602
1.0710415946364824 5 0.359218213774967 1.0 0.931910569105691 0.7831662688971267
0.8193192134998255 3 0.5308413460933712 0.7842778793418648 0.5091407678244972 1.1224847182278603
1.4020351758477418 6 0.7367481437990208 0.862862010221465 0.5181714934696195 1.4257002020558949
1.14905569698277 4 0.9598587927221565 0.8186968838526912 0.43031358885017423 1.2355958522451964
1.3510334158724155 6 0.7437958511803795 0.8773841961852861 0.5833696125380932 1.0831110063317475
1.2327047512950213 5 0.5663698740757471 0.8612630532073595 0.603016741256423 0.982361462946081
1.2643572068047981 5 0.5829994798504892 0.8833461243284727 0.7436684574059862 0.914615830351415
0.9743117528756828 3 0.6109404297146316 0.8365896980461812 0.7252812314979278 1.4412703074648785
1.3240922240665687 6 0.5791841970174807 0.9446564885496184 0.7716284987277354 0.7534582153722471
0.6019209717449048 3 0.38186561620421966 0.9336099585062241 0.6892196662156067 0.8079321133965777
1.0893066789604158 3 0.7280805315222191 0.8278787878787879 0.6864646464646464 0.9002288714931144
1.087068872293892 4 0.2882893114658362 0.9286262471220261 0.8974162189818368 0.6043485298058475
1.3917347695399336 5 0.960303782998782 0.8828337874659401 0.6017257039055404 0.997618531172383
1.4475471940355438 5 0.6370684583816292 0.8161290322580645 0.7612903225806451 1.6694507694725842
1.184812413154855 4 0.49998699343566927 0.9056950398040416 0.7205552153500715 1.0295861857867297
0.8973632862250045 3 0.5567606473803081 0.8210526315789474 0.5681020733652312 1.368361412660896
1.175043383366878 4 1.2513985602307744 0.7807971014492754 0.5108695652173914 1.2429826639582264
1.0433504269474334 3 0.5509952253963052 0.7386519944979367 0.37322329206785876 1.628839580166348
0.562333144621475 2 0.40734006177385246 0.9413680781758957 0.6118349619978285 1.3735651490475216
1.245012889263182 4 0.8217500204388336 0.8496376811594203 0.5966183574879227 0.9653602367054853
1.440228749736266 6 0.71759540000977 0.8871224165341812 0.39957805907172994 1.1416192257875326
1.0373873246496352 5 0.5606109269958756 0.9582577132486388 0.5504962054874489 0.9905853414356006
0.8313995205030316 3 0.38288054750646605 0.953125 0.8190104166666666 1.1630845886541954
1.4142386490770518 5 0.6501288412844015 0.7491039426523297 0.5314615690959777 1.2077405389591238
1.1636310982635623 4 0.5337779635412854 0.861764705882353 0.6127450980392157 1.1008763501580998
0.9868954488573298 4 0.6242970087358051 0.8070444104134763 0.5492598264420623 1.0411667856553968
0.8003380688564513 3 0.5839377955370921 0.8572656921754084 0.7300085984522786 0.9547496490353752
0.6931451805619453 2 0.5662307691662626 1.0 0.8092328581126952 0.9782275265579001
1.3474808770056461 4 0.6847273214421634 0.9201228878648233 0.778289810547875 1.000095287071622
0.9743117528756828 3 0.5622269298923889 0.9580786026200874 0.7534206695778748 1.34968246319209
0.844483734772292 3 0.5973726633281667 0.7332722273143905 0.5077910174152154 1.2091121270527414
0.7029159307848437 3 0.3425861761014485 0.8401898734177216 0.5189873417721519 1.4840901075772546
1.1786499963652082 5 0.8042204252384723 0.8137082601054482 0.5061511423550088 1.2947712887689677
1.0114012647128516 3 0.41240280944636243 0.9166666666666666 0.6992753623188406 0.9159463258299624
0.8305206914932463 3 0.6471208790471573 0.9155937052932761 0.7472579876013352 0.823021048538914
0.5146511654319375 2 0.13481684980149108 0.9432624113475178 0.8479117415287628 0.7471262655535823
1.9997916182721647 10 0.9389138211262769 0.9114857744994731 0.7334035827186512 1.0438238735420855
1.4493558002778992 8 0.8192890744552533 0.8756319514661274 0.6936299292214358 0.844327885027094
0.5312999033776175 4 0.34123016025263875 0.9500713266761769 0.6241084165477889 1.2808570321976078
0.16794214774719357 2 0.03536093329243302 1.0 0.7256455399061033 1.2508410440681452
1.4950346780723849 8 0.7158203066011487 0.9433333333333334 0.7758333333333334 1.0584668783648843
1.3303378098689838 5 0.532129336116613 0.9646596858638743 0.8889616055846422 0.5729312947274046
0.9798163223261882 4 0.3772774703926759 0.7025316455696202 0.630801687763713 1.1166706472131203
2.026110633052251 10 0.9713790537801152 0.8784246575342466 0.6689497716894978 1.1898597909628608
1.8277654156987388 9 0.8464432122536294 0.9240816326530612 0.6949659863945579 1.3248405827456464
1.674556980508612 7 0.6825831672814917 0.9288321167883211 0.7843673965936739 0.8158002027482583
2.0571720748192317 10 0.9547221254819155 0.826645264847512 0.586634970945589 1.1412361658123824
0.9950239901849212 3 0.6369371953043652 0.6876640419947506 0.3858267716535433 1.4872582573709037
1.3355971336783399 6 0.7462170655641208 0.926984126984127 0.6652557319223986 1.220310019773276
1.8537537147081955 10 0.8215325965971243 0.8531278331822303 0.64324569356301 1.4057296995003479
1.3579728550063241 5 0.6774650396191558 0.8275229357798165 0.5761467889908257 1.3159330196061816
1.9054120431554695 8 0.8731780150926189 0.9217731421121251 0.666232073011734 1.1161987482570235
1.5913612799857952 6 0.6795237592293377 0.8353658536585366 0.5609756097560976 1.2074083250560328
1.4740518252910715 5 0.6510418172993465 0.8588235294117647 0.6601307189542484 1.2257489607079433
1.3917347695399336 5 0.5776243737691261 0.8454038997214485 0.6356258009397693 1.056023631089594
0.7902307553651863 4 0.3438952106308245 0.9272237196765498 0.784366576819407 1.070638779214402
0.8852848344614439 4 0.691505579795822 0.96875 0.8724489795918368 0.6752087123013953
0.9576554363876615 4 0.5008430816889308 0.9025830258302583 0.7343173431734318 1.0741047371791554
1.6286128303726273 7 0.9355927069859733 0.7780821917808219 0.4904109589041096 1.4065437832695413
1.4837294753726966 6 0.7527250630740739 0.8612204724409449 0.5908792650918635 1.2296450364769778
0.9002530512753368 3 0.29457343531883035 1.0 1.0 0.45272062035063265
1.8270514918042564 9 1.0736662986162206 0.8909329829172142 0.6946999561979851 1.006841952751856
1.2762533642464646 4 0.42108184013822136 1.0 0.9813664596273292 0.8133663385901243
0.7356189397674613 3 0.41681809858971375 0.9282814614343707 0.774018944519621 1.1432168509258978
1.0433504269474334 3 0.6633777159633923 0.8269230769230769 0.5467032967032966 1.3375973091259186
0.8222613373494543 4 0.3558253161784696 0.9565807327001357 0.8163726820443238 0.8339468143195602
0.9798163223261882 4 0.4111544303553034 0.9746192893401016 0.7495769881556683 1.138159536423443
0.9507449270676422 4 0.41252024839051477 0.8884462151394422 0.6923417441345728 0.9027870786503355
1.0100967593594254 3 0.60667582410671 0.8595600676818951 0.6920473773265652 0.9497406459593533
1.3208843431586557 4 0.857540251324225 0.8370672097759674 0.6252545824847251 0.9960941204879887
1.5419704327906343 6 0.490274843278816 0.8647058823529412 0.5725101921956901 1.0663703183711333
1.0368233468392007 3 0.7281095076031221 0.7670850767085077 0.5722919572291957 1.0757156631358502
0.5982675885877072 2 0.4044505494044732 0.9272727272727272 0.7737373737373737 0.9221122309852983
2.046179831047353 12 0.5615935053151182 0.868421052631579 0.8333333333333334 1.1128598719630212
1.4507970201582976 8 0.7420646559590142 0.7868185516680228 0.5982860203535083 1.2343376920404592
1.4805643382297968 10 0.642595412018991 0.7738872403560831 0.408387223202038 1.4908713962268263
0.9830837585905354 4 1.0077334800518893 0.6666666666666666 0.6666666666666666 1.2643516805109833
1.6731113626794167 7 1.0031546334403258 0.0 -0.3333333333333333 2.5043799069381367
1.5571080980718122 5 0.6534154532877436 0.7341772151898734 0.23628691983122363 1.5859920190468715
2.0902326082287312 11 0.9838386720456729 0.9 0.7666666666666667 0.9316987298107783
1.285567451312155 5 0.7633275992840697 0.7 0.7333333333333333 1.9472861429014028
2.0348536240409025 13 0.6868977768945931 0.9373549883990719 0.7751343054489639 1.1083832728060006
1.4255493730393516 6 0.7744761125464286 1.0 0.7333333333333333 2.024401693585629
1.9163303268824725 10 0.8390166313458811 0.717391304347826 0.5869565217391305 1.6246421492014294
1.7245525763539111 7 1.094376279259231 0.717391304347826 0.6884057971014492 0.8806575623820238
