1.3180188017344845 5 0.7312701176284764 0.7214484679665738 0.10113207547169811 1.5580363868545006
1.0156338226968185 4 0.47714344029270844 0.4383561643835616 0.08810325476992144 1.732524780374091
1.0710138890401815 4 0.5232244944164208 0.3942307692307692 0.10256410256410256 1.7293216844627366
1.0156338226968185 4 0.6140543991192815 0.2802197802197802 0.09213362068965517 1.2134855699926714
0.9002530512753368 3 0.45649842420504694 0.2537764350453172 0.1044504995458674 1.57205531206918
-9.999994999180668e-07 1 0.0 0.43548387096774194 -0.07258064516129033 1.8260131116306748
0.9743117528756828 3 0.40033319175131127 0.5120192307692307 0.14236351071181755 1.3261963795605742
0.8018155525515516 3 0.36168457992570774 0.2546201232032854 0.0670006261740764 1.163685214989982
0.7751875736645168 3 0.3839405707181544 0.4907749077490775 0.24303232998885171 1.0593037825644656
0.8582350495749909 4 0.387939140080624 0.5051546391752577 0.20063004528450482 1.526965253022344
1.1432712062088137 4 0.5533633585973321 0.4262068965517241 0.09566787003610108 1.8842894502683054
1.155229708023137 5 0.38119329735573965 0.4066579634464752 0.09869681870448448 1.4254865576365678
0.8082669580111548 3 0.2524649477654621 0.4268292682926829 -0.08691043985161633 1.379320682063559
1.1984322067759567 5 0.6061564140036659 0.6139240506329114 0.10126296797474064 1.7245684893044007
0.9743117528756828 3 0.5627866295726041 0.4686192468619247 0.017892644135188866 1.5107744240346683
0.8082669580111547 3 0.29988291039770815 0.7708333333333334 0.05534351145038168 1.587623512448423
1.1432712062088137 4 0.7500277536594927 0.3400286944045911 -0.13377926421404682 1.5494046886674422
0.92666197474816 3 0.4287798465521932 0.5088607594936709 0.08343468742398444 1.7045655371424207
1.4226250262260236 5 0.6901303275273551 0.362095531587057 0.0641476274165202 1.6206795667698
1.001921088641243 5 0.45391392319861495 0.265625 -0.04741379310344827 1.509399952952081
0.6318740819103837 4 0.27764398593718337 0.477797513321492 -0.05016032982134677 1.6685011577158255
0.6869595765993484 2 0.4006593992320004 0.31213872832369943 0.21305841924398625 1.1678050399651116
0.846362829637054 3 0.3857928304975559 0.8409090909090909 0.13458262350936967 1.5747071943532895
1.2123098802805643 4 0.7803234368147789 0.49733333333333335 0.046637744034707156 1.4733780983696558
0.9089037349314474 5 0.6051532083534544 0.42567567567567566 0.06745182012847965 1.2302992807743947
0.9922789748584739 3 0.49236647409933315 0.29545454545454547 -0.1 1.5466490655285825
1.082192530043434 3 0.3481145096170559 0.6126126126126126 0.18318695106649938 1.3762429465635282
1.0053834327751212 4 0.49757597559047784 0.49099099099099097 -0.17446270543615677 1.7220677392147612
0.6615612381601154 2 0.3205275193856003 0.3376146788990826 0.0467869222096956 1.6071705127160132
0.9184247850012976 3 0.47604765906664154 0.7258883248730964 0.17180616740088106 1.511099154718137
0.9743117528756828 3 0.40252286987980385 0.4146341463414634 0.09163745618427642 1.4027952659789193
0.22371607607486488 2 0.1001648498080001 0.40030911901081917 0.11552062868369352 1.3848575427643337
1.1432712062088137 4 0.39492024070212267 0.47761194029850745 0.18506998444790046 2.0603094384461236
1.0336965498709902 4 0.4503846238071315 0.2764227642276423 0.03773584905660377 0.7996598930840805
1.0092264721334354 4 0.5681404926539362 0.4560394412489729 0.13734825041656748 1.0313896794344852
0.7356189397674613 3 0.2752833635976059 0.6029411764705882 0.10648148148148148 1.3935985819135859
0.9868954488573298 4 0.674008492291456 0.3983050847457627 0.09499358151476252 1.8374899497536317
0.7878751162035114 3 0.331886868304435 0.499457111834962 0.13802816901408452 1.6422171099712324
0.6019209717449048 3 0.3249068756425855 0.6591760299625468 0.19467455621301774 1.5158815769916272
0.6931451805619453 2 0.3434223421988575 0.8651685393258427 0.28253968253968254 1.6311617276253818
0.8146415049188194 3 0.40187470617622006 0.2848324514991182 -0.06135601959267852 1.1147867252720036
0.6615612381601154 2 0.21368501292373354 0.6666666666666666 -0.09090909090909091 2.244016935856292
0.6931451805619453 2 0.3205275193856003 0 0 0
0.953267014724141 4 0.35752499368066654 0.2670807453416149 0.014691943127962086 1.2420473206763105
0.6662764424167884 2 0.13355313307733346 0.3217726396917148 0.01478953356086462 1.1978706430224844
0.562333144621475 2 0.1998263134713633 0.45454545454545453 0.06818181818181818 1.7008405579076264
1.0397177708449181 3 0.6336007787527222 0.36395759717314485 -0.09650924024640657 1.3818994686602437
1.251151983376565 4 0.7443435674797511 0.40350877192982454 0.008516360376512775 1.8125453016491158
0.562333144621475 2 0.3434223421988575 0.4388888888888889 -0.0015082956259426848 1.6038159932444418
0.8815292611983065 3 0.5364022104378264 0.37264957264957266 -0.10538865045302813 1.451584469292712
0.8305206914932463 3 0.3732963576551554 0.49023090586145646 0.1278957528957529 1.521789704951871
0.8976180947860146 4 0.35653779805293595 0.3175528040786599 -0.0868106521283288 1.4922091456432667
0.6546665645411435 3 0.5167734182259992 0.6057233704292527 0.12651576394502828 1.8949889335480439
0.7529085919752523 3 0.3462517446217118 0.6598586017282011 0.13600572655690765 1.6287761011691355
1.126009407483786 4 0.4209157112817621 0.5152963671128107 0.06286013619696176 1.500965218874973
1.0493491563746753 4 0.5491283937885678 0.3393665158371041 -0.005434782608695652 1.2920606690993106
0.7691237318222964 3 0.43911720482152705 0.5585392051557465 0.06402349486049927 1.9677135799689343
1.1846860598798374 5 0.5032087602831257 0.38822355289421157 -0.004440743824590619 1.500698251500275
1.1636310982635623 4 0.723302067956797 0.43345543345543347 0.01062735687350017 1.677401283572619
1.1432712062088137 4 0.6535988977051758 0.4494875549048316 0.07061790668348046 1.4392424514218833
0.846362829637054 3 0.40271222247746224 0.5204301075268817 0.14097744360902256 1.4594816459006588
0.7029159307848437 3 0.34910161664887046 0.46544428772919605 0.19142645971914266 1.052757544797879
1.0735388464213231 4 0.8153953007185961 0.46900269541778977 0.045492142266335814 1.783996423575491
0.8463628296370541 3 0.43834625124372945 0.3665480427046263 -0.034296913277805 1.7280488069588853
0.9903610414957604 4 0.5458219695145201 0.39490445859872614 0.16891385767790262 1.7406942980701443
0.6779057256561851 3 0.45484747062692404 0.5634441087613293 0.002004811547714515 1.6890741851130933
1.0496674161938242 4 0.48921337348882604 0.5687121866897148 0.26180904522613063 1.675266104726174
0.9868954488573299 4 0.2986439196973258 0.5588235294117647 0.06157849089332177 1.679194955107978
0.8752559385262878 3 0.3871035331651182 0.5245579567779961 0.13278688524590163 1.7320973453685558
1.191364515699664 5 0.6530423260949747 0.5194805194805194 0.1943207126948775 1.275577040399055
1.0280900565842799 4 0.6787343943169633 0.6005326231691078 0.2139622641509434 1.357154500598289
1.0336965498709902 4 0.46268997424722685 0.6262833675564682 0.16989737742303307 1.7652950813424633
0.9295736887359078 4 0.5822038183811143 0.5377229080932785 0.051390058972198824 1.3761838908767479
1.162695833512044 4 0.5146911757621062 0.676320272572402 0.22352389878163073 2.044019852535069
0.8815292611983065 3 0.48611707849883606 0.5553745928338762 0.010953902327704245 1.8829025978402498
0.9095025527401217 4 0.4923392624003879 0.40575916230366493 0.27498078401229825 1.446997103046183
0.4825755651802941 2 0.21368501292373354 0.3039647577092511 -0.035006909258406264 1.1491871398132019
0.9832709442526746 3 0.26929594428315956 0.3988995873452545 0.06671808715773235 1.521223382943947
0.8018155525515516 3 0.46513503845319587 0.4209558823529412 0.19164759725400457 1.6254128151172988
1.0927412122755191 4 0.4812558724599784 0.5593815881939564 0.11182752367519645 1.7695657146253274
0.6869595765993484 2 0.3004945494240003 0.7083333333333334 0.1625 1.4060496053493015
0.6869595765993484 2 0.3004945494240003 0.6896551724137931 0.1390922401171303 1.3230606984868258
0.912006491074393 4 0.341517185364452 0.20151610865445357 -0.1470374409305707 1.2628856167506548
1.1564649415330859 4 0.7080147495815967 0.5181818181818182 0.18908877590926867 1.500181663775959
0.7029159307848437 3 0.3783281288735189 0.6336633663366337 0.12828239345673698 1.3930031497249393
0.8647370965378594 3 0.562786629572604 0.453551912568306 0.0035657686212361333 1.502388006416537
0.8647370965378594 3 0.3792745720369693 0.40053763440860213 0.0796875 1.1984368825431746
1.1432712062088137 4 0.5996977945254184 0.5402097902097902 0.1774112943528236 1.2978285803060272
1.199087359405508 4 0.5274298375493638 0.39330543933054396 0.0035671819262782403 1.54709520025576
1.0446026459703668 4 0.46934655673135406 0.5982905982905983 0.20145631067961164 1.7002300387712797
1.1058858790421244 4 0.7056638642970324 0.6589327146171694 0.17066839714471121 1.4748479014039593
1.0676792970126205 4 0.5083383020619623 0.523776705720193 0.1374490390215492 1.8247714249590214
0.9743117528756828 3 0.2400694320585111 0.2953125 0.0643699002719855 1.8481618609760493
1.297228521459913 5 0.7958521636515695 0.5211428571428571 0.0952998379254457 1.4083196659372863
0.9722995902000404 4 0.5213602283877631 0.4812398042414356 0.13468013468013468 1.5189703560956163
0.8760027656524486 3 0.49564581227995347 0.476280834914611 0.23190789473684212 1.2167468829931467
0.925512278570587 4 0.43311542432682254 0.46420141620771044 0.023990772779700114 1.5585272175127973
0.6019209717449048 3 0.35809109929979294 0.31806615776081426 -0.030903328050713153 1.326051728514392
1.0336965498709902 4 0.46712328389015234 0.3352272727272727 0.09631147540983606 1.3557658844976828
0.8647370965378594 3 0.34910161664887046 0.29831932773109243 -0.12485414235705951 1.9419616755630207
0.68531220727849 2 0.21368501292373354 0.4360313315926893 0.24560117302052786 1.2206165376446225
0.465997256964483 2 0.15024727471200014 0.573170731707317 0.17299107142857142 1.1608354785473471
1.0062105659604368 4 0.9075863651626981 0.6732394366197183 0.06563706563706563 1.4286850291666244
1.2281018514812794 4 0.6501077794872432 0.4293628808864266 0.14152772392400156 1.2417071682853078
0.879569409190643 4 0.32504732516417617 0.6113666228646518 0.17355989170012137 1.6242100215214301
0.8815292611983065 3 0.5568105404464372 0.3864734299516908 0.04619826756496631 1.4870258501544027
1.2123098802805643 4 0.6771446135833991 0.7138508371385084 0.10606703436571914 1.5528742796859594
1.2130035659909042 4 0.7364757119993183 0.7031802120141343 0.32435129740518964 1.8870207686452705
0.6615612381601154 2 0.21368501292373354 0.5637319316688568 0.1719768283852281 1.6874801022931456
0.6869595765993484 2 0.5008242490400004 0.5183823529411765 0.17706013363028952 1.5411657934272616
1.3107796781094638 4 0.6897813873861877 0.592 0.13053097345132744 1.5060357133367201
0.7482072115014525 3 0.32112244205240514 0.5243243243243243 0.022490400438837082 1.8984069344496535
0.8815292611983065 3 0.40252286987980385 0.43724137931034485 0.11771561771561771 1.1957709739191689
0.8815292611983065 3 0.562786629572604 0.5491419656786272 0.1798753339269813 1.417944651908939
0.5908402462780749 2 0.23568199954823552 0.659919028340081 0.13673469387755102 1.4322017621082974
1.0397177708449181 3 1.0651629898117763 0.43373493975903615 0.09886547811993517 1.293105087748364
0.9251260835783115 3 0.5754043492096531 0.581981981981982 0.13076199435559738 1.4537363667544947
1.2047893097072424 4 0.4961238304381486 0.45549738219895286 -0.02350536535513541 1.7574818404098238
0.68531220727849 2 0.48079127907840047 0.5795454545454546 0.2139369729249889 1.7234384634071025
1.001921088641243 5 0.3796467858030609 0.5725132877752468 0.2052896725440806 1.3961732152651085
1.1525596161776308 5 0.5984623501601389 0.660952380952381 0.1624221844934918 1.7579455513439335
1.037739428760947 6 0.34369847844807594 0.5345997286295794 0.04881808838643371 1.7441523057689068
0.562333144621475 2 0.3434223421988575 0.5796703296703297 0.08877476155539252 2.4033978661251534
1.2130035659909042 4 0.759487320148513 0.856338028169014 0.2777777777777778 1.1792463381825418
0.9743117528756828 3 0.6289086113345238 0.5026178010471204 0.24259927797833936 1.624021577047115
1.3208843431586554 4 0.6351965493339528 0.7348377997179125 0.4694870834893298 1.6932557522752016
0.8082669580111547 3 0.40565233618865876 0.8970588235294118 0.3785357737104825 1.3507715374162717
0.5859506183060716 2 0.24039563953920023 0.423728813559322 0.2 1.0218898597413972
0.7356189397674613 3 0.44907593244491895 0.3926470588235294 0.0058956916099773245 1.454271882863828
0.7773068260750033 3 0.31810247750877807 0.3535276073619632 0.10931450694602596 1.204607336226874
1.0336965498709902 4 0.5469289562558632 0.49586776859504134 -0.050359712230215826 1.5308624128266004
1.0533914983798527 4 0.5714806675462427 0.6206896551724138 0.10663811563169165 1.8487652338115417
1.0375871081112062 4 0.5301109508124375 0.6111111111111112 0.11764705882352941 2.1165597895196293
0.9560413809737569 3 0.5770832511020242 0.65625 0.29310344827586204 1.4878504978802434
1.0397177708449181 3 0.5120264124322472 0.48872180451127817 0.09846153846153846 1.4093382503617153
0.4825755651802941 2 0.2671062661546669 0.7319587628865979 0.08677685950413223 1.7319406145485545
1.1187393359986095 4 0.40231373688028077 0.6065573770491803 0.0547945205479452 2.946069434967717
0.6931451805619453 2 0.2671062661546669 0.7536231884057971 0.08571428571428572 1.6246608259265838
0.7866982379284643 3 0.3159627346762879 0.6416978776529338 0.10121457489878542 1.1550160969762662
0.9184247850012976 3 0.4000211672045651 0.46407185628742514 0.13052039381153305 1.3800900356994246
1.2130035659909042 4 0.5823849656008375 0.2826086956521739 -0.023297491039426525 1.0685962810759153
-9.999994999180668e-07 1 0.0 0.2742857142857143 0.21523809523809523 1.4552068424420255
0.9002530512753368 3 0.46258862368334175 0.4005524861878453 0.053061224489795916 1.5097472694065563
0.562333144621475 2 0.4578964562651433 0.3829787234042553 -0.0625 1.5905753522374835
0.5297041990605473 2 0.2003296996160002 0.8708791208791209 0.22765598650927488 1.6066884373242123
1.023925799644203 3 0.6133657897136665 0.190224570673712 -0.07013574660633484 1.0156300148928226
0.8647370965378594 3 0.4851706353353857 0.7490144546649146 0.251088534107402 2.1957881113006437
0.6492463548730875 2 0.2504121245200002 0.33191489361702126 0.07996560619088564 1.4837297232832287
0.887691275807461 3 0.40038482497128935 0.793233082706767 0.16914600550964187 2.222912644826803
0.7029159307848437 3 0.44996803398457047 0.4229195088676671 0.03116994022203245 1.8032352820001145
0.9941051664523205 4 0.5066481914922678 0.6442769019876627 0.21550894746969407 1.740832107069636
0.6210843745575724 2 0.2671062661546669 0.5697940503432495 0.07197763801537387 1.6993751328170563
0.6890072384786752 2 0.6410550387712006 0.5924764890282131 0.07882676443629698 1.6645164956537033
0.8738974142762149 3 0.40565233618865876 0.358609794628752 0.021132713440405747 1.6652420262268097
1.2622381675143337 5 0.6096912518596291 0.36443148688046645 0.05924453280318091 1.1733502025984068
1.1432712062088137 4 0.6510542226506933 0.5990180032733224 0.10514738231412231 1.8556128558341782
0.5566439035962066 3 0.23761406848514077 0.38333333333333336 0.07495881383855024 1.2895528867748798
0.6931451805619453 2 0.21368501292373354 0.5336322869955157 0.1226215644820296 1.728736390796801
0.7356189397674613 3 0.21587469105222615 0.6430976430976431 0.067866323907455 1.7316001819455988
0.8815292611983065 3 0.45594412311073723 0.3967168262653899 0.09289827255278311 1.8265177313985015
0.6931451805619453 2 0.11447411406628583 0.6204986149584487 0.16824644549763032 1.5265598669351494
0.9002530512753368 3 0.6528639558618419 0.17045454545454544 0.012636899747262006 1.0933290705577026
0.8687166829249238 3 0.277200340704316 0.6792114695340502 0.14872308462694042 1.4892668595649932
0.8760888930740542 3 0.4863758529022677 0.6328125 0.20535714285714285 1.9571956281666614
0.848682557733917 3 0.6545655312166321 0.20425531914893616 0.11083123425692695 1.3005945849248577
0.8079336793131333 3 0.42539479217085435 0.25314685314685315 0.022899243329350855 1.5748396411446877
0.48691070946784487 2 0.24039563953920023 0.6021978021978022 0.15714699913018265 1.4244229854157497
1.082192530043434 3 0.9756250888914835 0.47956403269754766 0.24439461883408073 1.7721493728067377
1.0708131954588438 4 0.44551771990956884 0.5580404685835996 0.1605740181268882 1.7164303431324888
0.8300252389715164 3 0.33347507334247223 0.6910268270120259 0.14526315789473684 1.74305005833455
0.8902674179893311 4 0.4228417538764365 0.4948051948051948 0.11033681765389082 1.5681259318647989
0.6730096670113398 2 0.30394850976220716 0.6107594936708861 0.15900735294117646 1.2764970473384385
0.7898348832779281 3 0.2978007555260942 0.5178571428571429 0.13909994155464642 1.5426445752396212
0.7774591319216559 3 0.40252286987980385 0.5655737704918032 0.14333333333333334 1.2798680983821198
1.0265338192165325 5 0.5005872863188007 0.46534653465346537 0.15377532228360957 1.6706013828829258
0.8815292611983065 3 0.5335601173479555 0.5567010309278351 0.2470059880239521 1.4801446273532974
0.8468113807451845 3 0.3638779765015393 0.4373695198329854 -0.019400352733686066 1.1814430008921586
1.2336801378446445 4 0.6880824615168716 0.46201743462017436 0.1720318449290412 1.2355114322531158
1.0112838273599185 3 0.5544006814086319 0.3210768220617203 -0.04874418604651163 1.2379949055644073
1.0377928161367618 4 0.43637059180169147 0.3132420091324201 0.031332280147446025 1.4648424519305872
0.5941280227273119 2 0.20679194799070988 0.4906191369606004 0.08277027027027027 1.749720274633911
0.8647370965378594 3 0.5033892872155039 0.5986301369863014 0.23884833738848338 1.5776686622765463
0.9743117528756828 3 0.34940204052811835 0.4942418426103647 0.010232300884955753 1.6056061024202668
0.8660396930890997 3 0.40280955767177357 0.46840390879478827 0.21358653093187158 1.8414952340335096
0.9180419180850247 4 0.5787911973788301 0.5191256830601093 0.05345117845117845 2.4477013133174053
0.8193192134998255 3 0.32758858512146216 0.6003949967083607 0.20128730251609128 1.4160051320028417
1.0618417765414687 4 0.5824038943275814 0.5640776699029126 0.18970709006296194 1.3908645508450936
0.8752559385262877 3 0.35198213493018843 0.5650752125572269 0.07975113122171945 1.8124591679086461
1.0433504269474334 3 0.40187045491842555 0.4340878828229028 0.0527972027972028 1.348281298447254
0.9832905518116095 5 0.4713505663835697 0.39698762775685853 0.01692047377326565 1.3560135833037874
1.1313470096567124 5 0.4383254416083404 0.47686832740213525 0.1256450972608178 1.5070587532907058
0.8146415049188194 3 0.43671465393552433 0.36200716845878134 0.04697156983930779 1.8703699504152003
1.1961259562459854 4 0.4593362112393087 0.4986072423398329 0.11196319018404909 1.8823699448532452
0.930296833190909 3 0.30024989381348344 0.6606498194945848 0.015889830508474576 1.9676280710912033
0.6492463548730875 2 0.3004945494240003 0.6157556270096463 0.20579847908745247 2.1918159291227384
1.0600839171034135 4 0.34047404263925485 0.7274155538098979 0.22834101382488478 1.4788329561179907
0.6914140776191252 2 0.3004945494240003 0.676818950930626 0.17075517075517074 1.2427127406600724
0.9718457712424033 3 0.5576439104348021 0.05042016806722689 0.04260355029585799 1.7981039067679774
0.9743117528756828 3 0.620794873482365 0.34594594594594597 0.060418280402788536 1.6041378504137662
0.9433453923362892 3 0.6708714497996731 0.6623711340206185 0.15889830508474576 1.2415865247039957
0.6365121682970628 2 0.3205275193856003 0.40714285714285714 0.0021413276231263384 0.8382818253098407
0.9845258991578472 4 0.4700967559530939 0.4475100942126514 0.011081893313298272 1.9388532041556303
0.9002530512753368 3 0.46930888359464806 0.6071428571428571 0.13745019920318724 1.495045313005676
1.162695833512044 4 0.47637926296589633 0.6096605744125326 0.20130092434097913 1.5816458327108047
0.8645375907904265 4 0.3945103008071314 0.5726587728740581 0.07512355848434926 1.7969583026145348
0.6615612381601154 2 0.3205275193856003 0.6750998668442078 0.14617083946980855 1.952112511943874
0.5908402462780749 2 0.23568199954823552 0.6290097629009763 0.19383587077608616 1.3427945136698967
1.093724058917076 5 0.5620503211360057 0.5486077186126038 -0.00255500354861604 2.2388579806256264
1.1552622121274259 5 0.46939648033762615 0.5685393258426966 0.2447346251053075 1.589087364407326
0.6926859734444768 2 0.3004945494240003 0.1431980906921241 -0.30795968022245396 0.9719286460887501
1.251151983376565 4 0.5138661957881737 0.56672760511883 0.1066066066066066 1.3591243410962344
0.7613468650107895 4 0.46588096695656844 0.20387096774193547 -0.20247603833865815 0.9907999255292067
1.1090654669800513 4 0.44200596085092625 0.3591549295774648 -0.2796780684104628 1.9785452804594794
0.883711740392798 4 0.4461719121447798 0.46178343949044587 0.03260869565217391 1.184738403039619
0.6224849206593689 2 0.2828183994578826 0.27176566314076483 -0.03445692883895131 1.547499874758237
0.6615612381601154 2 0.3434223421988575 0.6293103448275862 0.06264682850430697 1.6524084208862266
0.8815292611983065 3 0.4326958252679027 0.6457242582897034 0.011268985791278784 2.304919565596418
1.1757207520918556 6 0.5897693405499701 0.5256045519203414 0.18689274147456658 1.4137743122872244
1.039905546447092 4 0.4100832712492107 0.42574257425742573 -0.0054428500742206825 1.6156616206800665
0.9368853075459159 3 0.49945376813592474 0.6146993318485523 0.2664188351920694 1.4888675756670218
0.8647370965378594 3 0.4649336057616597 0.6666666666666666 0.15966386554621848 1.5678369899386668
0.924453154883353 3 0.46204625732938737 0.363013698630137 0.0820403825717322 1.2430372194671695
0.9185084024142192 3 0.45106651524934716 0.5006849315068493 0.2314017976668579 1.6237993046461379
1.222261923566135 5 0.6665708757456286 0.5659777424483307 0.1573861021629084 1.7256179368701914
0.9238377056376721 3 0.709365241637848 0.20868113522537562 0.005397448478900883 0.876890307738924
0.9649599230141778 3 0.41064527314531707 0.42592592592592593 -0.08610271903323263 1.7934217711928484
0.9743258099569498 4 0.5438088613079494 0.5472136222910217 0.10312992569241163 1.5614436306239632
0.9718457712424033 3 0.43155326190723975 0.5705705705705706 0.22950819672131148 1.397587376457175
0.6869595765993484 2 0.32995479936752975 0.562107904642409 0.10524399126001456 1.7511673058842383
1.1407161964286858 4 0.7151284193513339 0.3228346456692913 0.04044943820224719 1.292194004284219
1.168516644119857 5 0.5464366092079654 0.192 -0.07604562737642585 1.2351231203777486
1.0326170412015185 5 0.4343669901856211 0.6502029769959404 0.16242884250474382 1.5033074061158498
0.7380565340967918 3 0.32522994236285424 0.5688715953307393 0.23538998835855646 1.6130159648352775
0.7751252748037776 4 0.43211660136038377 0.33955223880597013 0.01753048780487805 1.7036675724366164
1.4880300442092587 6 0.9176179327753652 0.46689895470383275 0.11838440111420613 1.0711755617804646
0.8815292611983065 3 0.6162078828035374 0.49818840579710144 0.20564102564102565 1.1920608766085197
1.0053834327751212 4 0.46308164418258346 0.7284644194756554 0.24642126789366053 1.405886652190389
1.232986726606728 5 0.5504706742190352 0.7387543252595156 0.24975 1.6416740860969294
1.0139006609549652 4 0.6734556159511016 0.4912043301759134 0.23164701407379232 1.650449919638892
1.1406921041373006 5 0.5866227353729682 0.4995547640249332 0.04179728317659352 2.2683553897695377
0.9212862108237426 4 0.5217204982913268 0.6302895322939867 0.2431912848446011 1.313369570301667
0.6615612381601154 2 0.3205275193856003 0.635036496350365 0.12465526751241036 1.6628743700294493
1.0556294325641034 4 0.6199455881018666 0.3256172839506173 0.008663930688554491 1.219719335202185
1.0852250400768189 3 0.9812366577986561 0.7215686274509804 0.1583949313621964 1.379558092035789
0.6914140776191252 2 0.5008242490400004 0.6125574272588055 0.21627598407784165 1.6129361869645578
0.8305206914932463 3 0.3732963576551554 0.6304347826086957 0.155637707948244 1.2708868500739383
0.6931451805619453 2 0.8013187984640007 0.37681159420289856 -0.0766839378238342 1.567842985318408
0.7774591319216559 3 0.34910161664887046 0.3939393939393939 0.12637121544537078 1.386924518822167
0.8979427248642797 3 0.3879812194099513 0.6270270270270271 0.18898329915030765 1.7261293557478719
1.069635310149657 4 0.43135561589578997 0.4628975265017668 0.040156709108716944 1.5422430994172125
0.9941051664523205 4 0.4383445921428908 0.4508320726172466 0.12505513895015438 1.7094378521308369
1.0460977282437554 4 0.5324659874768862 0.2584493041749503 0.04259672619047619 1.4358960676337196
1.090595473795032 4 0.5531101657175956 0.0 -0.12803970223325062 1.7442754774722917
0.6534161947958719 2 0.2671062661546669 0.25136612021857924 0.015100037750094376 2.154195474939702
0.9470541522889971 3 0.6093396921377191 0.31862745098039214 0.018457169900615238 1.1485297064263693
0.9318039906103258 4 0.3728241987012538 0.3695920889987639 0.030959752321981424 1.1550349829846545
0.9743258099569501 4 0.5050677212506454 0.5626631853785901 0.17889662560257097 1.5737718373063678
0.9355128938332008 5 0.43614801361573025 0.4921104536489152 0.20790279372368925 1.4170734632798665
1.0302161476663259 5 0.5490530498156204 0.5588235294117647 0.23582766439909297 2.413925612717151
0.9810368994306276 3 0.5070760959232208 0.5724696356275304 0.22128532360984504 1.7811547472860647
0.68531220727849 2 0.48079127907840047 0.4107142857142857 0.07653061224489796 1.1349760187305373
0.5297041990605473 2 0.3004945494240003 0.6308139534883721 0.05018587360594796 1.8121514782386867
0.7380565340967918 3 0.2529085929983294 0.6094839609483961 0.0729483282674772 1.8664969213541123
0.9180419180850247 4 0.4930327306502257 0.5615183246073299 0.12976313079299692 1.2700854005796076
1.0600946818673997 4 0.32398241138407896 0.28133159268929503 -0.0737830586431583 1.1226990318069916
1.0048150535523923 5 0.45412121482009776 0.41392368191086515 0.0956122022565817 1.360815735154674
0.9622648365135065 3 0.5208080439498656 0.46026200873362444 0.14666321779617175 1.4424529522097511
1.0123278391088069 3 0.2737635154302114 0.242914979757085 -0.1664779161947905 0.6297864732701444
0.9937350880479601 4 0.4950188497079611 0.3963302752293578 0.061735110144139245 1.3748502116931025
0.8100400099312414 3 0.3357212308261721 0.6 0.20433678452822818 1.60453947265868
0.8628548006490016 3 0.5209978045453831 0.49084668192219677 0.06787330316742081 1.7883378459983232
0.8544119816113698 3 0.42615966812372924 0.31399747793190413 -0.015856236786469344 1.5349511238015177
0.8030418563805577 3 0.42413663667837076 0.3875432525951557 -0.06288187372708758 1.0680669447307514
0.8568550369113854 4 0.3674222159784485 0.6148582600195504 0.21624418003103985 1.319901661807368
1.1066998429583765 5 0.47328120019623005 0.4602456367162249 0.20461200585651537 1.6723539588866325
0.8953285810861309 4 0.37417529787699727 0.6006317689530686 0.18810891831126655 1.8006115374521872
1.034638742334352 5 0.3736085790817177 0.5920303605313093 0.28196896736222576 1.4624792233906971
1.0419096806168164 4 0.43311703335407165 0.21107491856677524 0.08671586715867159 0.9576492962545946
0.846362829637054 3 0.42328662547903806 0.3533834586466165 0.05994550408719346 1.535822158025578
0.8305206914932463 3 0.46708524167051996 0.48366013071895425 0.01883116883116883 1.6831591452497776
1.0433504269474334 3 0.5913607268358742 0.5112781954887218 0.22851153039832284 1.4360168641725994
1.1039616526534424 5 0.4093803566251007 0.212298682284041 -0.10893739703459637 1.2459073601549222
0.9616412933190503 5 0.47260352891833296 0.6349100599600267 0.18376152186703276 1.5657467307597586
1.068613539517073 4 0.47314686140699325 0.7195121951219512 0.26929392446633826 1.3332491901107097
0.9854256213406392 4 0.43860005190566625 0.5945736434108527 0.13562799179393664 1.6462520525345712
0.9182902885889803 4 0.4213265134281544 0.6654676258992805 0.21263157894736842 1.6974087655372603
1.0336965498709902 4 0.5681124289930396 0.5784574468085106 0.21709340064911647 2.0404735314506453
0.7356189397674613 3 0.5191266646864364 0.14634146341463414 -0.015370705244122965 1.6427242840822065
0.9643325536299557 4 0.5059570407811071 0.27685589519650655 0.08341633466135458 1.4401038834276148
0.8687166829249238 3 0.277200340704316 0.8758169934640523 0.2077922077922078 1.9190136271948075
0.9347668978659793 3 0.48877997820905383 0.5805739514348786 0.07514088916718847 1.9033949517126778
0.7774591319216559 3 0.48611707849883606 0.3935860058309038 0.16600265604249667 1.1934635399331723
0.562333144621475 2 0.21368501292373354 0.12516297262059975 0.23064580826313677 2.108199807847584
0.6492463548730875 2 0.35057697432800033 0.4609375 0.10278372591006424 1.26919308402695
0.9984240905676026 4 0.35942240531256614 0.2891832229580574 0.1745742092457421 0.9966392641070174
1.083041186883035 5 0.42419610941188096 0.3333333333333333 0.1 0.9036055616447172
0.790786917510501 3 0.2888474450641581 0.2542372881355932 -0.15343915343915343 1.6487286567388681
1.2102971139194767 4 0.642442721716928 0.4347202295552367 0.039240506329113925 1.819687954536377
0.6779057256561851 3 0.32728276560831604 0.2843273231622746 -0.0059447983014862 1.490452056698631
0.9507449270676422 4 0.5118490826722353 0.44569288389513106 -0.016176470588235296 1.7284042606239174
1.0336965498709902 4 0.5852053874658238 0.46774193548387094 0.042879019908116385 1.891675252628679
0.9212862108237426 4 0.4264797286480388 0.6997455470737913 0.2772695285010556 1.3124218739322528
0.7529716827772218 3 0.2860461532862675 0.17601246105919002 -0.19934237566789972 2.584108410274345
0.6682507203178039 3 0.25468268817083534 0.5886475122634899 0.08251254413677755 1.5881611682808483
0.6210843745575724 2 0.48079127907840047 0.5776566757493188 0.20805617147080563 1.1089215047769023
1.007106440362937 4 0.3338961686797017 0.3153153153153153 0.12957998212689903 1.704943345098773
1.0627876534645906 5 0.40128981456624113 0.6069418386491557 0.2169609416800428 1.547920325182539
0.9454525408721228 4 0.43227481415415797 0.2 0.0 1.2294228634059947
0.9593439999460509 4 0.3701648857772391 0.7659783677482792 0.23241852487135506 1.4277945639707565
0.8823079245247629 3 0.17741738476418112 0.9178082191780822 0.09874476987447699 1.6596250609496577
1.0350126335046075 4 0.5565721805117367 0.3451443569553806 0.08040201005025126 1.0444677772847333
1.2998647330382207 5 0.57972481273712 0.6598924088463838 0.21846619576185672 1.300112580879253
0.6869595765993484 2 0.5008242490400004 0.40633245382585753 0.260932944606414 1.0841959209441807
0.801432681733353 3 0.31537448956397984 0.6134228187919463 0.24257520597815674 1.2995931854495943
0.6818526087328294 2 0.2671062661546669 0.5493257629524485 0.14173064951234696 1.3919514027105535
1.1398383524951912 5 0.4618320556844105 0.47273816656680645 0.0991393578285336 1.3897140867110034
1.048641581490002 4 0.4282143218458805 0.6332607116920842 0.16673182173573103 1.3704580554475827
0.9086787317754632 4 0.41206370382041724 0.38636363636363635 0.11500449236298294 1.1315891393333894
0.9901552633814151 4 0.44764872345572104 0.6666666666666666 0.034482758620689655 1.8849001794597504
0.9248499600073025 4 0.3524400912995999 0.527719298245614 0.08763292634895628 1.8351018285508882
1.1086286122258227 5 0.5508243989076599 0.41379310344827586 0.04387755102040816 1.6991198638922718
0.9832709442526746 3 0.2400694320585111 0.19642857142857142 0.035 1.4487350915106947
1.034977630218932 4 0.4213471914953073 0.5060129509713228 0.1572197999487048 1.3062650520304724
0.8738413903022423 4 0.30436141143603235 0.6713021491782554 0.04978096375945838 2.1734067233943533
0.9832709442526746 3 0.6982032332977409 0.7126269956458636 0.19428571428571428 1.5867379522667062
1.1407161964286858 4 0.31036337362840977 0.5625 0.1788793103448276 1.2417805688398216
0.7902307553651863 4 0.4731439348165734 0.5775862068965517 0.12234042553191489 1.5996173100524473
1.1966077112492732 5 0.6661675865764981 0.7050898203592815 0.23202470224966917 1.679021547462381
1.190071307235074 5 0.4809005006476749 0.5038284839203675 0.11578006258381761 1.5426490865746172
1.0910020110154024 4 0.5156860102010683 0.37900874635568516 0.2020680741059888 0.9630925483388907
0.8852848344614438 4 0.5421985749459415 0.12549019607843137 0.13259668508287292 1.6003317301412225
0.8037391073239946 3 0.5576439104348021 0.0 0.3333333333333333 1.5245190528383283
0.5455925739719631 2 0.35057697432800033 0.5664819944598338 0.15717455621301776 1.8792797766518243
0.8498740601205126 3 0.416762461006651 0.26499032882011603 -0.019097222222222224 1.264870551168206
1.2990813371887988 5 0.6091566545144035 0.47155688622754494 -0.03640256959314775 1.7290106331107264
0.6365121682970628 2 0.1001648498080001 0.7352112676056338 0.23169811320754716 1.4816927982803108
0.465997256964483 2 0.2504121245200002 0.6066666666666667 0.0967741935483871 1.4424198421397199
0.8277351570102379 3 0.5675688678526705 0.477124183006536 0.15369928400954655 0.9970473479569494
0.6210843745575724 2 0.16026375969280016 0.3886986301369863 0.18983957219251338 1.0696615104329426
0.7119170414129119 3 0.4112522155462676 0.5769854132901134 0.14722039112283014 1.3948094519681193
1.1039616526534424 5 0.412031332510306 0.391072618254497 0.1357449188886817 1.7255467593926737
1.3917347695399336 5 0.7225448687935111 0.44533333333333336 0.15729511209114297 1.8245623463467895
1.162695833512044 4 0.614611149934356 0.4666666666666667 0.13874450219912035 1.5405150655546012
0.7529716827772218 3 0.22518214226376138 0.7772397094430993 0.28012820512820513 2.587904838844385
0.7945576059915919 3 0.32059894598710725 0.3767123287671233 0.10899111343439624 1.6015412806257017
0.5297041990605473 2 0.2003296996160002 0.26905829596412556 -0.004366812227074236 1.099758448062303
1.0237115068553042 4 0.5809877196065371 0.48655256723716384 0.14610817941952506 1.332882045922073
0.9906091211428332 4 0.5064802494653746 0.578386605783866 0.2778497409326425 1.7326393971714578
1.1078861709568832 5 0.4995114799569212 0.5264100268576545 0.07196162046908315 1.6805220957097802
0.8305206914932463 3 0.5093653763416707 0.5443037974683544 0.10802732707087959 1.7592390116346517
0.9743117528756828 3 0.5063207594160791 0.594488188976378 0.2914691943127962 1.2556299438942633
0.9470541522889971 3 0.5407815666948117 0.44617784711388453 0.27702702702702703 1.4120228693307462
0.6869595765993484 2 0.4006593992320004 0.672 0.1824175824175824 1.3078179306876176
0.7529716827772218 3 0.42744761541631615 0.896774193548387 0.18898623279098872 1.925124373874604
1.1034289096530807 4 0.523180266019404 0.7461858529819695 0.3234298608499436 1.2728880947901464
0.9759350643733121 4 0.47910441820548055 0.34572072072072074 0.18547854785478549 1.7293307805167997
1.0117227407833673 4 0.5714181397668525 0.6835699797160243 0.26929514599218896 1.806264910984464
0.7688913190575082 3 0.3813101719900879 0.6091127098321343 0.15651760228353948 1.5401581435130642
1.0133096873552947 3 0.3138090479750893 0.6123535676251332 0.20469798657718122 1.7090634119573263
1.2227753162068027 4 0.49590938580500993 0.5596638655462185 0.1702029520295203 1.2399029711525755
1.0609541504576758 4 0.6111170785757291 0.3145478374836173 0.1100952380952381 1.0450204754365218
1.1432712062088137 4 0.4451868139831279 0.5967617579028527 0.0831674408316744 1.35025727311827
0.6019209717449048 3 0.34910161664887046 0.4221879815100154 0.02014388489208633 1.4517407468486374
0.9647430452481203 4 0.27048404849669005 0.5050251256281407 0.19121447028423771 1.5187063403599634
0.8451102568551117 3 0.42595131452350216 0.32731648616125153 0.021003915984336062 1.1406906151692513
0.9470541522889973 3 0.5649763077010965 0.680064308681672 -0.01776429809358752 1.4333193656640906
0.562333144621475 2 0.46728079110154014 0.5162241887905604 0.0927092709270927 1.422483012552455
1.2077199818549011 4 0.6960069367471429 0.6762778505897772 -0.04389880952380952 1.6661494994167647
1.1858163126434924 4 0.40700287282162306 0.5841059602649007 -0.0007541478129713424 1.5691064768143301
1.0201266525225179 4 0.3587286189700119 0.4184184184184184 0.03555941023417172 1.6969783200137039
0.6730096670113398 2 0.35614168820622255 0.18498659517426275 -0.023773006134969327 1.4524179270214967
0.9845258991578472 4 0.4619712090080321 0.2747747747747748 -0.10020502306509482 1.6700481335617086
1.1290767923525773 5 0.4915189247416152 0.5841995841995842 0.044263775971093045 1.6816335795445099
1.0283911667196848 3 0.6525127079711703 0.5025 -0.03897007654836465 1.529253036686938
0.9002530512753368 3 0.5770627377496276 0.42857142857142855 0.014373716632443531 1.7408653398300573
1.368684637644648 5 0.6257359966850833 0.42086956521739133 0.05094951366373321 1.255828454159223
0.8815292611983065 3 0.4115123525307263 0.3582554517133956 -0.11764705882352941 1.5081532854849558
-9.999994999180668e-07 1 0.0 0.4913294797687861 -0.002890173410404624 1.5223144446987642
1.2730243365997505 4 0.4103217137467779 0.4476744186046512 0.1588628762541806 1.2307956974699956
1.2945411658554375 4 0.8070964899416628 0.5617977528089888 0.031578947368421054 1.8098818277741984
1.2770302594760556 4 0.7701860622426159 0.625 0.32142857142857145 1.3552616434012001
0.7774591319216559 3 0.32271719751409295 0.4491279069767442 0.11067193675889328 1.3283252153404805
1.0198622142834715 3 0.5556558691204999 0.5338865836791148 0.04617205998421468 1.5199581531186264
1.1803005570082867 4 0.5516894923436735 0.5449438202247191 0.16082164328657314 1.306607734138552
1.0770172486799863 5 0.5485807962975604 0.6143856143856143 0.26317256760524116 1.0891910387451353
0.68531220727849 2 0.3618859089837423 0.6023976023976024 0.2156805596036141 1.1406999893623067
0.9214904308740949 3 0.6177451459706518 0.5254545454545455 0.15004703668861713 1.5683507662458287
0.8305206914932463 3 0.3258533188060359 0.34507042253521125 0.12266928361138371 1.8365778590267225
0.9743117528756828 3 0.6962290192341118 0.5239520958083832 0.17200674536256325 2.0993847857010235
0.6615612381601154 2 0.3434223421988575 0.7113095238095238 0.1628099173553719 1.7830279333401753
1.0609541504576758 4 0.6514092195766831 0.7693474962063733 0.17233950883239982 1.2824117543038338
1.162695833512044 4 0.7861767981737585 0.7230392156862745 0.023333333333333334 1.6139395391518108
1.1097133342472072 4 0.6121087131902113 0.5510616784630941 0.11018543402311207 1.3311795984429413
1.0209577698656283 3 0.7240791954159146 0.5172774869109947 0.13805004314063848 1.4295687423803205
0.6365121682970628 2 0.3004945494240003 0.7119113573407202 0.11009174311926606 1.5718125682774704
0.6914140776191252 2 0.15024727471200014 0.5288461538461539 0.12613430127041741 1.2396367323666517
0.6615612381601154 2 0.4578964562651433 0.5833333333333334 0.0594059405940594 1.4313780983696645
0.6779057256561851 3 0.10515778676465845 0.82398753894081 0.32025879498584714 1.641494052559694
0.7732166077372823 3 0.35067700099498356 0.7138047138047138 0.26278713629402756 1.2298173497007563
1.2148856539607453 4 0.5544549347252485 0.7371273712737128 0.20975232198142416 1.5901834539997097
0.9404439886710406 4 0.5963251833104977 0.804147465437788 0.27577937649880097 1.5958376736441204
1.049230129263996 4 0.48423287673047904 0.4298540965207632 0.1002463812750231 1.3571879603071115
0.9560413809737569 3 0.53066962864442 0.1277258566978193 -0.034047919293820936 1.0022014067300191
1.0733806203412612 3 0.629218499251486 0.55 0.14150943396226415 1.0110042339640768
0.4634105588430012 3 0.19782733960699278 0.2189922480620155 0.029981261711430358 1.3397568532950834
0.8305206914932463 3 0.37613845074502633 0.6991869918699187 0.22847682119205298 1.6723054880864583
0.9868954488573299 4 0.4824533952683492 0.3068181818181818 -0.15709969788519637 2.102700667882411
1.0027265210159457 5 0.582181735834784 0.6156736446591519 0.17678220069623127 1.6950450292208792
0.8313995205030317 3 0.5614817996498475 0.4642857142857143 0.08168859649122807 1.3059098796453488
0.9150218227261521 4 0.3443648640502219 0.4419535628502802 -0.021349080172609586 1.6314660434624064
0.7774591319216559 3 0.45594412311073723 0.4644808743169399 0.17261410788381742 1.3317713924057442
0.8396018998715464 3 0.4264212037935853 0.5953150242326333 0.142957416939635 1.450256222188152
0.8305206914932463 3 0.4649336057616597 0.40249609984399376 0.06969280146721687 1.4829575759362568
0.9149473940003432 4 0.48237070622438244 0.5135834411384217 0.0496 1.5167807314461852
0.6365121682970628 2 0.2828183994578826 0.3794466403162055 0.044400785854616896 1.6888135809148017
0.8876912758074611 3 0.4553499347593962 0.3871951219512195 0.024247491638795988 2.200471980096399
1.171974878543936 5 0.7090256798273664 0.5722120658135283 0.028978388998035363 1.4365471772238785
0.8060007320812699 3 0.2934268913696921 0.5289608177172062 0.04068209500609014 1.4945993950758227
0.3488300958480944 2 0.2003296996160002 0.5552407932011332 -0.048868778280542986 1.372375026929891
0.6682464776666426 2 0.1414091997289413 0.5817438692098093 -0.0004045307443365696 1.6291525915423604
1.1638240607560268 5 0.34608470197066316 0.38189955246146196 0.008641450630400907 1.3377924482577324
1.0483433576390764 4 0.5067927387874962 0.3683806600153492 -0.07810073219436432 1.331564591953212
1.0408358374387054 4 0.4849935935395108 0.4849023090586146 0.2626837363679469 1.336240065662945
0.8568550369113854 4 0.35554100086969254 0.21087786259541985 0.06177494199535963 1.4344083068605389
1.2227753162068027 4 0.6764921986220206 0.598893499308437 0.18929254302103252 1.766892381869699
1.0114012647128516 3 0.6626224160887906 0.31393939393939396 -0.001324942033786022 1.395623912069507
1.1519246336150086 4 0.6208050548793447 0.4336147352264006 0.03161796772786742 1.4859070975349626
1.1034289096530807 4 0.5996977945254184 0.41825613079019075 0.016753091344236137 1.4060053030253472
0.7460296647274991 3 0.2947076507803858 0.5403225806451613 0.1962818849978383 1.6962109602435345
0.7826773528602637 4 0.25197065239324246 0.4060012247397428 0.07226415094339622 1.5554452992896453
1.3059060068347534 5 0.6247676915968948 0.4200956937799043 0.05314685314685315 1.8868552514887953
0.8003380688564513 3 0.35938093837038926 0.5108695652173914 0.1761319026432871 1.2780651455194696
0.8815292611983065 3 0.5093653763416707 0.8211829436038515 0.21351351351351353 1.604789514151734
0.8305206914932463 3 0.4801388641170222 0.3990228013029316 0.12650871703173894 1.0733844608533012
0.8647370965378594 3 0.5093653763416707 0.5833333333333334 0.030601659751037343 1.6582513993876526
0.8222613373494543 4 0.43411036066782965 0.4944356120826709 0.04097951024487756 1.382676626940458
0.9743117528756828 3 0.6447819800668075 0.6878402903811253 0.14374675661650232 1.4989115967152093
0.68531220727849 2 0.21368501292373354 0.498046875 0.1535181236673774 1.8960485889191638
1.0836058380116442 4 0.5523428224979916 0.4994026284348865 0.02936857562408223 1.5687408559579012
0.887691275807461 3 0.4205099870000919 0.5323529411764706 0.0857305610937055 1.4857644374509316
0.9840835030884703 3 0.7296194236508818 0.32465543644716693 0.16922382671480143 1.5588431698753773
1.1939325536736942 5 0.4943894998726652 0.4531384350816853 0.09375 1.5361976779252997
1.2130035659909042 4 0.6831194381318964 0.3910386965376782 0.03288314738696418 1.736946894499068
1.3580785157163766 4 0.7707091553169634 0.18125960061443933 -0.16086587436332767 1.325854150389578
0.9984240905676025 4 0.47355403469047525 0.5545851528384279 0.31277641277641277 1.7611613463417608
0.956454294016604 4 0.4974551130253052 0.5737855178735105 0.12274745364324889 1.5181978268308622
0.6615612381601154 2 0.4273700258474671 0.6091772151898734 0.24303916941953752 1.302998719190471
0.6662764424167884 2 0.2671062661546669 0.6836555360281195 0.2815347721822542 1.4702001464490884
1.0114012647128516 3 0.8144568672349564 0.7463768115942029 0.2551928783382789 1.7772899721114301
1.0609541504576758 4 0.4854646635374577 0.5665236051502146 0.14358974358974358 1.4284880638825344
0.7534394611888335 3 0.49280060569656176 0.4515366430260047 0.10111953773925605 1.6765122268153603
0.8515812539321699 3 0.46889802409084486 0.26343519494204426 -0.010095011876484561 1.1723715833296517
0.6931451805619453 2 0.3434223421988575 0.5369059656218402 0.08304195804195805 1.5606691549595073
0.8017441601322315 3 0.3800046211110233 0.5078459343794579 0.14934026389444222 1.4640056937553458
1.2318258887381763 5 0.5813007672365773 0.43661971830985913 0.13001563314226158 1.2001915852971183
1.009596999213055 4 0.43282233436096473 0.49333333333333335 0.12225776965265082 1.5671852082997089
0.9344329631560155 3 0.4110648276866441 0.14463350785340315 -0.10714285714285714 1.1129886737051717
1.0618417765414687 4 0.6953496043269497 0.4531645569620253 0.005409304002884962 1.7599678587765053
1.0201266525225179 4 0.5241936333535245 0.5282534246575342 0.14585274930102515 1.5732788128750663
0.9839584460068291 3 0.41721668412472207 0.2710204081632653 0.011320754716981131 1.632244465018249
1.0618417765414687 4 0.3184609282352144 0.4397810218978102 -0.044001023279611154 1.3205884940603945
0.9206709331603874 4 0.4133681597927451 0.15890850722311398 -0.11874105865522175 1.1821133583168257
0.9368853075459159 3 0.6433603641050695 0.3438320209973753 -0.03877221324717286 1.6479231569665305
1.006381669843476 4 0.4447196887205271 0.7026455026455026 0.22763480392156862 1.6740255601062968
1.0523628061659378 4 0.5163560681169274 0.3766999093381686 0.07574974146845916 1.517180579112611
0.2868339830627061 2 0.1456943269934547 0.45504587155963305 0.12380952380952381 1.5485302432866732
1.1966077112492732 5 0.6759446302747469 0.42242503259452413 0.11836115326251896 1.4795037319303925
1.0946166329451752 5 0.3943770748404551 0.7262872628726287 0.177571860816944 1.6882914727544238
0.9868954488573298 4 0.6680324031652892 0.6091503267973856 0.09944751381215469 1.382513813018216
0.8222613373494543 4 0.560297795163771 0.4206128133704735 0.03620689655172414 1.4173407174019637
0.6492463548730875 2 0.5008242490400004 0.6361185983827493 0.11464497041420119 1.9641465889656418
1.0368233468392005 3 0.6793009241554862 0.375 0.13157894736842105 1.6696863630958123
1.1584062920846585 4 0.5969186492819566 0.5217712177121772 0.08402146985962015 1.4927982119754513
0.6931451805619453 2 0.3205275193856003 0.5150684931506849 -0.041895066562255286 1.4681672654893625
0.8002813336324297 4 0.42377296515270885 0.5698818897637795 0.19447779111644659 1.7067234216428782
1.082192530043434 3 0.3999603832019522 0.2513812154696133 -0.06854531607006854 1.8176060089885078
1.2347361242542398 5 0.5487266999310902 0.450065703022339 0.13836477987421383 1.5363620385206644
0.9338208517207902 3 0.5639098181356462 0.5006211180124224 0.10701584222437763 1.7904084028641356
1.2123098802805643 4 0.5847045408216434 0.5006765899864682 0.19161456417800662 1.7782216851267063
0.562333144621475 2 0.2671062661546669 0.4258241758241758 -0.05093440820813485 1.6653026703944172
1.0433504269474334 3 0.7581935209141523 0.6241519674355496 0.24808868501529052 1.7104819627115784
0.8239562165098322 3 0.250826329211351 0.6637055837563451 0.1674740484429066 1.8501909988992882
0.9832709442526746 3 0.7032350045161044 0.5298804780876494 0.0395227442207308 1.7942771438932945
1.090595473795032 4 0.5098108366252992 0.32318104906937395 0.02665441176470588 1.2659112939429569
0.9470541522889973 3 0.7318091017793744 0.6089613034623218 0.31745086360929126 1.1673989499502677
0.9743117528756828 3 0.6183975609320299 0.49019607843137253 0.0191415313225058 1.5044782727093529
0.846362829637054 3 0.32522994236285424 0.3947001394700139 0.06739305891848264 1.5366989138298408
1.0042394730599098 3 0.5396867276305654 0.6060606060606061 0.048428207306711976 1.735035856127164
0.7744171530016557 3 0.3935323980537615 0.6578947368421053 -0.007246376811594203 2.4894230581935077
1.1083790367981465 4 0.46111812259546486 0.5036615134255492 0.14482758620689656 1.3795994259771234
0.8640703673004212 4 0.3607748928217841 0.5602373887240356 0.13543003851091143 1.3847249792180516
1.0281808593383257 3 0.6208523292945803 0.3333333333333333 0.0 1.2663460352255527
0.8953286659862907 4 0.6647947713236674 0.0 0.3333333333333333 2.5490381056766576
0.8979427248642797 3 0.5818360277481174 0.6582278481012658 0.12286689419795221 1.3354876047794983
1.0319940915594747 4 0.3583330906798209 0.3 0.16666666666666666 1.2950961894323343
0.8058244790710689 3 0.40021457084924245 0.5 0.4411764705882353 1.3013139720814413
1.0912065822449788 4 0.5368593007920556 0.3248259860788863 0.18761726078799248 1.1099810661914047
0.5297041990605473 2 0.1885455996385884 0.2 -0.21052631578947367 2.553589838486225
1.145543265849709 5 0.5764643800564245 0.6956521739130435 0.04430379746835443 2.171153629542314
0.8167723243639824 3 0.38451081693598077 0.41304347826086957 0.33548387096774196 1.4331937942660828
