1.1185355956694383 5 0.29569208786785434 0.7075208913649025 0.4124783362218371 1.1904382165520309
0.9269025594249207 5 0.21110756391534666 0.812133072407045 0.5127551020408163 1.0547860317478208
0.9160641370329957 4 0.34778015319044864 0.5412087912087912 0.3974358974358974 1.1415723812250618
0.9269025594249207 5 0.29317819728942274 0.5805860805860806 0.2667044167610419 1.3495379404508192
1.494170138304642 5 0.5905460378231014 0.56797583081571 0.24177777777777779 1.3554118749684203
0.9743117528756828 3 0.29457343531883035 0.5685483870967742 0.48118279569892475 0.8775062421850536
1.2468236415853091 6 0.3534780597060577 0.6658653846153846 0.2193839218632607 1.4252620371968305
0.7083425777317961 4 0.17823942273600565 0.62217659137577 0.40996677740863785 1.2533127352625197
0.580886359250239 4 0.05896760150274594 0.3081180811808118 0.005535055350553505 1.821626294216222
0.5239083218494419 5 0.07437939931586007 0.44192439862542954 0.30006835269993165 1.9280855968369137
0.6452416705539008 4 0.062340566819238497 0.6751724137931034 0.6328892771347456 1.113884481261527
0.6691765226130311 6 0.17706016963329455 0.5169712793733682 0.23839662447257384 1.4954878528153805
0.8717764825026356 5 0.3185299125742782 0.5714285714285714 0.45701357466063347 1.1724551046022271
0.49535588178927903 4 0.06221332526822911 0.817246835443038 0.4903645833333333 1.1840503262308717
-9.999994999180668e-07 1 0.0 0.9191073919107392 0.4281729428172943 1.2862707517531367
1.2000813228068874 6 0.4425986691421375 0.6770833333333334 0.204337899543379 1.6094263368336583
1.0373873246496352 5 0.2568441046882563 0.7001434720229556 0.42946708463949845 1.169523704382057
0.49535588178927903 4 0.07837313055097202 0.7282700421940929 0.4298507462686567 1.2886959844899786
0.9089037349314474 5 0.180100496780969 0.6563944530046225 0.49976042165788215 1.039240772985384
0.7158909219906308 5 0.12437477149203759 0.5625 0.4739583333333333 1.2636367577465095
0.5851606824956601 4 0.17389007659522432 0.8170515097690941 0.5340438129070456 0.9886873114648947
1.5229500675463181 5 0.45768325992019976 0.5289017341040463 0.4804270462633452 1.5081330455611401
1.2848727678618528 6 0.44202762738255275 0.45738636363636365 0.22659870250231695 2.003569996306474
1.0735388464213231 4 0.19675158343052315 0.792 0.4162046908315565 1.163072425696056
1.1240297222316284 6 0.47961425406367947 0.7415540540540541 0.39132882882882886 1.1658515237065206
0.7963086401815129 3 0.13353142758968306 0.8636363636363636 0.6 0.8015442998279758
1.0397177708449181 3 0.1924717944664104 0.6981981981981982 0.2798110979929162 1.23048543823316
0.9976098641704451 5 0.22232604715959015 0.7117117117117117 0.2481012658227848 1.410874521374842
0.8222613373494543 4 0.18697614003674382 0.7504587155963303 0.22453703703703703 1.4561427697662745
1.4734963851086484 6 0.4723900445369988 0.6802030456852792 0.1780821917808219 1.5896861715096493
1.0373873246496352 5 0.2587218724853875 0.8118466898954704 0.32510964912280704 1.3966848896403588
1.2033270407244034 5 0.4404712003921804 0.30602782071097373 -0.02773988176443838 2.4097646605851386
1.0408358374387054 4 0.19688839209543338 0.9226594301221167 0.6954120645709431 0.9614179422193907
0.4634105588430012 3 0.0423041472550367 0.21138211382113822 0.04289544235924933 1.9531354133764398
0.5757265142931298 3 0.062354002396515305 0.41741988496302385 -0.006946299759551162 1.8497873620260052
1.6674559334506283 6 0.6821019113336391 0.8014705882352942 0.34394904458598724 1.0972858618753065
0.9002530512753368 3 0.11639413780682857 0.6468926553672316 0.513819664703217 1.131677761075721
0.6887558669196318 3 0.05135035491477731 0.6047774158523345 0.3973168214654283 1.7804610940297179
1.1274782350206984 5 0.2823474287335 0.5543071161048689 0.2387606318347509 1.9070872147587963
1.3208843431586554 4 0.48020492026787415 0.5393258426966292 -0.02555366269165247 2.32746679369997
0.6238440040368904 4 0.15514862428229845 0.6208112874779541 0.35962877030162416 1.318764108631953
1.0373873246496352 5 0.3078791416441625 1.0 1.0 0.43354708762740973
1.1601812440033161 5 0.3980624962211079 0 0 0
0.8571700436615106 4 0.15744709902250026 0.7204968944099379 0.43100189035916825 1.0923792476428935
1.3038705293568131 5 0.32407865406139424 0.6763005780346821 0.4433676559660812 1.1257222621524703
1.3862903611278907 4 1.0566970966023435 0.8741258741258742 0.5343511450381679 1.5607769727532312
1.494170138304642 5 0.5177159348025074 0.6431095406360424 0.5934291581108829 1.245367922813654
1.2468236415853091 6 0.3147866196633097 0.8532695374800638 0.6394805194805194 0.9452918925427122
1.7328619514198633 6 0.7534573721756904 0.8722222222222222 0.42771084337349397 1.0907687702907107
0.562333144621475 2 0.05328701692569689 0.6854700854700855 0.5435897435897435 1.1120671555132433
0.8222613373494543 4 0.27493520629757495 0.48845470692717585 0.325044404973357 1.3298298471775685
0.7578988420493162 6 0.15743185975014942 0.6489439184268027 0.3930131004366812 1.3942827305618481
0.9736449232145133 4 0.18065981928953057 0.6375198728139905 0.4414976599063963 1.5129885712215605
0.6825842847937633 6 0.12470907338002882 0.5852317360565593 0.34709906257917406 1.5003604753780622
0.7318840681358938 5 0.11925020961378154 0.5850860420650096 0.39283527250459277 1.2000119488125534
0.4533479617305936 3 0.0409821426533168 0.5909502262443439 0.27959846471803956 1.40395661709205
0.5982261495711728 4 0.13569274281819982 0.7422126745435016 0.5550630753494715 1.0969923255692307
0.6238440040368904 4 0.2088213446563991 0.7624750499001997 0.478709248170326 1.0844089926898353
0.7892723735038157 5 0.1916960411585729 0.7948717948717948 0.5102122547056468 1.1381543758881736
1.0408358374387054 4 0.20160631285301173 0.6603221083455344 0.36601007787448464 1.2361173026540766
0.9976098641704451 5 0.27164548138079303 0.5053763440860215 0.3625418060200669 1.3890942627023932
1.2468236415853091 6 0.37256498676992666 0.3526093088857546 0.20919540229885059 1.8582838705570692
1.0735388464213231 4 0.5452827536711343 0.8706199460916442 0.6178660049627791 0.836610165603805
1.2000813228068874 6 0.3278887462351576 0.7099644128113879 0.4779116465863454 1.0394795510860069
0.9705810460045976 4 0.1875369907159316 0.6878980891719745 0.5147058823529411 1.3382439342872563
1.006210565960437 4 0.15199200319200074 0.7190332326283988 0.40157116451016633 1.8339288168226102
0.7318840681358938 5 0.11516810216649302 0.5229040622299049 0.3251342945999435 1.577215473691722
1.0373873246496352 5 0.323817506213886 0.565359477124183 0.37636165577342046 1.4911406265615659
0.6415468483801688 5 0.1168646858519157 0.5867714472822528 0.4228571428571429 1.5497486844627644
1.093766447265925 4 0.30120331423541985 0.6808905380333952 0.46403712296983757 1.671011420519212
0.9269025594249207 5 0.2960067032202234 0.5792276964047937 0.09198423127463863 1.7984812483168044
1.0408358374387054 4 0.19688839209543338 0.45790554414784396 0.21414790996784566 1.9288447342962942
0.8387228529394822 5 0.292998923225234 0.7174211248285323 0.4458161865569273 1.2397568525229685
0.9507449270676422 4 0.20399791261026073 0.858603066439523 0.6515463917525773 0.829587975914673
1.1601812440033161 5 0.24448437286063196 0.7247557003257329 0.482566953006569 0.7756058167073278
0.7720981207377531 4 0.14454537987743646 0.375 0.18717277486910994 2.096588856484771
0.4825755651802941 2 0.10657403385139377 0.5080763582966226 0.1860009789525208 1.7364140820198977
1.0735388464213231 4 0.39337724258221723 0.3246217331499312 0.12126537785588752 2.119740625278629
0.7776562958027903 5 0.2725783428272285 0.5735294117647058 0.37604290822407627 1.7616484587993484
0.474204127243458 4 0.08824793132663036 0.7786366830639494 0.4017327861377109 1.3385994709028193
1.5229500675463181 5 0.5053001814090563 0.5416666666666666 0.3026315789473684 1.385349868449763
1.8310134811420158 7 0.7925634322378774 0.46949602122015915 0.02832415420928403 1.7729865471702302
0.3336942451402726 3 0.037644217666813654 0.5154769425142135 0.5954937881659297 1.2519895225097128
0.6264684013511459 6 0.14097824792897196 0.686013986013986 0.343957807842238 1.4452065099150955
0.9868954488573298 4 0.12742302771523425 0.6138613861386139 0.22304648862512363 1.630786678369612
0.7029159307848437 3 0.08742857099374252 0.7622950819672131 0.5352714835399743 0.9010471945965922
1.2468236415853091 6 0.3553433610865184 0.5739247311827957 0.24959349593495936 1.363727205683434
1.1601812440033161 5 0.23714778363689615 0.6223776223776224 0.5310796074154853 1.119187278507155
0.5067312576519972 4 0.1832321476612421 0.5355648535564853 0.18620689655172415 1.6940441826352157
0.3707993581140392 3 0.04336821419095206 0.6239316239316239 0.24507042253521127 1.6363630997598708
0.7305850613801224 3 0.1339993261607988 0.3619489559164733 0.10866202629543696 2.2891953284273936
0.6125396615432839 3 0.056319744100078346 0.6264645072363887 0.4498554591950189 1.4215421192053987
0.9089037349314474 5 0.28226700659430665 0.6671875 0.5205955334987593 1.0394916094099798
0.6885633693268978 4 0.1203425910720515 0.3931428571428571 0.24613061532653832 1.7839375649023717
0.5982261495711728 4 0.11579158964141158 0.7406199021207178 0.4426318651441001 1.2512951475686804
1.4750703110856112 6 0.2962175613212659 0.5028462998102466 0.246690734055355 1.6340416175775412
0.4086947250958739 3 0.11156534254267723 0.5735641227380016 0.46865284974093263 1.1605474046336492
1.1601812440033161 5 0.3409832567954936 0.544529262086514 0.2762836185819071 1.1880460364095398
1.0408358374387054 4 0.239500695973559 0.33238636363636365 0.2589161648911533 2.079645364965656
0.6885633693268978 4 0.12883717142642623 0.6974789915966386 0.6957971981320881 1.1187540415727801
0.9180419180850247 4 0.12883717142642623 0.3133159268929504 0.32904781036560865 1.702514576147018
1.1185355956694383 5 0.16884421573215844 0.7473867595818815 0.14123376623376624 1.5186144771699654
1.0877562930978864 5 0.2745366582398677 0.6492957746478873 0.0974426807760141 1.4333185002468598
0.7356189397674613 3 0.11795188202268278 0.6731301939058172 0.14860681114551083 1.7489942883908782
0.5254388277218022 4 0.04497411870245916 0.5233245729303548 0.3691760138050043 1.687925248562071
0.8222613373494543 4 0.3201927284731453 0.8067632850241546 0.46806226516371446 1.0861487375224408
0.9180419180850247 4 0.2941594740583813 0.7579908675799086 0.3110478899952584 1.4624744264610945
1.559576156273877 5 0.5824197854538696 0.8197879858657244 0.3382198952879581 1.4052311112101206
1.1274782350206984 5 0.40094140826524444 0.671484888304862 0.5234340779675866 1.3020202645920433
1.5810877501954483 6 0.6495363112383733 0.7830882352941176 0.45949074074074076 0.9896304850158546
1.2730243365997507 4 0.3124128590420775 0.736 0.3949579831932773 1.0247633616599157
0.6415468483801688 5 0.12869764583709267 0.6063063063063063 0.4012012012012012 1.4693199247829816
0.9089037349314474 5 0.3409832567954936 0.5227586206896552 0.2578757875787579 1.7940135183290646
1.1601812440033161 5 0.29822154821045654 0.5897035881435257 0.3042121684867395 1.5838362413104792
1.1567449713498645 6 0.28644616674859025 0.5789473684210527 0.16386373436826218 1.573193791140086
0.6931451805619453 2 0.3067930129315496 0.5 0.2478031634446397 1.2919924704297467
1.2852870241534111 6 0.36784779830029773 0.47927927927927927 0.23833902161547213 1.6384704607955736
0.8305148252944701 3 0.14743985252835348 0.7486910994764397 0.6162988115449916 1.0438380469054762
1.4013876466272654 5 0.5125435215443574 0.48863636363636365 0.375 1.3155463085289165
0.7578988420493162 6 0.2004752996044898 0.3773728170083523 0.08377094273568392 1.9783157715181712
1.0791555913078943 6 0.2600214926339297 0.8647619047619047 0.5590173756740563 1.0861324571677955
0.4563314323118595 3 0.05416994036287611 0.6060606060606061 0.5570631690034675 1.352121376097686
1.3208843431586554 4 0.3132967198482723 0.8214285714285714 0.6674836601307189 1.289755803101488
1.7328619514198633 6 0.7983535430784142 0.28450704225352114 -0.158123370981755 2.0303216851037504
1.0397177708449181 3 0.3637124567221682 0.6230366492146597 0.41361256544502617 1.4515395762614256
1.1274782350206984 5 0.3099492588329293 0.5684062059238364 0.18197206940330088 1.6479942491301236
1.1499131378053324 4 0.15199200319200074 0.17352941176470588 -0.19741379310344828 2.776928612317755
1.6663255853624248 7 0.6055132675314758 0.326271186440678 -0.05148005148005148 1.6780492184099507
1.0373873246496352 5 0.26112836761360275 0.6544117647058824 0.5496357012750456 0.9543619954624427
0.6271686025543456 5 0.16701645120509923 0.5728527607361963 0.2375249500998004 1.4216163760141969
0.8222613373494543 4 0.12297004177762695 0.7834710743801653 0.3533641499743195 1.3789870860808138
1.1185355956694383 5 0.2729827257736449 0.7586206896551724 0.4255725190839695 1.4607255519132896
1.1185355956694383 5 0.2670176378504707 0.7777777777777778 0.48148148148148145 1.5406694893093866
0.9976098641704451 5 0.2541708302581063 0.40625 0.19607843137254902 2.059408270602784
1.1988453129256211 4 0.4086077737285399 0.48872180451127817 0.04887218045112782 1.9946846243724197
1.3633571023810602 6 0.41143126059411245 0.6494845360824743 0.35185185185185186 1.587427295364571
1.3143688430279452 5 0.2836185633625149 1.0 1.0 0.48645423314473113
1.0397177708449181 3 0.6385180040863897 0.7246376811594203 0.48792270531400966 1.406334376483902
1.2709526066539905 6 0.2749714000403444 0.1947565543071161 -0.10468876313662086 2.2681420121170173
0.7792219517668398 4 0.12632699985971305 0.5838323353293413 0.12133627481878348 1.7923465817270776
1.7328619514198633 6 0.8482547510052715 0.40372670807453415 0.1625222024866785 1.4139361486315365
1.0397177708449181 3 0.8792807320732269 0.6628571428571428 0.26480263157894735 1.398707767343672
1.7328619514198633 6 0.8451365772060955 0.6270718232044199 0.3197879858657244 1.158294245174531
1.559576156273877 5 0.5995564144790944 0.44680851063829785 0.3464052287581699 1.5229107575106855
1.2730243365997505 4 0.6043973331785241 0.5192307692307693 0.15384615384615385 1.7957076363569975
0.9089037349314474 5 0.3552080438642681 0.4914134742404227 0.413109098749461 1.2025127501928965
1.0735388464213231 4 0.2303344309786382 0.7503285151116952 0.5479632063074902 1.2832813963779386
0.6598680138109335 4 0.25628663753261927 0.7645390070921986 0.47745234774523476 1.1531770728944337
1.1269247948151757 4 0.2319844049316896 0.8665413533834586 0.6272522522522522 1.2067023946071125
0.9089037349314474 5 0.30347699569938413 0.7789904502046384 0.5366071428571428 1.069710153934358
0.6019209717449048 3 0.04336821419095206 0.4996572995202193 0.3098992553657468 1.7343191286068693
0.9507449270676422 4 0.14620513592919374 0.6979405034324943 0.5697758496023138 1.3296610145613719
1.5402998252523665 6 0.5821004273135713 0.5266457680250783 0.4523580365736285 1.7914624577351153
1.1185355956694383 5 0.28863669529140235 0.674565560821485 0.4303861788617886 1.2836905271804508
0.7902307553651863 4 0.1337497151521754 0.5247813411078717 0.35418583256669733 1.3337500049108097
1.1274782350206984 5 0.3184582208917623 0.7823240589198036 0.5150027277686852 1.4121288759240438
1.002714264531766 4 0.19708610649046515 0.5641025641025641 0.3021346469622332 1.41789146384776
0.9840835030884701 3 0.11639413780682857 0.6591928251121076 0.5411819450907399 1.5010400243300785
1.1274782350206984 5 0.24409773862410653 0.632996632996633 0.5606060606060606 1.3351155842574178
0.9507449270676422 4 0.24085858735306362 0.53077975376197 0.47150022799817604 1.4689894982064131
1.3862903611278907 4 0.3132967198482723 0.39058171745152354 0.23378839590443687 1.7196567866825534
1.3862893611368907 5 0.6090452822483078 0.5625 0.34789915966386553 1.2112968731375457
1.2000813228068874 6 0.3884086677646301 0.7939068100358423 0.32098765432098764 1.2635561391574879
1.3156520704334047 6 0.503749434596652 0.59375 0.3852040816326531 1.3965653357115686
1.4270560433975994 5 0.5690193669363452 0.625531914893617 0.3414965986394558 1.3515633972679675
0.9319325098562622 6 0.24085720675483896 0.3916083916083916 0.33403263403263406 2.03835166018608
0.6849507610800253 4 0.12980959925087368 0.5175824175824176 0.20266378689704823 1.9108169866345819
1.559576156273877 5 0.5299973857336654 0.5504087193460491 0.2052679382379655 1.9658712485232432
0.30833569037650993 3 0.12069302527787404 0.6437699680511182 0.39814814814814814 1.4925617330705472
0.8701936518502722 5 0.2135104341703938 0.46253469010175763 0.26678821027043453 1.5705142947658666
0.631523767329758 4 0.08974537564293658 0.6649350649350649 0.3648874061718098 1.349959918386773
0.9048928587691323 6 0.2351269093280552 0.17088607594936708 -0.21729957805907174 2.5677227026906166
0.5744157275493478 4 0.09263791821271677 0.3492063492063492 0.27314814814814814 2.2947793284782936
1.2299136037908067 5 0.3184582208917623 0.25136612021857924 0.09380692167577413 2.091507210135092
0.6436562611196064 3 0.1326034998466238 0.1848184818481848 0.07260726072607261 2.7139668386641276
1.0373873246496352 5 0.407881668897786 0.4845360824742268 -0.006269592476489028 1.7285057298878546
1.1266215590578943 5 0.2069054270581398 0.5678496868475992 0.2867898699520876 1.5366612828357158
0.9705810460045976 4 0.21075436375758888 0.5143212951432129 0.18283433133732535 1.6202472399545116
0.7578988420493162 6 0.1805000347606498 0.520682862770847 0.37019741031628106 1.3838879564568196
0.5140926973765212 4 0.14319448554104583 0.6831050228310502 0.4486581096849475 1.1502309373795165
0.8046675638197854 5 0.1052417364625904 0.5187617260787992 0.22429050961245042 2.044471860200549
1.0735388464213231 4 0.14620513592919374 0.6315068493150685 0.22837066315327184 1.7317917221745844
0.9525067469338258 6 0.24594173884019277 0.4596928982725528 0.15983860955927995 1.7337380754209195
0.5432875413532716 5 0.06970017358473712 0.6247557003257329 0.4480980012894907 1.811005991970104
1.162695833512044 4 0.3076396612549473 0.855191256830601 0.735950044603033 1.0821714951823935
0.8573196156457258 4 0.16942686425742368 0.2738643844634628 0.018959342742784917 2.185582968177913
0.6816052691015522 5 0.27408353066050717 0.44271844660194176 0.14945825366475463 1.8460352254921106
0.6415468483801688 5 0.1283950385660134 0.6847612818835841 0.49385113268608416 1.3535983199899078
1.1601812440033161 5 0.2974166119934487 0.5978695073235686 0.36889618383258105 1.3028508213118615
0.56431652090702 4 0.08439164582216922 0.14523937600860679 -0.05912460289445817 2.7918281746548614
0.5028598027066916 5 0.10508780447808039 0.606405693950178 0.2830367734282325 1.4475352766643856
0.9525067469338255 6 0.2297234360570676 0.532258064516129 0.3355607205113306 1.841829580950388
1.0441808483593227 6 0.425252364468306 0.6740947075208914 0.47818012999071496 1.3395141441599439
0.9532512528763853 5 0.22890040066224 0.49097472924187724 0.36416184971098264 1.6085700857464278
0.873897414276215 3 0.15912419981594858 0.6913183279742765 0.5246516613076099 1.6106747335682283
0.7849130476647339 5 0.17765900277301075 0.45718774548311075 0.19795758051846032 1.7233026086325722
0.7902307553651863 4 0.13192086367447445 0.4027072758037225 -0.06166219839142091 2.075719600036898
1.1150619841118241 4 0.22580492564349713 0.39915966386554624 0.24929971988795518 1.996901176273603
1.2130035659909044 4 0.5387311337637647 0.6837837837837838 0.4407951598962835 1.3707808002302806
1.4708034763383613 5 0.49735720943300205 0.4097938144329897 0.04639175257731959 2.0559062540538693
1.242449324904 4 0.5266768687271389 0.9714285714285714 0.42590866728797766 0.9011038660058226
0.6691765226130311 6 0.13952476526646707 0.7927321668909825 0.6185456110154905 0.9690964312586695
1.6674559334506283 6 0.7048912396448598 0.9642857142857143 0.40492610837438425 1.2266124960732026
1.0373873246496352 5 0.2676849494454621 0.8903394255874674 0.5242966751918159 1.0766704113605756
0.5923978775724661 5 0.16257696198181293 0.7621097954790097 0.4309918813978115 1.3885710230056376
1.276714704799067 5 0.20798694646584423 0.5619174434087882 0.4167709637046308 1.7231037614975877
0.9736449232145133 4 0.2190785210706337 0.5592747559274756 0.2422522915757311 1.4972520094310282
0.3734753806866975 4 0.054294222430820965 0.8891060087933561 0.8107240327500401 0.7670365135585967
0.9433747390003282 5 0.11442081498004994 0.5925093632958801 0.38273416483247735 1.3926129072192548
0.7000349176396291 5 0.15929175475846508 0.3639618138424821 0.4734375 1.5849321563577643
1.333466039167302 7 0.40367551168765053 0.3930530164533821 0.4284913067863152 1.3590656401709365
0.5500519564609931 5 0.14712133335730082 0.4258064516129032 0.47134551495016613 1.5143034739300665
0.7158909219906308 5 0.1496890042571194 0.6901408450704225 0.6013363028953229 1.012960900422032
0.47290644149363237 5 0.09372033596726347 0.2659235668789809 -0.012422360248447204 2.1136573893582504
0.7256885349765472 6 0.1375914927162995 0.6696501220504475 0.5206896551724138 1.0578978848150438
0.6931451805619453 2 0.12493966431565942 0.7327586206896551 0.48427152317880795 1.0735640156710986
0.9002530512753368 3 0.08962764266130092 0.8324607329842932 0.7173562600752283 1.0523723129518572
0.8874512539819804 6 0.26758191620182753 0.5739687055476529 0.5592697961119014 1.148584991859435
0.8548022849731731 4 0.17638925600071992 0.6501650165016502 0.6061606160616062 1.1025297917230101
1.233760324758914 7 0.3749100155327433 0.5300668151447662 0.21187584345479082 1.5417686388921215
1.1573692982344566 4 0.2060217804681295 0.3939393939393939 0.24509803921568626 1.8747085168717106
0.7652959453205077 7 0.18515495081194505 0.423896499238965 0.03849037740564859 1.786652920337316
0.5783222866734842 3 0.07715112718349022 0.6136986301369863 0.38401826484018264 1.3990515358018063
1.006210565960437 4 0.19195105799512624 0.5834658187599364 0.35108583247156155 1.5532174646516497
0.9976098641704451 5 0.3372416899874615 0.5125208681135225 0.27429805615550756 1.5065745493859144
1.3107796781094638 4 0.41171969488820315 0.7222222222222222 0.2708006279434851 1.4338967382765833
0.5011438424154131 3 0.03239899267246556 0.7623839009287926 0.2974683544303797 1.3673883307098647
1.118535595669438 5 0.34697747876111373 0.7492492492492493 0.5929203539823009 1.0721793102460073
0.7607512592674456 4 0.26532082795834183 0.7779171894604768 0.3569169960474308 1.4803993150424581
1.2000813228068874 6 0.3258947280694154 0.4645669291338583 0.24455205811138014 1.7292009719888803
0.5500519564609931 5 0.11838149019955141 0.58 0.5119721375707444 1.1575848823336394
0.4374919573795919 3 0.06471757044220723 0.4939106901217862 0.2532701849345963 1.9325165108617814
0.6580269975809436 4 0.07599600159600037 0.490272373540856 0.2530389481518234 1.8426946568414235
0.9781678311473877 5 0.3406917617065736 0.8955223880597015 0.6443172526573998 0.8292902625294246
1.1601812440033161 5 0.20239124080937815 0.6933797909407665 0.38533627342888643 1.0626012142195853
1.1274782350206984 5 0.32812852575712004 0.5126811594202898 0.07226792009400705 1.7336926920315776
1.0369898685319887 4 0.13706731493361912 0.4850187265917603 0.162748643761302 1.8968169932011307
0.7431068912207851 3 0.1368810320997407 0.5051903114186851 0.29238754325259514 1.8471859676600735
1.0506602766235627 5 0.21538035760950577 0.6075778078484438 0.41092847623278544 1.5712432206382407
1.0670746857376558 5 0.25348828248731764 0.8949243098842387 0.834920634920635 0.7478829026850503
0.9853826590590137 6 0.21873900782589628 0.3518930957683742 0.06240875912408759 1.8711519837578026
1.2468236415853091 6 0.47210524708494667 0.7572992700729927 0.3047337278106509 1.3227905921055865
1.1165047682562435 6 0.2424033596027312 0.6311728395061729 0.2802816901408451 1.4206622913738376
1.0791555913078943 6 0.37006854816663914 0.6705882352941176 0.32074303405572757 1.3627013265587982
1.2000813228068874 6 0.32486453099861423 0.48545176110260335 0.34545454545454546 1.8091236279031344
1.0408358374387054 4 0.24085858735306362 0.53125 0.2391304347826087 1.7877839174567358
1.791753469246055 6 0.8828347159207146 0.7028985507246377 0.3385093167701863 1.1242923801823603
0.9868954488573298 4 0.21086715036650092 0.5512265512265512 0.33247089262613194 1.472664714147861
0.9835952995571406 5 0.25141438491454915 0.6735135135135135 0.3668468468468468 1.2808186388289868
0.6580269975809436 4 0.12238879496857605 0.6419316843345112 0.45288753799392095 1.2303727159422284
0.8046675638197854 5 0.17987672797618992 0.5809379727685325 0.405446293494705 1.5592336842104781
0.43749195737959196 3 0.04995657836784083 0.5931080185553347 0.4104263309034681 1.2207946017864202
1.1972335015686102 4 0.2289484493810252 0.13172541743970315 -0.42738359201773835 2.667157794089725
0.7938129516403116 4 0.15458257083898574 0.3674863387978142 0.13479052823315119 2.7479756436223197
1.5595741563008767 7 0.5745798840191968 0.17320261437908496 -0.038199895342752484 2.2917061527522886
1.2546927001103243 6 0.34691028302793414 0.22991347342398022 0.016250495441934205 2.5414801816174846
0.7000349176396291 5 0.13235035721882812 0.4680156657963446 0.35099052540913006 1.7427106317749166
0.40594430468737996 4 0.041183721684457476 0.35930309007232086 0.18043808284536977 1.904238831187982
0.8761395346717512 5 0.1366197235807258 0.8382352941176471 0.7668269230769231 0.8891889065145002
0.6415468483801688 5 0.20441342766087034 0.6890688259109312 0.4567116759332804 1.225309015844442
0.6019209717449048 3 0.1690887114229495 0.5535714285714286 0.36666666666666664 1.4121507407516414
1.676981774344167 6 0.7331530721767167 0.46511627906976744 0.34364548494983277 1.5722004022414717
0.7720981207377531 4 0.11593692812923931 0.6569037656903766 0.504881450488145 1.396816800582966
0.4634105588430012 3 0.17466719608484127 0.5641361256544503 0.4512820512820513 1.5369251345244281
0.7158909219906308 5 0.1297775319214794 0.5006527415143603 0.36413502109704643 1.5081001365678848
0.3254538660131107 4 0.04866220372788131 0.37197786192834253 0.27944460627245366 1.8505001688275362
0.8701936518502722 5 0.13423218956770752 0.5537117903930131 0.15590947191953058 1.6363186679544206
1.0720129685770052 4 0.28492611119954114 0.3603238866396761 0.14625 1.7077685960962359
0.5505704283040294 3 0.08901802209142075 0.5614678899082569 0.407871198568873 1.3902532919497366
0.5067312576519972 4 0.06252114788338371 0.7422680412371134 0.40794382269036644 1.1830331831424952
0.9430416700201563 4 0.23213332003192974 0.7070938215102975 0.5232646834477498 1.176252996115294
0.7607512592674456 4 0.12900453170222975 0.3530895334174023 0.16075845012366036 2.315922389809193
0.6614719772311197 5 0.23220847707198575 0.27854671280276816 0.1724039829302987 1.9356508927854787
0.9208276693906101 5 0.1686355318243481 0.46920821114369504 0.2375366568914956 1.6882365939830617
0.6750697725172926 5 0.0926986782116136 0.6942469295410472 0.47336409395973156 1.4571208057907816
0.5165336486160939 4 0.05906186399850038 0.6471119133574007 0.3866487455197133 1.7070034052629557
0.7999067621080017 7 0.2323378499437806 0.2732447817836812 0.07476635514018691 1.7471463855912825
0.4953558817892791 4 0.0668748575760877 0.3433224755700326 0.13209955328653478 1.6980360623424147
0.6492463548730875 2 0.0273305515690505 0.7157894736842105 0.3502673796791444 1.4163848438674687
0.6415468483801688 5 0.17187485993432328 0.7676107480029049 0.4548736462093863 1.2532422158168557
0.562333144621475 2 0.05328701692569689 0.7443609022556391 0.3208020050125313 1.436572572716006
0.27063779365032886 3 0.15352110415784148 0.5043923865300146 0.4411693645808166 1.2672396946711029
0.674972446850451 3 0.1263965275133776 0.4283810792804797 0.18276704419276038 2.0498158213502817
0.8131854766982616 5 0.1918457411600065 0.6463414634146342 0.1990521327014218 1.5783348064828437
0.7873951574638088 4 0.15327136550426798 0.5627906976744186 0.35762273901808783 1.5255736472177281
0.7849091550028905 5 0.09153665198403996 0.6258992805755396 0.37023809523809526 1.3416043857392534
1.0408358374387054 4 0.21835771302968213 0.48271276595744683 0.261968085106383 1.5044526361843045
1.2554783251894204 4 0.2760796530566276 0.8745644599303136 0.7731343283582089 0.9797049176969835
0.9003620829960268 6 0.22599671764972457 0.548471615720524 0.26385300028710884 1.4992341859870568
0.9554431414136643 4 0.1822306854517735 0.469281045751634 0.1259259259259259 1.9845813132169838
1.5402998252523665 6 0.42728098013380267 0.7350993377483444 0.5066577896138482 1.502831329778404
0.8222613373494543 4 0.2215224954011905 0.3629737609329446 0.07663896583564174 1.9144121709187862
1.2468236415853091 6 0.3878869295915389 0.5632333767926988 0.44806605823554974 1.5844664200496381
1.2000813228068874 6 0.34561893402799476 0.6484375 0.37819025522041766 0.7470459978285897
0.6415468483801688 5 0.17652970154495143 0.4768211920529801 0.1309608540925267 1.6013374954075625
0.4211227709279107 4 0.0681081121056362 0.3333333333333333 0.4444444444444444 1.4324783161570298
0.6271686025543456 5 0.12858653155470628 0.4576271186440678 0.43915343915343913 1.1436674950270351
0.8327153015182037 6 0.21814626174450874 0.8637015781922525 0.5745675549322113 0.978808636100946
0.6598680138109335 4 0.17746805047510777 0.7919556171983356 0.5811849841700588 1.146015959019347
0.9089037349314474 5 0.335587969253985 0.7116104868913857 0.5100060642813826 1.1351629979896436
1.2468236415853091 6 0.3724641167623156 0.6182795698924731 0.3058103975535168 1.217338693096047
1.1272644235200735 7 0.19813236209286095 0.47837150127226463 0.2104216388225935 1.5643047165186275
1.006210565960437 4 0.20273939352268613 1.0 0.9311540366518078 0.657654009395121
0.6870791126164651 4 0.1498228503671313 0.5494043447792571 0.43120766176127073 1.5654702502753757
1.2468236415853091 6 0.3845265555523151 0.32561307901907355 0.198430004361099 1.6765578500946026
0.7564051364668753 4 0.12688267980531878 0.6606606606606606 0.587 1.1555605503549105
0.6005998841191265 4 0.07686976192119051 0.5075046904315197 0.36335209505941213 1.6057249698236218
0.45055920886990464 2 0.11069509552413814 0.2 0.4 2.2791022319648806
0.6701355351215954 4 0.12068644564392589 0.5575221238938053 0.14487053425106522 1.795587343010771
1.1124525824885836 4 0.15664835992413614 0.5799086757990868 0.3557177615571776 1.6371398879450196
0.9256979111429664 4 0.14305129712188305 0.4225721784776903 0.27130852340936373 1.6865814456999628
0.6474380320580451 4 0.10107804521829844 0.40227136879856545 0.13204225352112675 1.85539344309587
0.9368853075459159 3 0.31824839963189716 0.40369393139841686 0.08003518029903255 2.039256358977244
0.6134768943607276 5 0.09602162848419298 0.4080536912751678 0.0936483849989161 2.089512279231392
0.6719407041479204 3 0.0652817230014148 0.36266855926188785 0.1471492784480719 2.1550474850408503
0.4290510505259943 4 0.12584046817858435 0.37267825044937086 0.21489914120231676 2.032238687436973
0.8210190683070944 5 0.10063884506411817 0.5403050108932462 0.30964109781843774 1.705722968568791
0.5678199529397963 4 0.06604775089601808 0.19480519480519481 0.10714285714285714 2.246828980219726
0.6913920612292797 5 0.17950154338315982 0.6666666666666666 0.6666666666666666 1.0406694893093822
0.6019209717449048 3 0.08212861925984442 0.6736842105263158 0.6147368421052631 1.078331427246186
0.6356946961440493 4 0.13677601144132778 0.7695099818511797 0.35390199637023595 1.581044155108371
0.6019209717449048 3 0.2837457670645655 0.625 0.3977272727272727 1.5248053309107532
0.7390255233019499 6 0.18011131102305197 0.3866790009250694 0.30126426148627816 1.6178204365346107
0.7752047669448898 6 0.11370536964196848 0.8381795195954488 0.8053097345132744 0.6477792308474732
1.1601812440033161 5 0.20798694646584423 0.5994194484760522 0.2695367337388863 1.8508770111371098
1.118535595669438 5 0.29583909269390096 0.59375 0.455 1.1676932073552904
1.1525596161776308 5 0.42830012759012603 0.5258620689655172 0.37183098591549296 1.5157845449423826
1.0877562930978861 5 0.22884162996009988 0.6227544910179641 0.3635477582846004 1.5892744262111458
1.0408358374387054 4 0.1729716310747214 0.5911179173047473 0.48902195608782434 1.6214869729020551
1.2816270499443367 7 0.5016900846514347 0.21720116618075802 0.027176416397973285 1.971917669374871
0.8717764825026356 5 0.2760917889596406 0.18823529411764706 -0.3592639063153492 2.70315423749319
1.118535595669438 5 0.2703535974068216 0.25263157894736843 0.17017543859649123 1.4297962194079288
1.2033270407244034 5 0.4083959002876587 0.590027700831025 0.498741610738255 1.6036271639811845
0.5670547918592592 3 0.033444121468351545 0.6402321083172147 0.3303597977995837 1.39259697653841
0.8470336385684774 6 0.24647197391037443 0.6497005988023952 0.5958083832335329 1.2536897163794525
1.4648113849073128 5 0.551523008022676 0.30140845070422534 0.07793427230046948 2.0169419649957487
0.7902307553651863 4 0.1976879534685946 0.725 0.43943366544310436 1.1287667732143114
0.9736449232145133 4 0.2347931023720442 0.42483660130718953 0.3579117330462863 1.2898802327106307
1.2123098802805643 4 0.28612661761050706 0.1421232876712329 0.1744312026002167 1.9060719464396252
0.7999067621080017 7 0.20273236249702398 0.4222042139384117 0.22787144362486828 1.7452959579076068
0.7578988420493162 6 0.17633756486628405 0.6062624916722186 0.3880465831685344 1.3350744507046368
1.0408358374387054 4 0.24085858735306362 0.54 0.4742222222222222 1.4937234595139848
1.2299136037908067 5 0.3184582208917623 0.5815602836879432 0.39905437352245865 1.6486810381983021
1.1185355956694383 5 0.2623059313346038 0.9418886198547215 0.7890743550834598 0.6883115776287162
0.5851606824956601 4 0.09450295914984924 0.6926369863013698 0.3722546566583264 1.3641470254099317
1.4270560433975994 5 0.4446520943191803 0.6636771300448431 0.23381770145310435 1.1531243357956393
0.688914086273589 3 0.06401974475807208 0.4242053789731051 0.27629513343799056 1.7680931959359927
0.7000349176396291 5 0.11442081498004994 0.5517503805175038 0.3861236802413273 1.8130381137977587
0.5445956237189962 4 0.14922856287766909 0.88272157564906 0.44613548194568786 1.0767084949398038
1.1601812440033161 5 0.29124908226049256 0.7610759493670886 0.53495598135681 1.0519023033367219
1.3208843431586554 4 0.3132967198482723 0.6377952755905512 0.20980615735461802 1.5061060641943862
1.1432712062088137 4 0.2660988493549834 0.6505460218408736 0.2928934010152284 1.5338081216161177
1.303087403780619 5 0.6029208631428082 0.592 0.1271393643031785 1.2373568051838766
1.2033270407244034 5 0.33492442983739895 0.7032258064516129 0.37103594080338265 1.783287605480451
0.8313995205030316 3 0.08962764266130092 0.4147018030513176 0.09852430555555555 2.100799572993508
1.3246616106700748 7 0.33704233265795597 0.6914414414414415 0.4405797101449275 1.2213995418455856
0.8377656127169936 6 0.12739790094305325 0.6930358350236646 0.5224297059454819 1.1914373945436683
0.7181351415038845 3 0.1285852119724837 0.31095123900879296 0.22062350119904076 2.321051147656328
0.7938129516403116 4 0.10810726942170089 0.6070287539936102 0.4689245810055866 1.447226247489848
0.9089037349314474 5 0.21477150330833203 0.746218487394958 0.40553485896753594 1.2092331842063178
0.8222613373494543 4 0.22576993546560717 0.3119266055045872 0.20239623448866068 1.599505166586148
0.4634105588430012 3 0.04318311754744533 0.6684656900539707 0.23411122144985105 1.549673433185408
1.333466039167302 7 0.34520753308097213 0.6825885978428351 0.3699705593719333 1.3293565581636526
0.9525067469338255 6 0.2820492207012397 0.4861809045226131 0.23883572567783093 1.813485179275857
0.5181832130658008 3 0.18028975124822508 0.6064981949458483 0.23100303951367782 1.3826940071355893
0.23378965871499252 2 0.1600678476458748 0.8488745980707395 0.4027196652719665 1.3561330767192434
1.559576156273877 5 0.6938946561726128 0.5309734513274337 0.3303834808259587 1.0526163373777802
1.0441808483593227 6 0.252665147928422 0.8663171690694627 0.47750109217999126 1.225189358356511
0.8838716262904258 4 0.2268653719376157 0.7125827814569536 0.3675357443229605 1.3825802184405622
0.7668332316245867 5 0.20315305764110633 0.6696696696696697 0.48678764724609996 1.0430411543753455
1.2798502258440843 4 0.4320195127856461 0.5281501340482574 0.2031496062992126 1.2663992974582834
0.49535588178927903 4 0.07703851846534839 0.809009009009009 0.5989414877977065 0.9415965086641876
0.5373638018479645 5 0.08806388589142737 0.9584199584199584 0.7102081934184016 0.7789678071476082
0.9160641370329957 4 0.18949918898041254 0.8725 0.6853932584269663 0.9080539036156374
1.6674559334506283 6 0.6739791958456678 0.8367346938775511 0.49682875264270615 1.0092888221114198
0.7356189397674613 3 0.08319533919516475 0.7947826086956522 0.5251798561151079 1.0379866493047365
0.7029159307848437 3 0.08319533919516475 0.7383177570093458 0.5523906408952187 1.0546848834183562
1.2527579685172427 5 0.3267550924746199 0.6965317919075145 0.27071290944123316 1.5795846737230703
1.002714264531766 4 0.37646122654176295 0.8604651162790697 0.4280639431616341 1.1363716778925868
1.033558054221353 4 0.29055209967733997 0.7303370786516854 0.5060240963855421 1.2804340082187013
1.7478620974860073 6 0.9963594318348382 0.5833333333333334 0.2631578947368421 1.3219683889980038
0.9089037349314474 5 0.24757854812172164 0.5784883720930233 0.145 1.7093506676076635
0.8064996099138548 5 0.3136034865540824 0.6957123098201936 0.33858267716535434 1.3133648196718537
0.9507449270676422 4 0.20213246824577338 0.6554307116104869 0.35182998819362454 1.343245715867257
0.8328188358627552 4 0.13844836335992278 0.2997002997002997 0.052857614800132145 2.302901741187101
0.6722118648395888 4 0.1457807261055554 0.2057942057942058 0.00999000999000999 2.313953182035913
0.7356189397674613 3 0.13664417828926462 0.5854545454545454 0.3878787878787879 1.360011965725677
0.9002530512753368 3 0.21835771302968213 0.7394366197183099 0.5387323943661971 1.4433272606694172
1.3208843431586557 4 0.49357378066851043 0.7514970059880239 0.6237524950099801 1.2850720681849725
1.4941701383046417 5 0.46570980745409757 0.8125 0.29912280701754385 1.7438748245121185
1.1240297222316284 6 0.3759985721866163 0.7207890743550834 0.2131782945736434 1.3805637238458202
1.1601812440033161 5 0.33411879307499476 0.9044117647058824 0.4256410256410256 1.1155256792458905
0.8729434758829744 5 0.2003411320591754 0.6653185035389282 0.38658577687900236 1.2072607994275324
0.7668332316245867 5 0.20238594138367874 0.7350785340314137 0.3682373472949389 1.2944173334509692
1.3107796781094638 4 0.45160985128699427 0.5844875346260388 0.34164358264081257 1.638948072126987
1.1525596161776308 5 0.4046373819633262 0.4551282051282051 0.28846153846153844 1.796601107540614
1.0397177708449181 3 0.3637124567221682 0.7333333333333333 0.28888888888888886 1.8057797919552958
1.118535595669438 5 0.37442675157053606 0.3613707165109034 0.08255451713395638 2.1270171265410287
0.8872382356644503 4 0.1806439405147977 0.43434343434343436 0.003367003367003367 2.0440255332082526
1.3107796781094638 4 0.4239669349396752 0.5338753387533876 0.2299679487179487 1.674718887697914
1.4184786619635732 5 0.6228790992826079 0.7142857142857143 0.39631336405529954 1.406120164941122
0.342146747995549 4 0.07718841612441121 0.5297418630751964 0.33044759624240194 1.4843415986865196
0.9160641370329957 4 0.24698734285902962 0.43613707165109034 0.42275625306522807 1.206574537883004
1.2000813228068874 6 0.3090671565715458 0.25 -0.005319148936170213 1.9878702332976812
0.9002530512753368 3 0.06911785103459318 0.5348837209302325 0.29310344827586204 1.5578363976800442
0.6019209717449048 3 0.17601613405155891 0.5813008130081301 0.33067729083665337 1.2471179142234574
1.0373873246496352 5 0.2548933297787086 1.0 0.826007326007326 0.7960344170168714
0.6636617726856617 5 0.09896047188591205 0.5823939881910897 0.192 1.8215697460972868
0.6615612381601154 2 0.029152588340320532 0.7037815126050421 0.43366093366093367 1.1714459294080106
0.4845266478655639 4 0.12497054831707953 0.767013610888711 0.5214838537496664 1.1962858024214036
0.8222613373494543 4 0.3201927284731453 0.6584699453551912 0.3214936247723133 1.4428238423966033
0.7578988420493162 6 0.1648527916751318 0.6470113085621971 0.3365029054410988 1.3772237967459888
0.8222613373494543 4 0.2581838061209046 0.8549141965678627 0.34323922734026746 1.3939022222250712
0.8701936518502722 5 0.1848746088381036 0.6946959896507116 0.365731043150398 1.16262845609334
0.4258454492571436 3 0.2082460078676953 0.782608695652174 0.5234958278436539 1.0963016092690483
0.7892723735038157 5 0.17305418241506154 0.8262195121951219 0.7672764227642277 0.7944125993982806
0.6691765226130311 6 0.1762493307124764 0.7943327239488117 0.42861418736905116 1.2858766372850199
0.7318840681358938 5 0.17310022287298782 0.5170357751277683 0.15724815724815724 1.7669548250490235
1.14905569698277 4 0.46946163601412255 0.5552407932011332 0.16500453309156846 1.5833686873081667
0.8377666126764949 5 0.14180352325906662 0.8474114441416893 0.40579083837510804 1.3380418971332029
0.41982166172547153 5 0.08616653788074509 0.5952262555942317 0.4659373446046743 1.3903197967556187
0.3485409710412531 5 0.05081738220790632 0.6500383729854182 0.45974977884493873 1.3141402138142027
0.9002530512753368 3 0.16973247980367848 0.45293072824156305 0.30136175251628183 1.8546965226967285
0.9811003372826377 6 0.22428357625063722 0.43797709923664124 0.30873726458783574 1.3895923072126077
0.4634105588430012 3 0.1900326703217636 0.7883817427385892 0.5469314079422383 0.960797434560609
1.1567449713498645 6 0.2878803508690724 0.5393939393939394 0.36561649163749516 1.3897279116968055
0.4374919573795919 3 0.03239899267246556 0.6891788181120491 0.5275938189845475 1.26191480487151
0.8222613373494543 4 0.1327217605722221 0.5299727520435967 0.31866666666666665 1.3269395897488496
1.270675722364146 6 0.34916936494242934 0.36451612903225805 0.3262586377097729 2.08363663272851
0.6447118260836793 5 0.12345568385515016 0.7740355174525413 0.5174921383647799 1.0470361601688492
0.4196467699406293 3 0.044354876303822635 0.7703349282296651 0.6686135874577314 0.7930557930615888
0.5851606824956601 4 0.09562402153605971 0.6295289855072463 0.29373902867173785 1.3552478797959908
1.1601812440033161 5 0.21267073163715858 0.47730398899587345 0.17622259696458684 1.9818288052554394
1.0408358374387054 4 0.20474779519480132 0.42996742671009774 0.15867944621938232 1.7387976844705324
0.8222613373494543 4 0.22576993546560717 0.855072463768116 0.5698356807511737 0.950975719280271
0.9507449270676422 4 0.3201927284731453 0.6661367249602543 0.2379438261791203 1.3238716126650294
1.0373873246496352 5 0.35972446931995894 0.8548094373865699 0.439541547277937 1.1192224558150694
0.9089037349314474 5 0.21733124347857885 0.662109375 0.5833333333333334 1.1717903982697144
0.3141200259205712 3 0.07529275425666515 0.7616487455197133 0.508284023668639 1.1593534286978266
0.4563314323118595 3 0.15392096233699218 0.7 0.30098039215686273 1.5042240002594884
1.1240297222316284 6 0.36651766782819356 0.8744257274119449 0.3866467364225212 1.2444769488462153
0.7000349176396291 5 0.13691083709974866 0.7076526225279449 0.5620518477661335 0.9645634222272789
1.0373873246496352 5 0.3552080438642681 0.6639511201629328 0.5444670739986422 0.9324366110760155
0.897618184900149 4 0.17572262530541743 0.47619047619047616 0.49882903981264637 1.1955645863417155
0.8307158562728049 5 0.11811180901166446 0.588646288209607 0.3862387973402718 1.6938138423585019
0.8251814988442985 5 0.1706534850813264 0.6975252062328139 0.4168632075471698 1.1344534586919648
1.333466039167302 7 0.40416397327392617 0.5079113924050633 0.26683417085427136 1.4347623986889986
1.410507557145016 6 0.2910644061305421 0.4868189806678383 0.14432432432432432 1.7875717351211904
1.0114012647128516 3 0.4043294212882994 0.6847826086956522 0.3890160183066362 1.4421607611580276
0.6885633693268978 4 0.25680267057240297 0.7195994277539342 0.33473193473193474 1.3057624969439083
0.9269025594249207 5 0.16865936734114845 0.6016548463356974 0.4494296577946768 1.168755488749253
0.5010439137754297 3 0.22911963819287356 0.23076923076923078 -0.01572958500669344 2.302531261598914
0.6631754532386603 4 0.2636036119809774 0.698685540950455 0.4374792703150912 1.2535096340432719
0.7201208812949347 4 0.07562334617027262 0.48216833095577744 0.39190132650686527 1.4694780384935129
0.8492637261038569 5 0.12999184154115265 0.5017605633802817 0.4387667713388524 1.3199661244983276
0.9911348966302049 4 0.09609535059706745 0.49583333333333335 0.3181818181818182 1.7427111902112662
0.6415468483801688 5 0.14603767165431553 0.49149214659685864 0.5300086355785838 1.1402126999216204
0.731511108439154 4 0.09535117560599592 0.6063291139240506 0.5669934640522876 1.5163650951511045
1.070477653184651 6 0.36576406396900946 0.4820205479452055 0.24343607305936074 1.6545678342065306
0.692417156723806 4 0.13820065858718292 0.2897959183673469 0.13034013605442177 2.4308278530623006
0.8151822108183125 4 0.18289021858105195 0.48083941605839414 0.4061861686606361 1.4527694696738782
0.49679336986552636 3 0.0631885082264372 0.44301765650080255 0.3872318158032444 1.7260355791267217
0.6837359058583963 3 0.3275009926590774 0.8136482939632546 0.4218487394957983 1.3163471802566804
0.8461407967471423 4 0.12759142271242926 0.5788359788359788 0.3439153439153439 1.6740451199817428
0.5837432814606107 5 0.13552120414110347 0.40797824116047143 0.18540344514959203 1.907702599614293
0.9596117939179063 3 0.23145338155047065 0.5192660550458715 0.24831804281345565 1.608063890918853
1.2000813228068874 6 0.3326182277255285 0.45371577574967403 0.24008179959100204 1.4762437998808806
0.5942082443275688 5 0.08578978304827885 0.6944444444444444 0.2702156334231806 1.6423656165234364
1.1240297222316284 6 0.33940420187821174 0.5163398692810458 0.03933054393305439 2.2811251692526726
1.1601812440033161 5 0.32489901357176193 0.5626740947075209 0.1371794871794872 1.8023858489081734
1.2000813228068874 6 0.2866481314784228 0.7102425876010782 0.595176571920758 0.9875971974195378
0.9554431414136644 4 0.18187339844248443 0.75 0.5566037735849056 0.9808860782235477
0.20208333932102834 3 0.08564497455739883 0.5749077490774908 0.21476014760147602 1.7539144879698065
1.4729317587188837 6 0.4036914742171978 0.5013698630136987 0.3444730077120823 1.6672833921496164
0.9208276693906103 5 0.12355939862748855 0.5374015748031497 0.38075838295205267 1.719467539537605
1.6674559334506283 6 0.9542809731621753 0.5027624309392266 0.501841620626151 0.9569865928723393
0.6848675471891649 6 0.18356934700357136 0.6438896189224704 0.38223938223938225 1.329314818477493
1.0797296179408153 5 0.2341172169261884 0.6571428571428571 0.5152941176470588 1.3337193184172946
1.1274782350206984 5 0.21733124347857885 0.79702300405954 0.5915254237288136 1.048818120190337
0.6885633693268978 4 0.28006256816329955 0.75 0.31385281385281383 1.5500361066069985
1.1240297222316284 6 0.34044838115266857 0.7503392130257802 0.5149544863459038 1.0750575115623167
1.013280329571821 4 0.12840547310571743 0.7017766497461929 0.46672144617912903 1.4555274042915183
1.0373873246496352 5 0.23314788268221165 0.7941567065073041 0.5081148564294632 1.269884319084146
1.410507557145016 6 0.41876483420370664 0.5228426395939086 0.17398119122257052 1.4714252134223023
0.7356189397674613 3 0.08924510959805369 0.5845213849287169 0.21055900621118012 1.49198147108289
0.8222613373494543 4 0.1445441306261183 0.5941176470588235 0.14555420219244825 1.7911603543536267
0.8852848344614439 4 0.21593852904247332 0.5578800557880056 0.37424453742445374 1.3959761751277446
1.5498210458922017 5 0.6724993666818607 0.9636363636363636 0.5558766859344894 1.1252923425883217
0.5320718269487558 5 0.07077222463851791 0.9473684210526315 0.8596491228070176 0.68884962131316
0.9049911161760489 5 0.23877687201877068 0.4149715215622457 0.1876864659614863 1.7451414051123497
0.7612226299353414 4 0.13245949238774457 0.541839762611276 0.3076621595140114 1.7102224109920203
0.7214606867021781 3 0.18378610058559064 0.3333333333333333 0.3 1.3540330702328693
1.2527579685172427 5 0.3816614667600268 1.0 1.0 0.3496793685588863
0.9502675392390678 3 0.27567499583755 0.5949367088607594 0.20675105485232068 1.8162418898555341
0.6588536678008791 5 0.15335617450487216 0.1 -0.24324324324324326 1.765929522765667
0.8378050822083052 4 0.24225232264447552 0.3 0.25806451612903225 2.0277081020231607
0.5818746450838639 4 0.1385055630297583 0.5522041763341067 0.3982985305491106 1.211748811614382
0.8377666126764949 5 0.3827329040595084 1.0 1.0 0.30064126288222853
0.885570151593859 4 0.16452459355617016 0.717391304347826 0.5362318840579711 1.2686872342383086
0.6893740614353933 5 0.1892858840036811 0.34782608695652173 0.39285714285714285 1.640819848493628
