-9.999994999180668e-07 1 0.0 0.83008356545961 0.4373259052924791 1.17814531534466
0.8785220991345981 3 0.45842107540287874 0.7671232876712328 0.5733855185909981 0.9401755211075791
0.22371607607486488 2 0.15166895602667746 0.8365384615384616 0.7156593406593407 0.8558991146068239
0.9426719615709955 3 0.3640273875029304 0.673992673992674 0.4822954822954823 0.9287817233880982
0.562333144621475 2 0.5200078492343227 0.8549848942598187 0.622356495468278 0.8138766283225706
-9.999994999180668e-07 1 0.0 0.8064516129032258 0.7419354838709677 0.7887407062684947
0.6615612381601154 2 0.3235604395235786 0.7740384615384616 0.5288461538461539 1.2373268878937485
0.9433453923362893 3 0.37043303731781035 0.8193018480492813 0.5982203969883642 0.9127947804350914
1.583861061862308 8 0.4496945868948666 0.8099630996309963 0.6715867158671587 1.1222488467073521
1.0860381020342673 5 0.19394639581265483 0.7319587628865979 0.47880870561282934 1.444282370000471
0.5385539462748679 3 0.3154434856573288 0.9475862068965517 0.8974712643678161 0.8417091510245771
0.8556101747273291 3 0.4322688395104146 0.8590078328981723 0.6871192341166231 0.9592188261406721
0.22371607607486488 2 0.04995657836784083 0.6794425087108014 0.47560975609756095 1.1441116851162374
0.8832823412615883 3 0.12893092745705964 0.7784810126582279 0.4609704641350211 1.2774366890093078
0.8815292611983065 3 0.4044505494044733 0.8884239888423989 0.5099953509995351 1.4615374271515114
1.0852250400768189 3 0.48536528895413544 0.8541666666666666 0.6047453703703703 1.3079701680376958
0.6210843745575724 2 0.24267032964268392 0.7560975609756098 0.5193687230989957 1.1259801194032628
0.51675159080445 2 0.07583447801333873 0.7375527426160338 0.46526019690576653 1.1675471923404985
0.562333144621475 2 0.1617802197617893 0.8351309707241911 0.6712891628145865 0.9120161591236035
0.8869384714701161 3 0.12893092745705964 0.890625 0.7604166666666666 0.9473239931237539
-9.999994999180668e-07 1 0.0 0.8756660746003553 0.5855535820011841 0.9794069896541211
0.6837359058583963 3 0.2588702817688289 0.8121387283236994 0.5481695568400771 0.966454474667403
1.2422510455275435 4 0.33868245532401436 0.7613636363636364 0.5142045454545454 1.4040196872248247
-9.999994999180668e-07 1 0.0 0.936 0.6262222222222222 0.9399842397527627
-9.999994999180668e-07 1 0.0 0.8209459459459459 0.455518018018018 1.1617556339888737
0.5982675885877072 2 0.28000422651078916 0.7727272727272727 0.6363636363636364 0.7697552663226219
-9.999994999180668e-07 1 0.0 0.7657657657657657 0.5345345345345346 1.113660719522111
0.6057954993747123 2 0.07583447801333873 0.7612612612612613 0.7192192192192193 0.8885390477521354
0.9840835030884701 3 0.2750526452417272 0.7174311926605504 0.39571865443425075 1.4726032274781913
1.077553327071501 3 0.2647670936738626 0.6979695431472082 0.4196277495769882 1.264587659171162
0.23378965871499252 2 0.08089010988089465 0.8519163763066202 0.4372822299651568 1.1285606792869909
1.2022748015760396 4 0.26014441140664657 0.633693972179289 0.20814013395157135 1.6453097762336335
-9.999994999180668e-07 1 0.0 0.8900949796472184 0.80958842152872 0.7340617649627935
0.8060007320812698 3 0.1388851757374274 0.4878048780487805 0.4444444444444444 1.3760274223917734
1.021780998725495 3 0.1367376400283364 0.504519309778143 0.15913448370309505 1.4722337350793835
-9.999994999180668e-07 1 0.0 0.9558823529411765 0.3480392156862745 1.2348110396759364
0.37676816126100815 2 0.3235604395235786 0.7980225988700564 0.6850282485875706 0.8667203955366964
0.931440178172213 3 0.21067460730179371 0.6145494028230185 0.4592833876221498 1.5203578642918305
0.9743117528756828 3 0.21510744092340103 0.8052434456928839 0.3801498127340824 1.64519788049034
0.562333144621475 2 0.2182178902359924 0.702247191011236 0.4044943820224719 1.294988206092805
0.562333144621475 2 0.15826325846261996 0.6190476190476191 0.43621399176954734 1.0796830500369443
1.353586352154273 5 0.6142462324093515 1.0 0.8888888888888888 0.9796652553453091
0.9832709442526746 3 0.6633777159633923 0 0 0
-9.999994999180668e-07 1 0.0 0.6863354037267081 0.4337474120082816 1.1882828890454544
0.8981340031965963 3 0.4854063384020814 0.6358381502890174 0.4707771355170199 1.2931411200041807
-9.999994999180668e-07 1 0.0 0.916083916083916 0.32867132867132864 1.5533620159566777
0.6931451805619453 2 0.17333594974477423 0.9187279151943463 0.8539458186101295 0.6895679973263948
-9.999994999180668e-07 1 0.0 0.8708133971291866 0.6964380648591175 0.7784132876562089
-9.999994999180668e-07 1 0.0 0.75 0.6074074074074074 1.0431552732912848
1.0717270941171957 3 0.3883250707216651 0.6085470085470085 0.45185185185185184 1.0680104234983292
1.0717270941171957 3 0.27505264524172723 0.9573712255772646 0.7519242155121374 1.0574226526223705
0.42532629337715094 2 0.026520699969324765 0.5149308084486526 0.38455935906773486 1.1973183878066027
0.6365121682970628 2 0.049921317589317206 0.7233704292527822 0.5320614732379438 1.3875672009186848
0.8703563829618941 3 0.24927158987089496 0.6645718774548312 0.4129353233830846 1.4229478164819593
0.2771103575239885 3 0.15656150299527996 0.7820267686424475 0.5924155513065646 0.8966407919335256
0.8792782907650571 3 0.3716135719341274 0.8588235294117647 0.7659125188536954 0.8950607828695192
0.6561897920304598 3 0.08444225624976814 0.7583243823845328 0.38882921589688507 1.4511658839729427
0.9069817801834584 3 0.31652651692524 0.907185628742515 0.6590153027278776 1.0518805834070033
0.2868339830627061 2 0.052754419487539984 0.7838827838827839 0.564916564916565 1.0127561325963765
0.4825755651802941 2 0.08089010988089465 0.7013177159590044 0.45241581259150804 1.1670005899813831
0.36220855714026556 2 0.2275034340400162 0.7333333333333333 0.410752688172043 1.1518006100550369
0.9832709442526746 3 0.18272512532435775 0.7489421720733427 0.6619652092148566 1.3815163582571413
0.562333144621475 2 0.34667189948954846 0.692722371967655 0.5363881401617251 1.129797263607901
-9.999994999180668e-07 1 0.0 0.7882562277580071 0.5616844602609727 1.0021848774086208
0.8092024732401925 3 0.09429582211315472 0.7668789808917198 0.5061571125265393 1.3914725165019945
0.708685028227737 3 0.21216559975459812 0.6027190332326284 0.45720040281973817 1.67641351084304
0.6615612381601154 2 0.09855001494528688 0.7355229040622299 0.5266493805819649 1.4044612924155695
0.6210843745575724 2 0.4853406592853679 0.8758169934640523 0.6666666666666666 1.1154259831506634
1.1636616462187799 4 0.17088947961295636 0.7111984282907662 0.5712726478934731 1.139013235629447
0.20619005064325946 2 0.04714791105657736 0.9128014842300557 0.6499690785405071 1.6259179943633142
0.4361603253891046 2 0.377574751599793 0.6657789613848203 0.21171770972037285 1.6266550806945363
0.6615612381601154 2 0.3055050463303894 0.7802874743326489 0.5167693360711841 0.9486391355287661
0.3983051138095297 2 0.1155572998298495 0.8285322359396433 0.4673068129858253 1.2063236059441909
-9.999994999180668e-07 1 0.0 0.959114139693356 0.7700170357751278 0.6948739102385408
0.6019209717449048 3 0.3235604395235786 0.8501628664495114 0.7909880564603692 0.8186698931749002
1.1039616526534424 5 0.33266285025668296 0.6865183246073299 0.4256108202443281 1.2983768344466364
1.082192530043434 3 0.17375693771074538 0.46255506607929514 0.2643171806167401 1.1674830157385787
0.9002530512753368 3 0.10986451019358971 0.6918844566712518 0.5080238422741862 1.5620325998149622
1.0296500140697402 3 0.25638436877322723 0.6378676470588235 0.5821078431372549 1.4884321938948073
0.9123165024503177 3 0.21412087909648586 0.8706957132817991 0.4670883110798782 1.2965111829274167
0.848682557733917 3 0.6066758241067098 0.9583333333333334 0.6805555555555556 1.0519187357391884
0.3488300958480944 2 0.3033379120533549 0.6870026525198939 0.3121131741821397 1.4849775587473255
1.032597850116582 3 0.46987621748053365 0.7365761212886923 0.5470625394819962 0.9666257729630948
0.8675602284925862 3 0.15254689505255223 0.8671328671328671 0.5643356643356643 1.1954883117579558
1.0717270941171957 3 0.6309954003643491 0.8217821782178217 0.6837183718371838 1.0265088390944574
0.37676816126100815 2 0.1617802197617893 0.8784153005464481 0.6621129326047359 0.8338438159943147
1.0397177708449181 3 0.4692151806025598 0.7956989247311828 0.48700716845878134 1.1016013060440915
0.9470541522889973 3 0.3355371574725347 0.5629370629370629 0.39044289044289043 1.1575051074042129
1.048641581490002 4 0.3909101881837418 0.8828451882845189 0.7601115760111576 0.9315215905148322
1.2317903683881257 4 0.24796744449992014 0.9487179487179487 0.7582417582417582 0.8814625575272657
0.6128664524759077 3 0.22351764017981737 0.39675174013921116 0.3236658932714617 1.6866323326218162
0.9810368994306276 3 0.12592622136523504 0.6960716747070985 0.5653572249023662 1.3191232428724164
0.562333144621475 2 0.08089010988089465 0.6296875 0.5432291666666667 1.0698685520197593
1.0373873246496352 5 0.18439355937323215 0.5691428571428572 0.28 1.2920437350255398
0.6931451805619453 2 0.15656150299527996 0.8066884176182708 0.4967373572593801 1.2543082957748948
0.7589337727720928 3 0.2666440263662465 0.5464895635673624 0.38583175205566095 1.8038494760478347
0.6905919864796024 2 0.26963369960298217 0.7773406766325728 0.5643849986886965 1.1092600855694605
-9.999994999180668e-07 1 0.0 0.638676844783715 0.41306191687871074 1.3317633597082612
1.1573692982344566 4 0.7079591920419265 0.9318181818181818 0.7305871212121212 1.332403153672481
0.6019209717449048 3 0.16540499750253002 0.7478991596638656 0.7478991596638656 1.0653933771097066
0.6210843745575724 2 0.40734006177385246 0.9373368146214099 0.8337684943429069 0.9512523932451448
-9.999994999180668e-07 1 0.0 0.7073170731707317 0.062137049941927994 1.5876647468400171
0.6774924044507715 2 0.15166895602667746 0.8056338028169014 0.2516431924882629 1.3165895397294083
0.7029159307848437 3 0.2432668767706052 0.6966759002770083 0.3628808864265928 1.3394970272739435
0.9505332862052082 4 0.26740150251013645 0.7447437582128777 0.5974594831362242 1.3108262980466645
0.7029159307848437 3 0.3235604395235786 0.8454106280193237 0.5571658615136876 1.0475313606466388
0.23378965871499252 2 0.1617802197617893 0.7625570776255708 0.3800101471334348 1.432928220684763
-9.999994999180668e-07 1 0.0 1.0 0.5465253239104829 1.175113155654941
0.6931451805619453 2 0.05657749326789283 0.6254927726675427 0.47787998247919405 1.7014730796801725
0.6869595765993484 2 0.3033379120533549 0.6323529411764706 0.14950980392156862 1.7207924080685766
-9.999994999180668e-07 1 0.0 0.952 0.6786666666666666 0.9369282032302737
0.8647370965378594 3 0.5010222337591076 0.8117117117117117 0.596996996996997 1.1604404108030937
1.251151983376565 4 0.9727883014774044 0.8206896551724138 0.4446444644464446 1.2409705173171748
0.23378965871499252 2 0.05657749326789283 0.8549141965678627 0.4794591783671347 1.6416445662267547
0.5908402462780749 2 0.049921317589317206 0.611336032388664 0.17094017094017094 1.6154615695686219
0.562333144621475 2 0.4044505494044732 0.927710843373494 0.6164658634538153 1.1290926314626646
0.8587379130152242 3 0.4854063384020814 0.7927927927927928 0.4882882882882883 1.3758269034564254
0.5402021423916775 2 0.1011126373511183 0.7696335078534031 0.627108784176847 1.0551909946127955
0.37676816126100815 2 0.20367003088692623 0.7678571428571429 0.7429653679653679 1.2914969417918478
1.1550497739165477 4 0.30728689846414803 0.6317388003037205 0.3938243482662617 1.4082999119609798
1.0027369544028228 3 0.45500686808003243 0.8419047619047619 0.518095238095238 1.178132641161504
-9.999994999180668e-07 1 0.0 0.9520578923563998 0.5615106286748078 1.3564800480466024
-9.999994999180668e-07 1 0.0 0.8708791208791209 0.7847985347985348 0.9988094560263228
0.6931451805619453 2 0.24272662602843836 0.6253521126760564 0.12206572769953052 1.7859042783560035
0.6615612381601154 2 0.12123748557405607 0.5 0.37347294938917974 1.682011729538791
0.8305206914932463 3 0.1617802197617893 0.9351198871650211 0.7127409496944053 1.1293303689853813
0.6057954993747123 2 0.31857869666232536 0.8970588235294118 0.5509803921568628 0.6395154258395209
0.994920632577275 3 0.3640054944640259 0.8305084745762712 0.5621468926553672 1.241352088058723
1.3050923719579406 4 0.24744955228652946 0.7573529411764706 0.49558823529411766 1.133739490565037
0.994920632577275 3 0.2882202757882223 0.6556748466257669 0.3343558282208589 1.2291462898818626
-9.999994999180668e-07 1 0.0 0.8727272727272727 0.4027548209366391 1.4199242857550631
0.22371607607486488 2 0.15166895602667746 0.7931034482758621 0.5487256371814093 1.1551770020562881
-9.999994999180668e-07 1 0.0 0.8888888888888888 0.48148148148148145 1.3685541442342026
0.8687166829249238 3 0.20166322586568847 0.578125 0.3229166666666667 1.6765089971736498
0.45055920886990464 2 0.13886593015017698 0.631578947368421 0.2957393483709273 1.853708362955776
0.6210843745575724 2 0.10183501544346311 0.7680412371134021 0.3539518900343643 1.349942185916663
0.5660827389722287 3 0.463969158525251 0.4098360655737705 0.3442622950819672 2.492785490189994
-9.999994999180668e-07 1 0.0 0.6666666666666666 0.45893719806763283 1.7451968737252472
1.2589870288658447 4 0.32233131225875294 0.6117353308364545 0.34831460674157305 1.5224536764056367
1.077553327071501 3 0.43263764084569056 0.6167664670658682 0.3699268130405855 1.431560954195397
1.0397177708449181 3 0.32627914156702026 0.6521739130434783 0.37258347978910367 0.996152672104738
-9.999994999180668e-07 1 0.0 0.5885714285714285 0.20761904761904762 1.5930017440615003
0.37676816126100815 2 0.12123748557405607 0.585635359116022 0.24033149171270718 1.3333430592382567
-9.999994999180668e-07 1 0.0 0.5957446808510638 0.5673758865248227 1.6416460039702774
0.9368853075459159 3 0.40332645173137693 0.5824175824175825 0.3141025641025641 1.6625052004046414
0.6615612381601154 2 0.1617802197617893 0.5389696169088507 0.539409951563188 1.0205873772850875
-9.999994999180668e-07 1 0.0 0.9224704336399474 0.662724485326325 1.21218945411435
0.9586888593311804 3 0.5611997669674742 0.798581560283688 0.5862884160756501 0.9398070643196529
-9.999994999180668e-07 1 0.0 0.9097744360902256 0.8145363408521303 1.103141200182737
-9.999994999180668e-07 1 0.0 0.7871759890859482 0.6016371077762619 1.050101818699212
0.6615612381601154 2 0.19710002989057376 0.8238519533927348 0.6570710532328079 1.1085176121058253
-9.999994999180668e-07 1 0.0 0.8924485125858124 0.7353165522501907 1.3138744757187322
0.47413731306119833 2 0.24267032964268392 0.5297805642633229 0.44200626959247646 1.572584546505837
0.6057954993747123 2 0.15278748189152985 0.8546603475513428 0.536071616640337 1.1933107597797985
0.6057954993747123 2 0.07639374094576493 0.7011661807580175 0.5116618075801749 1.1559248047788764
-9.999994999180668e-07 1 0.0 0.9148936170212766 0.585379159847245 1.4279370035544012
0.3488300958480944 2 0.14274725273099054 0.5923076923076923 0.20085470085470086 1.6251183237293128
0.37676816126100815 2 0.16297331401763185 0.5710014947683109 0.47384155455904337 1.407381314838641
-9.999994999180668e-07 1 0.0 0.8013468013468014 0.7861952861952862 1.3611386296889327
0.8647370965378594 3 0.3007752185649641 0.6922024623803009 0.5321477428180574 1.3495443410107453
-9.999994999180668e-07 1 0.0 0.7368421052631579 0.5420129270544783 1.756158848788066
0.7356189397674613 3 0.5893985255179869 0.78125 0.5113636363636364 0.9219950265084423
-9.999994999180668e-07 1 0.0 0.7939068100358423 0.3225806451612903 1.2469356253228199
0.846362829637054 3 0.4349227078516362 1.0 0.8828125 0.6362171050908195
0.5297041990605473 2 0.3033379120533549 0.7531914893617021 0.24822695035460993 1.5375044714071435
1.313800007537153 5 0.5039367205571113 0.8027972027972028 0.710955710955711 1.4115923211735704
1.0964596431488514 4 0.2037637006434704 0.7406593406593407 0.452014652014652 1.246189703722785
0.562333144621475 2 0.24496795854682318 0.7384196185286104 0.8038147138964578 1.2330467744431854
0.6288104223894967 3 0.2912438030412488 0.7870074547390842 0.5605253816116436 1.0922075772708826
-9.999994999180668e-07 1 0.0 0.6012950971322849 0.4372494603761949 1.4348255880828846
1.0973853633386386 4 0.45125538641809276 0.8480519480519481 0.5921881562368753 0.9740735615749445
1.6788283659122996 6 0.2380896657102591 0.4272151898734177 0.27818853974122 0.7933162571994191
1.32943779383867 5 0.4208208865538816 0.7996031746031746 0.7433862433862434 0.9572702100700214
-9.999994999180668e-07 1 0.0 0.43169398907103823 0.15938069216757741 2.2626654287214927
1.3930147704967801 5 0.32103092387251214 0.7227722772277227 0.5038503850385039 1.010637442411974
1.368684637644648 5 0.3305943119247624 0.7216494845360825 0.20178041543026706 1.554909255069078
0.6189377438680903 3 0.18200274723201296 0.6743215031315241 0.3907446068197634 1.4905516611104739
1.0459751657044087 3 0.4988442373044216 0.7384806973848069 0.49232046492320464 1.305552256238939
1.0488690134319782 3 0.7508475361727399 0.9369665134602758 0.7327642810242941 0.9261748636808648
0.9900970747341358 3 0.35876431988051377 0.8091324200913242 0.6270928462709284 0.9592900141284585
1.0224551355220497 6 0.3495731892702548 0.7045028142589118 0.42933083176985615 1.5612630839988748
1.0408358374387054 4 0.3569660753959134 0.7205479452054795 0.3470319634703196 1.403379127758025
0.7923722741134187 3 0.23213657942779686 0.736084452975048 0.5486244401791427 1.2101051082203969
1.500494721583043 6 0.28035799597940997 0.8436482084690554 0.6794788273615635 1.209769532567805
-9.999994999180668e-07 1 0.0 0.8866120218579235 0.8515482695810564 0.7404543339852259
1.0334931520236736 4 0.3235441538031172 0.6938775510204082 0.4509545753785385 1.4865531604953106
1.2808313546964354 4 0.14477118963288446 0.6932038834951456 0.3145631067961165 1.3710817857224233
0.9002530512753368 3 0.2673345866105514 0.8312622629169392 0.6671026814911707 0.9369386769445444
0.8313995205030316 3 0.35594275512262186 0.7363515312916112 0.4735907678650688 1.21790312931485
1.1080813881566827 6 0.16040643818440353 0.46207638515330823 0.26881720430107525 1.543688220242605
0.8769446716057265 3 0.2149703555149727 0.7444839857651245 0.42301304863582445 1.2684867918131342
1.4777934530188879 6 0.3894607950486618 0.9050179211469535 0.6236559139784946 1.1646809310768689
0.31449020128721317 2 0.16990863821990684 0.9665738161559888 0.9331476323119777 0.4489001697615972
0.48691070946784487 2 0.16990863821990684 0.7545126353790613 0.5547533092659447 1.1122033443342296
0.36220855714026556 2 0.22801282410445228 0.6157556270096463 0.4737406216505895 1.7169788321832848
-9.999994999180668e-07 1 0.0 0.4838963079340141 0.15998952605394082 1.8479189764600958
0.36220855714026556 2 0.15166895602667746 0.48223350253807107 0.05583756345177665 2.036731839719644
-9.999994999180668e-07 1 0.0 0.39915966386554624 0.24929971988795518 2.1480673771102494
-9.999994999180668e-07 1 0.0 0.8081081081081081 0.6045045045045045 1.3724419813895234
0.5004004235413129 2 0.1697250257391052 0.8608247422680413 0.5670103092783505 1.2806774927272107
0.6365121682970628 2 0.2535446628649062 0.7785714285714286 0.44642857142857145 1.353943259622471
0.36933112165034665 2 0.22750343404001622 0.9212651413189771 0.8272768057424854 0.5781164161589459
-9.999994999180668e-07 1 0.0 0.948051948051948 0.3203463203463203 1.241785341940322
0.9832709442526746 3 0.19416253536083256 0.8433420365535248 0.6244560487380331 1.1242269224446881
0.49679336986552636 3 0.17333594974477423 0.8858988159311088 0.6569788302834589 1.0521832577052388
-9.999994999180668e-07 1 0.0 0.5619174434087882 0.374167776298269 1.673600546402726
0.9368853075459159 3 0.4093390191544812 0.8145048814504882 0.5797303579730358 1.0910537699865208
0.7937299151838558 3 0.11742110842709935 0.9008304836345872 0.6262823644357597 1.6408185561020272
0.13579195876860908 2 0.026520699969324765 0.7348314606741573 0.5151061173533084 1.4401266636825785
0.6926859734444768 2 0.2654206730466856 0.8102625298329356 0.7852028639618138 0.8263309312202191
0.8815292611983065 3 0.3559427551226219 0.8720292504570384 0.6404631322364412 1.03252077921817
0.5941280227273119 2 0.27398263024173997 0.7845161290322581 0.6718279569892474 1.0259975520792601
1.0287563337190593 3 0.4778064708215692 0.9436619718309859 0.8779342723004695 0.8328436583697912
0.9184247850012975 3 0.3304614733304752 0.8630573248407644 0.6077494692144374 1.151193563851577
0.9651562926946722 3 0.33546763435018906 0.806346623270952 0.6813127203688636 1.038676201536603
0.6615612381601154 2 0.17333594974477423 0.7298850574712644 0.4932950191570881 1.366240687761406
-9.999994999180668e-07 1 0.0 0.8324607329842932 0.7207678883071553 0.8474427289879215
0.5432707813396958 2 0.29055688873021923 0.8193456614509246 0.7792792792792793 1.1232115124729831
-9.999994999180668e-07 1 0.0 0.7095709570957096 0.7007700770077008 1.0285472544400296
-9.999994999180668e-07 1 0.0 0.5167037861915368 0.27245731254639943 1.7529144662944207
0.6210843745575724 2 0.05657749326789283 0.6363636363636364 0.35353535353535354 1.7891704689955887
1.0080851626868543 3 0.4568143896038923 0.6567732115677322 0.408675799086758 1.2311644070329901
0.22371607607486488 2 0.04628864338339233 0.8438356164383561 0.6602739726027397 1.3549125104938702
1.2822262894895544 5 0.46441478292928995 0.5278219395866455 0.4170641229464759 1.5805601383207115
0.5455925739719631 2 0.06691264642223264 0.7679465776293823 0.388172521120498 0.9363343887832329
-9.999994999180668e-07 1 0.0 0.8465608465608465 0.6781305114638448 0.9613010822917074
0.9949206325772751 3 0.2047654054703984 0.9040247678018576 0.5691434468524251 1.3552418441994407
0.36220855714026556 2 0.3033379120533549 0.8558558558558559 0.7167167167167167 0.9028566487115631
-9.999994999180668e-07 1 0.0 0.8808030112923463 0.49393559180259305 1.2137848445958905
1.236473074597035 4 0.3137634107011663 0.6692913385826772 0.38095238095238093 1.1500524917882036
0.68531220727849 2 0.15656150299527996 0.76 0.6266666666666667 1.0612479439625722
0.917828205453311 4 0.35141428118061024 0.6461434370771313 0.423319801533604 1.3559166204576067
0.13579195876860908 2 0.03819687047288246 0.51284046692607 0.27444876783398187 1.5601094186738063
0.6920109648338784 2 0.12133516482134196 0.8208955223880597 0.5613598673300166 0.9299975770614336
0.6615612381601154 2 0.3235604395235786 0.6933797909407665 0.5354239256678281 1.0301639293499447
0.68531220727849 2 0.24267032964268392 0.8097826086956522 0.5404589371980676 1.0332553462440954
0.8760888930740542 3 0.3926038798221818 0.8258426966292135 0.3383270911360799 1.4918940923163433
0.68531220727849 2 0.2463750373632172 0.7188581314878892 0.37745098039215685 1.5965641985044614
0.6869595765993484 2 0.35941770156516395 0.8416779431664412 0.6211096075778079 1.0136858131227109
0.16794214774719357 2 0.03536093329243302 1.0 0.9287622439893143 0.7766796443501781
0.8753614152741767 3 0.3659730808427143 0.8006681514476615 0.45471417965850036 1.3758230083756857
0.9002530512753368 3 0.3883250707216651 0.6295620437956204 0.35097323600973235 1.316904391049486
0.8246563237743261 3 0.4988442373044215 0.9120370370370371 0.7325102880658436 0.9575367282525279
0.36220855714026556 2 0.15166895602667746 0.8568627450980392 0.5862745098039216 1.1970741498516944
1.0733806203412612 3 0.10608279987729906 0.5941807044410413 0.4619703930576825 1.66236045550683
-9.999994999180668e-07 1 0.0 0.7255434782608695 0.32065217391304346 1.7767504871953586
0.45055920886990464 2 0.24267032964268392 0.7898550724637681 0.5229468599033816 1.1662543720281147
0.7356189397674613 3 0.33080999500506003 0.7113997113997114 0.5863395863395864 1.1815771387986354
0.7305850613801225 3 0.22751440934886444 0.7686486486486487 0.4673873873873874 1.2507952702745275
0.92666197474816 3 0.28059988348373716 0.8115429917550059 0.5225755791126816 0.9669465158663
1.0699133418346678 4 0.18744555884175138 0.8282904689863843 0.48537569339384773 1.4295918376576076
1.0047624731248226 3 0.303337912053355 0.7117296222664016 0.4979014800088359 1.0852395594515885
0.5359580497226601 3 0.17636547611191025 1.0 0.3914656771799629 1.8823099622963495
0.6730096670113398 2 0.14212399828163524 0.8387978142076503 0.4918032786885246 1.7222151801783063
0.6210843745575724 2 0.08914181842057634 0.7565359477124183 0.20983892033086635 0.9969658349727728
1.3932903674061539 5 0.16461127635544417 0.7639060568603214 0.39164032314717245 1.170115390087469
0.5560565328721216 3 0.1023551779826635 0.7186684073107049 0.4956483899042646 1.5659479063701938
1.2015931740960013 5 0.4802121802087584 0.7261669953977646 0.5906202060048213 1.2004409600402695
-9.999994999180668e-07 1 0.0 1.0 0.8897058823529411 0.5543787585281228
0.6911907820052087 2 0.044935561853153574 0.708502024291498 0.4720647773279352 1.6194983947192991
1.082192530043434 3 0.6148699216815409 0.8571428571428571 0.6726190476190477 1.1704459403912222
0.5297041990605473 2 0.3033379120533549 0.6424418604651163 0.5 1.1913930270231647
0.8234516496340567 3 0.2887795387206485 0.7761506276150628 0.6236634123663413 1.0979698375580358
0.9832709442526746 3 0.5177229748844111 1.0 0.8961605584642234 0.9181018004530472
0.9737488448875712 3 0.614296216411195 1.0 0.9479982593559617 0.6577000275540413
1.8483334299650032 10 0.3895445304438385 0.8127002621613749 0.7110399067870667 1.161148863773678
0.2787673717753808 2 0.28318106369984475 0.6480349344978166 0.2561863173216885 1.5641772605726676
1.1569836443581194 4 0.2947649539469248 0.7408906882591093 0.407598197037991 1.2143930509273966
1.2992618888178038 4 0.4022304159007665 0.7908256880733945 0.6587155963302752 1.017163875332024
0.5941280227273119 2 0.03914037574881999 0.8604810996563574 0.5993127147766323 1.135469295236821
0.20619005064325946 2 0.13481684980149108 0.7837528604118993 0.509534706331045 1.1137630364294255
0.6837359058583963 3 0.15538248340104988 0.3896595208070618 0.020026702269692925 1.6640834538102474
1.579731578684188 6 0.47490243284233663 0.5813148788927336 0.40513264129181087 1.2773767804457041
1.0612054409101397 3 0.308924796763467 0.7360703812316716 0.42130987292277616 1.1764615049787557
1.2520532944392642 4 0.20931562105106094 0.8429217840982547 0.5117431588019823 1.4132574808443428
0.8222145269327463 4 0.1410243131149579 0.7342057761732852 0.30776173285198555 1.8568141906558817
0.8992691986723189 4 0.3456342483847063 0.6821631878557874 0.5006325110689437 1.493879782624391
0.9526040436732461 3 0.2805998834837371 0.9302931596091205 0.8076004343105321 0.7495041246373565
0.8760888930740542 3 0.5611997669674742 0.7744360902255639 0.4842105263157895 1.1239858432307384
0.7873349661507314 3 0.4462129956236538 0.8903413217138707 0.625756475429678 0.9465685028290103
1.0433504269474334 3 0.4853406592853679 0.8827067669172932 0.47719298245614034 1.0865305172889577
1.291740908809751 5 0.31866005762421284 0.732796486090776 0.5897999023914104 1.0646092050965463
0.678685521685495 3 0.21671010509525945 0.7188540972684877 0.41994226071507884 1.6029615654247242
-9.999994999180668e-07 1 0.0 0.6829268292682927 0.266260162601626 1.503533336897719
0.5253193195185206 2 0.19710002989057376 0.7976744186046512 0.5821705426356589 1.315325519559378
0.7364050579205318 3 0.27585093346238965 0.8201438848920863 0.6462829736211031 1.3133992251054698
-9.999994999180668e-07 1 0.0 0.6090425531914894 0.48359929078014185 1.4324884288773956
-9.999994999180668e-07 1 0.0 1.0 1.0 0.950936929443246
1.11965352325381 4 0.31134964148415223 0.9519650655021834 0.761863173216885 0.7930695277481976
1.0053834327751212 4 0.45636785167002647 0.7973856209150327 0.615686274509804 1.2771603997576704
0.7595443914838008 3 0.3903712862322286 0.9492273730684326 0.7211184694628403 0.9650747527549015
1.0433504269474334 3 0.21955080728552467 0.619533527696793 0.35082604470359574 1.5660302395618297
0.9470541522889971 3 0.24231114892759428 0.7183833116036505 0.6975228161668839 1.3044134327447285
-9.999994999180668e-07 1 0.0 0.7265625 0.3880208333333333 1.2699369527884234
0.6615612381601154 2 0.07828075149763998 0.6578366445916115 0.48050036791758644 0.9394129071500126
-9.999994999180668e-07 1 0.0 0.3333333333333333 0.4444444444444444 1.4324783161570298
0.6704756487994897 2 0.07583447801333873 0.847457627118644 0.6779661016949152 1.209256925270813
0.6782073939053741 2 0.08666797487238712 0.8866571018651362 0.6288857006217121 1.160575554770601
0.8037391073239946 3 0.4095308109407968 0.7669902912621359 0.5825242718446602 1.016317927685844
0.4825755651802941 2 0.08089010988089465 0.9438202247191011 0.8121098626716604 0.7106343247034602
-9.999994999180668e-07 1 0.0 0.8118279569892473 0.6057347670250897 0.9341294751592726
0.6365121682970628 2 0.15846541429056635 0.7315521628498728 0.4223918575063613 1.4236518058194159
-9.999994999180668e-07 1 0.0 1.0 1.0 0.3006412628822299
0.6800809048378145 2 0.08486623990183924 0.795374912403644 0.5919177762205092 1.4202454849597115
0.562333144621475 2 0.05657749326789283 0.6852861035422343 0.2366030881017257 1.334468236426194
0.5849196780757797 4 0.15191049502384715 0.8948948948948949 0.8148148148148148 1.2030991775810296
0.5618610012216987 4 0.09153196615056361 0.9315196998123827 0.5224020642739855 1.4586119606058587
1.7263464512949862 7 0.7263350079442917 0.2 -0.17647058823529413 1.1241397417708652
1.2896008730409978 6 0.3312322607328729 0.8908554572271387 0.5208128482464766 1.2124785236089588
0.7298682099937981 3 0.14792587529647366 0.5616438356164384 0.46169457128361235 1.5833742428106796
1.5089127598124124 5 0.5290182276099625 0.8110236220472441 0.5778652668416447 1.1100739600177285
0.6682464776666426 2 0.4364357804719847 0.8673042438732815 0.5497110978282527 1.1943272181653946
1.2730243365997505 4 0.5336157610282223 0.6569920844327177 0.48197009674582236 1.2866457868772494
0.629499260878666 2 0.23144321691696162 0.7315436241610739 0.4843400447427293 1.5379573831957305
1.0666422682571444 4 0.08537788106554725 0.4641589779985806 0.259995268511947 1.4406806883236019
1.8081995632018661 10 0.37148139067031605 0.6069502696225285 0.39212999216914646 1.362568378139666
1.365324108546617 5 0.33172089651997183 0.7516339869281046 0.42556281771968046 1.2679227072770918
1.4005260995454334 9 0.6291489806364235 0.7727272727272727 0.5974025974025974 1.1758597482632709
1.6421254521285182 7 0.3656848220278875 0.5555555555555556 0.6296296296296297 1.2566001196398335
1.1042748492666719 5 0.24708759718547266 0.6821052631578948 0.5253801169590643 1.1286457224611952
0.9296136928781714 4 0.243378113951546 0.7676950998185118 0.3514821536600121 1.708803856415049
1.3208843431586557 4 0.2870293631906833 0.7321428571428571 0.4791666666666667 1.2776823517536373
1.1026516830198938 4 0.11871755969391688 0.49861239592969475 0.3154486586493987 1.1389983727260287
0.23378965871499252 2 0.03914037574881999 0.8849557522123894 0.8428150021070375 0.5758395709565727
0.562333144621475 2 0.10183501544346311 0.7431059506531205 0.46540880503144655 1.6629266560923384
0.8760888930740542 3 0.33915165842509987 0.828125 0.765625 1.3067857665529024
0.22371607607486488 2 0.05304139993864953 0.6551724137931034 0.5747126436781609 1.5717837991768207
0.22371607607486488 2 0.05304139993864953 0.8203592814371258 0.5209580838323353 1.6105864482388559
0.8313995205030316 3 0.14944432109774355 0.7197549770290965 0.5829504849412965 1.4516091466670231
1.5118905585660598 6 0.5417611815977509 0.7230320699708455 0.34062196307094267 1.1653563701402845
1.1407161964286858 4 0.5012535349827697 0.7503267973856209 0.5830065359477125 1.0784267997383774
-9.999994999180668e-07 1 0.0 0.5 0.5 1.0245190528383263
1.1185355956694383 5 0.5811737266015365 0.8767313019390581 0.9150507848568791 1.1777125765438916
0.8305206914932463 3 0.18789922776854762 0.5589941972920697 0.39974210186976145 1.3170489956872984
0.7923722741134187 3 0.28633648665172867 0.7994011976047904 0.6956087824351297 1.3634833951329968
0.6365121682970628 2 0.3033379120533549 0.5014084507042254 0.10140845070422536 1.8144350420088233
0.465997256964483 2 0.07583447801333873 0.7433333333333333 0.4777777777777778 1.1308882037891088
0.3488300958480944 2 0.049921317589317206 0.8496732026143791 0.6601307189542484 1.4191149771265328
1.3917347695399336 5 0.524271612298108 0.8356164383561644 0.603314344899016 1.3409386805253216
0.6037449613673687 3 0.12199102694757144 0.8209076175040518 0.5515937331172339 1.3746663537146666
0.5011438424154131 3 0.2174613539258181 0.8747501665556295 0.6988674217188541 1.1410582733826102
0.37676816126100815 2 0.40734006177385246 0.8066666666666666 0.6933333333333334 1.2760328605907567
-9.999994999180668e-07 1 0.0 0.8141843971631205 0.6278959810874705 1.554126148230434
-9.999994999180668e-07 1 0.0 1.0 1.0 0.34967936855888543
0.92666197474816 3 0.33369633292745804 0.7457191780821918 0.5559360730593608 1.1297087791584952
0.6365121682970628 2 0.3033379120533549 0.6098654708520179 0.4110612855007474 1.209405049395666
-9.999994999180668e-07 1 0.0 0.8887530562347188 0.5419722901385493 1.6747283949687035
0.5560565328721216 3 0.06471757044220723 0.3713850837138508 0.30162354134956876 1.757449400809667
0.4596910199720059 2 0.17333594974477423 0.8307967770814683 0.4759773202029245 1.0576233016626044
0.562333144621475 2 0.1617802197617893 0.8417721518987342 0.6387130801687764 0.8320578420323873
-9.999994999180668e-07 1 0.0 0.7755905511811023 0.30183727034120733 1.591031861134177
0.4825755651802941 2 0.05657749326789283 0.5475819032761311 0.1996879875195008 1.2965332812054
0.3488300958480944 2 0.10608279987729906 0.912 0.36533333333333334 1.7888152916168345
0.5455925739719631 2 0.15278748189152985 0.8241935483870968 0.5188172043010753 1.4698643879728677
0.9840835030884701 3 0.16984991874783076 0.6310679611650486 0.37124364308830327 1.2289541559967394
0.7732166077372824 3 0.08486623990183925 0.8536036036036037 0.5555555555555556 1.2830830899847976
0.7297590993707939 4 0.21603119578284183 0.7944557133198107 0.5927428442641425 1.2399252418104991
0.8293541848007265 3 0.08852685567670629 0.6027178257394085 0.36211031175059955 1.6236617660833086
0.7474329091895069 3 0.2899484719010908 0.7689030883919062 0.5065672701455449 1.3947146272287072
0.37676816126100815 2 0.1617802197617893 0.9025210084033614 0.646498599439776 0.9495497170570153
1.1803005570082867 4 0.47872267612865343 0.7798165137614679 0.5251201397990389 0.9923844870878155
0.4825755651802941 2 0.07828075149763998 0.5959907478797224 0.31020303263942434 1.2776397759428093
-9.999994999180668e-07 1 0.0 0.7519260400616333 0.5156651258346173 1.208283373596331
0.4563314323118595 3 0.1269402023116967 0.4158291457286432 0.3211892797319933 1.5274432651452263
1.0960643284513791 3 0.21714682519083728 0.6931407942238267 0.40032089851584435 1.29552010147572
-9.999994999180668e-07 1 0.0 0.8745980707395499 0.3665594855305466 1.431406699890494
-9.999994999180668e-07 1 0.0 0.9646017699115044 0.5575221238938053 1.2543510597416112
0.7801277795352072 3 0.24267032964268392 0.8859764089121888 0.49934469200524245 1.2900423004737025
0.7298399194925769 3 0.17131988414191107 0.6768211920529801 0.3916114790286976 1.3154620584962735
0.33421814623892604 3 0.17190790327607952 0.8468468468468469 0.6670003336670003 0.9187602861897618
0.9502675392390678 3 0.3236042256013876 0.7640750670241286 0.6505808757819481 1.0636619402543583
0.8550050929358425 3 0.22750343404001622 0.8936936936936937 0.7054054054054054 0.8233585139187484
-9.999994999180668e-07 1 0.0 0.9875259875259875 0.7574497574497574 0.7920722118273457
-9.999994999180668e-07 1 0.0 0.93 0.8333333333333334 0.7451323375728468
-9.999994999180668e-07 1 0.0 0.9387755102040817 0.6235827664399093 0.8798917261157663
-9.999994999180668e-07 1 0.0 0.7234782608695652 0.47884057971014493 1.0885797530546333
-9.999994999180668e-07 1 0.0 0.7258566978193146 0.5420560747663551 1.139188448362335
0.5195778391334851 2 0.1866694843405261 0.6589595375722543 0.3786127167630058 1.6463048086755492
0.3488300958480944 2 0.3033379120533549 0.7965116279069767 0.3817829457364341 1.232481745809218
-9.999994999180668e-07 1 0.0 0.7303370786516854 0.550561797752809 1.1059511141111862
-9.999994999180668e-07 1 0.0 0.6666666666666666 0.16666666666666666 1.6497862457059171
-9.999994999180668e-07 1 0.0 0.6642441860465116 0.22335271317829458 1.7200519824713312
0.5146511654319375 2 0.26963369960298217 0.9585062240663901 0.6509912402028585 0.9950623339306355
0.7356189397674613 3 0.3235604395235786 0.8520599250936329 0.5255930087390761 1.1960382331412673
0.5941280227273119 2 0.14782502241793036 0.7282717282717283 0.4338994338994339 1.6335614399676381
0.6754625824529761 2 0.2463750373632172 0.7132867132867133 0.3926073926073926 1.393380060948212
0.37676816126100815 2 0.1617802197617893 0.7763636363636364 0.6296969696969696 1.0186967379914202
0.8305206914932463 3 0.1946416435446016 0.6320422535211268 0.5751173708920188 1.5392841634468581
0.6931451805619453 2 0.17333594974477423 0.8862275449101796 0.6766467065868264 1.1573832726564128
0.562333144621475 2 0.12123748557405607 0.3898809523809524 0.3462301587301587 1.8366966597403365
-9.999994999180668e-07 1 0.0 0.7754172989377845 0.22812341932220537 1.4384386875288442
-9.999994999180668e-07 1 0.0 0.9852941176470589 0.5424836601307189 1.0042634032073796
0.562333144621475 2 0.15826325846261996 0.7067745197168858 0.37209302325581395 1.2683885464459956
0.5929513174499546 2 0.1011126373511183 0.7172774869109948 0.3643979057591623 1.1090225541660876
0.6365121682970628 2 0.4247715955497671 0.5318559556786704 0.19113573407202217 1.394358581760976
0.22371607607486488 2 0.05304139993864953 0.8974358974358975 0.4797008547008547 1.7241647259274306
-9.999994999180668e-07 1 0.0 0.7 0.37777777777777777 1.9190703744298139
-9.999994999180668e-07 1 0.0 0.3894080996884735 0.1142263759086189 2.2651373189952952
1.4588904504235558 5 0.4899275042836308 0.6767676767676768 0.405910961466517 1.311770320537821
1.3689183607484692 4 0.4486924098604699 0.6693766937669376 0.3324299909665763 1.4648262722560057
-9.999994999180668e-07 1 0.0 0.728110599078341 0.2227342549923195 1.7533866904030182
1.4730224819826236 5 0.21800107673244645 0.6374859708193041 0.3264122708567153 1.1786674482072168
0.5783222866734842 3 0.3033379120533549 0.5498442367601246 0.4932502596053998 1.0824789212698502
1.0533914983798527 4 0.21593852904247332 0.5166666666666667 0.1111111111111111 1.5051566846126359
0.8815292611983065 3 0.16053078516008554 0.622093023255814 0.22578890097932536 1.4022979121094143
0.68531220727849 2 0.16297331401763185 0.45528455284552843 0.32113821138211385 1.463740228364095
-9.999994999180668e-07 1 0.0 1.0 0.8863636363636364 0.6152609615126056
0.7059152061037961 3 0.08483447415859395 0.47020933977455714 0.1617462873501521 1.7194889086989609
0.37676816126100815 2 0.1617802197617893 0.6218487394957983 0.41946778711484595 1.1064431080821928
0.8587328689497049 4 0.17443759569646006 0.7702161729383507 0.5006672004270083 1.1890695176169042
0.7029159307848437 3 0.3247535337794211 0.6734972677595629 0.32604735883424407 1.2306133069272112
0.9653323162944283 3 0.4550068680800325 0.8505654281098546 0.5406569736133549 1.1656808838375432
0.9214904308740949 3 0.24267032964268392 0.8923556942277691 0.44617784711388453 1.3045455102191152
0.9890908651875787 3 0.10859808606921585 0.7477360931435963 0.5023717119448038 1.1552288086836422
0.7866982379284644 3 0.2426935105074064 0.847167325428195 0.6016688625384278 1.0201040305342999
0.17320320676169862 2 0.11023680994126354 0.9298780487804879 0.8851626016260162 0.8937731475293287
0.8193192134998255 3 0.2047654054703984 0.7285191956124314 0.40706886045094454 1.2020860410415417
1.051108684371529 3 0.26617997926618764 0.7333901192504259 0.3980692788188529 1.505598873253679
0.6869595765993484 2 0.3033379120533549 0.7762039660056658 0.29745042492917845 1.337101398542746
0.5297041990605473 2 0.2854945054619811 0.8392370572207084 0.5358764759309719 1.249914118588756
0.9664322067740312 3 0.1853190530853274 0.6807558428642466 0.5377092657052875 1.0705619615822635
0.8694703499937855 3 0.27733751959163877 0.7590176515732924 0.6887950882578665 0.9423683013878442
-9.999994999180668e-07 1 0.0 0.6785079928952042 0.5571343990526939 1.8644069906654541
0.9021795489129367 3 0.1875358944829958 0.8406488549618321 0.6902035623409669 0.7569031319205817
-9.999994999180668e-07 1 0.0 0.8699861687413555 0.6454587367450438 0.8616115880938289
0.6546665645411436 3 0.153314945038893 0.7842424242424243 0.6391919191919192 0.9350207986697502
0.553856229495151 2 0.10619289888744178 0.9009976976208749 0.8848810437452034 0.6753557131832253
1.023925799644203 3 0.4368328650035166 0.8487738419618529 0.5576748410535877 1.0179566827122677
0.6931451805619453 2 0.12866314264549883 0.5564516129032258 0.3720430107526882 1.801329387017782
0.5220750639161902 2 0.20222527470223664 0.898958971218616 0.7303531332925087 0.8432858377479789
0.8611428688027742 3 0.19272038161919844 0.7598086124401914 0.6570972886762361 0.868761729892083
0.6704756487994897 2 0.303337912053355 0.6730072463768116 0.3218599033816425 1.2390131246112874
-9.999994999180668e-07 1 0.0 0.5392022008253095 0.32966529115084825 1.6872578958756326
0.37676816126100815 2 0.20367003088692623 0.8257328990228013 0.44462540716612375 1.6474080286821773
-9.999994999180668e-07 1 0.0 0.875 0.5917874396135265 0.9338321640524082
0.6931451805619453 2 0.24267032964268392 0.8362480127186009 0.3333333333333333 1.2904837853367166
-9.999994999180668e-07 1 0.0 0.9582577132486388 0.4960677555958863 1.0558734005251993
-9.999994999180668e-07 1 0.0 0.931640625 0.8046875 1.2167642144900273
0.7305850613801224 3 0.09333474217026305 0.7580645161290323 0.5800477897252091 1.014633513619977
0.6365121682970628 2 0.15826325846261996 0.6882352941176471 0.5571895424836601 1.2778793150602314
0.6615612381601154 2 0.08089010988089465 0.7166921898928025 0.4655436447166922 1.2280689137471956
0.9075322941112949 3 0.22750343404001622 0.708512467755804 0.531384350816853 0.9075512309964917
0.6615612381601154 2 0.3235604395235786 0.7576374745417516 0.615071283095723 1.0549732568481922
0.9591794302799019 3 0.41799791350133586 0.9032258064516129 0.6856118791602662 0.9486525720727905
-9.999994999180668e-07 1 0.0 0.7441048034934498 0.6311499272197962 1.6642571544891824
0.6076914238733546 2 0.09333474217026305 0.7497708524289642 0.43629697525206235 1.170935847830518
-9.999994999180668e-07 1 0.0 0.7341772151898734 0.41824894514767935 1.6050794670830513
0.6870890273903714 3 0.2699388340453516 0.687170474516696 0.38195664909197424 1.4078443509300098
0.45055920886990464 2 0.24267032964268392 0.9601449275362319 0.7137681159420289 0.8411960260293284
0.68531220727849 2 0.3235604395235786 0.8984263233190272 0.6595135908440629 0.8768291241590949
0.6236528495704226 2 0.13481684980149108 0.9432624113475178 0.8100866824271079 0.9330388332873315
1.2898242896934955 4 0.3467889279380681 0.7407797681770284 0.3835616438356164 1.233511302334328
0.5359578892190641 2 0.11640951001259417 0.6996966632962589 0.40175261206606 1.126709852283719
0.24492802680267098 2 0.10534656770013426 0.9415121255349501 0.6105563480741797 1.3736146258170336
0.16794214774719357 2 0.03536093329243302 1.0 0.7256455399061033 1.2508410440681452
1.1785752950084356 5 0.4118322181208552 0.8566666666666667 0.7125 1.2375820624455807
0.9558495133393368 3 0.30532035501500765 0.8285340314136126 0.8180628272251309 0.7102587223744943
1.3622699229165636 5 0.30565791911578266 0.6531645569620254 0.5594936708860759 1.2258085093482551
1.7541391074583295 8 0.5043638521424135 0.7037671232876712 0.4931506849315068 1.4175323597971259
1.1569836443581194 4 0.37846548147268244 0.713469387755102 0.4764625850340136 1.190690271904861
1.1729505775286841 4 0.3383128011898061 0.9178832116788321 0.7950121654501217 0.8618957556151988
0.8956570154188582 3 0.2612822398912784 0.6918138041733547 0.5120385232744783 1.3191742773988897
-9.999994999180668e-07 1 0.0 0.7532808398950132 0.2755905511811024 1.5511751629267654
1.073827323204048 4 0.3313155068966355 0.7513227513227513 0.4345679012345679 1.3979568697979838
1.8324866062759548 9 0.4828539704661246 0.7783318223028105 0.5556059232396494 1.3305221783075682
1.4241249173649733 5 0.7589204657793605 0.710091743119266 0.5045871559633027 1.4419596265008405
0.8938855362514357 3 0.3325907164715365 0.6245110821382008 0.3220338983050847 1.557886232140371
1.0725792688951021 5 0.28396419107559184 0.6300813008130082 0.4105799026117751 1.304144714612117
1.0433504269474334 3 0.4207073863207083 0.8274509803921568 0.6967320261437908 1.1314381852264168
0.9743117528756828 3 0.4692151806025598 0.7813370473537604 0.6039925719591458 1.1163203064537393
0.6779057256561851 3 0.24398205389514288 0.9433962264150944 0.7304582210242587 1.1031938656441949
0.9586888593311804 3 0.4095308109407967 0.765625 0.6614583333333334 0.941281003343311
0.7437941455784283 3 0.16523073666523763 0.9033210332103321 0.5670356703567035 1.3117696690204914
0.4634105588430012 3 0.34751387542149076 0.5164383561643836 0.30547945205479454 2.0109772809297244
1.3113269996992951 5 0.3370272583994806 0.7903543307086615 0.4950787401574803 1.2474472544617965
-9.999994999180668e-07 1 0.0 0.8784530386740331 0.8784530386740331 0.5649207721972151
1.4357766731866377 5 0.522541362282808 0.8035479632063075 0.5963644327639072 1.1007074451929733
0.3488300958480944 2 0.14274725273099054 0.884472049689441 0.8459627329192546 0.8008205819888432
0.4825755651802941 2 0.20367003088692623 0.9445196211096076 0.7198917456021651 1.099486150928457
0.9002530512753368 3 0.27505264524172723 0.7802197802197802 0.4935897435897436 1.3468121896398757
0.37676816126100815 2 0.08089010988089465 0.9240162822252375 0.7946630483943917 0.8111725813605019
0.2868339830627061 2 0.13282828101321276 0.9010152284263959 0.6527072758037225 1.2962919273890832
0.23378965871499252 2 0.08089010988089465 0.9203187250996016 0.6764054891544932 0.8996611436271214
0.9251260835783115 3 0.4044505494044732 0.817258883248731 0.6085730400451212 0.9855858249062004
0.777459131921656 3 0.6148699216815409 0.8126272912423625 0.5030549898167006 1.1604727784714097
0.6615612381601154 2 0.1617802197617893 0.8450980392156863 0.5718954248366013 1.1021297928298388
1.0368233468392005 3 0.4095308109407967 0.6708507670850767 0.41608554160855415 1.1680810085220703
0.6829061047025133 2 0.2022252747022366 0.9272727272727272 0.7252525252525253 1.1604183405349304
1.2704384883937367 6 0.14261282587634155 0.8947368421052632 0.78125 1.1805119879836112
1.2996514464154547 5 0.418220465596901 0.7477624084621644 0.49389747762408465 1.2810316904116479
0.6991213743274749 3 0.23486117458237712 0.7287833827893175 0.4075173095944609 1.543651447061281
0.8239562165098323 3 0.771079019641579 0.6666666666666666 0.5555555555555556 1.531232101471726
0.8953286659862907 4 0.30294232377761865 1.0 0.75 2.1617785792574935
0.5004004235413129 2 0.2716221900293864 0.5189873417721519 0.18143459915611815 1.877892589991263
1.9743650690394918 9 0.7088683915236034 0.8 0.5625 1.18877677068902
1.3113269996992951 5 0.9891867508995532 0.7 0.43333333333333335 1.0471687836487034
1.4098044267139271 6 0.26983788089680194 0.9443155452436195 0.7528430629264594 1.1072567543487546
1.2094276814352485 5 0.41958278261940796 1.0 0.6666666666666666 2.455341801261479
1.4752416664644223 5 0.46594715153493976 0.7391304347826086 0.5072463768115942 1.110973984855336
1.8362018450524542 7 0.9069421461169274 0.9347826086956522 0.82 1.5111875603589409
