0.36220855714026556 2 0.04995657836784083 0.6629526462395543 0.32590529247910865 1.1160675180571473
0.3364937575888248 2 0.04440584743808074 0.7201565557729941 0.5564253098499674 1.042569815015764
0.36220855714026556 2 0.04995657836784083 0.5412087912087912 0.45879120879120877 0.9127178168861437
0.3364937575888248 2 0.04440584743808074 0.6776556776556777 0.4255189255189255 1.0712353591348018
0.562333144621475 2 0.11418646484077903 0.5740181268882175 0.526686807653575 1.0744344708065428
0.562333144621475 2 0.11418646484077903 0.7096774193548387 0.6384408602150538 0.766910844749214
0.37676816126100815 2 0.05328701692569689 0.7043269230769231 0.3629807692307692 1.1636162958381697
0.3250809733970037 2 0.04206869757291859 0.7002053388090349 0.4517453798767967 1.091428959539515
-9.999994999180668e-07 1 0.0 0.525830258302583 0.13591635916359163 1.6796900191554267
0.23032154088457674 2 0.025278159337779577 0.6316151202749141 0.24925544100801833 1.539848935339874
-9.999994999180668e-07 1 0.0 0.8379310344827586 0.7427586206896551 1.1118680010582707
0.6816224336268306 2 1.0616826921867417 0.5013054830287206 0.20496083550913838 1.457386204743498
0.36220855714026556 2 0.04995657836784083 0.6184668989547039 0.4895470383275261 1.227405917054312
0.2286298735916434 2 0.024978289183920414 0.6281645569620253 0.43908227848101267 1.1502126533936523
0.37676816126100815 2 0.05328701692569689 0.8549511854951185 0.4621106462110646 1.1656331369254431
0.6492463548730875 2 0.910013736160065 0.6736111111111112 0.0630787037037037 1.793995890175639
0.37676816126100815 2 0.05328701692569689 0.776183644189383 0.49067431850789095 0.9676469968753267
0.2286298735916434 2 0.024978289183920414 0.6506329113924051 0.5004219409282701 1.1812844039736836
0.37676816126100815 2 0.05328701692569689 0.6394453004622496 0.5218284540318439 0.9812674516651553
0.2286298735916434 2 0.024978289183920414 0.578125 0.4583333333333333 1.1051431086926125
0.2286298735916434 2 0.024978289183920414 0.7815275310834814 0.5216104203670812 0.9529790814052189
0.5297041990605473 2 0.09991315673568166 0.8670520231213873 0.6859344894026975 1.1101663782609152
0.36220855714026556 2 0.04995657836784083 0.6434659090909091 0.42803030303030304 1.5518539451045257
0.37676816126100815 2 0.05328701692569689 0.8266666666666667 0.5528888888888889 0.7874413860894356
0.37676816126100815 2 0.05328701692569689 0.8209459459459459 0.4375 0.9458928476051175
0.41011431829249234 2 0.06148501952965025 0.9090909090909091 0.6212121212121212 0.7846152983458589
0.562333144621475 2 0.11418646484077903 0.8153153153153153 0.4624624624624625 1.058607553134743
0.6779057256561851 3 0.1713048049915854 0.5405405405405406 0.3888888888888889 1.2287542166590082
0.6019209717449048 3 0.25695704781262313 0.5100917431192661 0.3926605504587156 1.285273922572464
0.45055920886990464 2 0.07266411398958667 0.5736040609137056 0.36548223350253806 1.3659165757201877
0.37676816126100815 2 0.05328701692569689 0.7543554006968641 0.40301974448315914 1.1221282177507592
0.36220855714026556 2 0.04995657836784083 0.5069551777434312 0.06388459556929418 1.9037535588986507
-9.999994999180668e-07 1 0.0 0.8683853459972863 0.8100407055630936 0.9205257973150925
0.23378965871499252 2 0.025784040447917846 0.5447154471544715 0.25745257452574527 1.4490226657127339
0.39843750760607705 3 0.13765556132819096 0.3056696795398521 0.0008216926869350862 1.4956383560832631
0.562333144621475 2 0.11418646484077903 0.9558823529411765 0.40931372549019607 1.0535845701622668
0.37676816126100815 2 0.05328701692569689 0.4604519774011299 0.3714689265536723 1.2016627005505431
0.21903052179830135 2 0.02350897805545451 0.7252985884907709 0.5443358668114369 1.5462318936903725
0.37676816126100815 2 0.05328701692569689 0.7734082397003745 0.29775280898876405 1.5352193598349306
0.9002530512753368 3 0.23397109749269557 0.8651685393258427 0.20485584218512898 1.734724571976049
0.2868339830627061 2 0.034752402342845795 0.6843033509700176 0.291005291005291 0.931402215315339
0.37676816126100815 2 0.05328701692569689 0.6666666666666666 0.6666666666666666 0.6830127018922192
0.37676816126100815 2 0.05328701692569689 0 0 0
0.39267246723187904 2 0.057093232420389516 0.8478260869565217 0.5165631469979296 0.9261590621809328
0.4293210219344571 2 0.0666087711571211 0.8053949903660886 0.5099550417469493 1.164599005192455
0.6931451805619453 2 0.2664350846284844 0.8741258741258742 0.42424242424242425 1.381824951486676
0.562333144621475 2 0.11418646484077903 0.6395759717314488 0.4958775029446408 0.9821055608190008
0.37676816126100815 2 0.05328701692569689 0.8532695374800638 0.6820839978734715 0.9778064147167022
0.562333144621475 2 0.11418646484077903 0.75 0.6277777777777778 1.1799589961587966
0.37676816126100815 2 0.05328701692569689 0.8017094017094017 0.4945868945868946 1.10419182862736
0.37676816126100815 2 0.05328701692569689 0.5523978685612788 0.41740674955595025 1.2485602033558767
0.2286298735916434 2 0.024978289183920414 0.6584122359796067 0.4263170672493324 1.154866186338456
0.3488300958480944 2 0.04701795611090902 0.5882352941176471 0.5416004239533652 1.679289549357734
0.27618892241395115 2 0.19675972673731132 0.5663786331500392 0.3173605655930872 1.5065934145759767
0.23378965871499252 2 0.025784040447917846 0.9311663479923518 0.6418100701083492 0.9726004401771753
0.2286298735916434 2 0.024978289183920414 0.5276018099547511 0.29260935143288086 1.0673539650706791
-9.999994999180668e-07 1 0.0 0.8668098818474759 0.6226279985678482 1.1092724809171965
0.2868339830627061 2 0.034752402342845795 0.8802395209580839 0.5375914836992681 0.9367891913604824
0.2868339830627061 2 0.034752402342845795 0.8424908424908425 0.5885225885225885 1.1147823285616554
0.37676816126100815 2 0.05328701692569689 0.7642752562225475 0.43923865300146414 1.1439204798373714
1.1407161964286858 4 1.113118743266722 0.432258064516129 0.21373510861948142 1.7446642851224552
0.37676816126100815 2 0.05328701692569689 0.8674188998589563 0.7240244475787494 1.1235076089901803
0.562333144621475 2 0.11418646484077903 0.6765498652291105 0.5489667565139263 1.185423935774475
0.36220855714026556 2 0.04995657836784083 0.9288256227758007 0.6393831553973903 0.946691596112321
-9.999994999180668e-07 1 0.0 0.7859872611464969 0.6140127388535032 1.4510584919766372
-9.999994999180668e-07 1 0.0 0.5800604229607251 0.3564954682779456 2.0269789375425598
-9.999994999180668e-07 1 0.0 0.693171996542783 0.4655718813022184 1.5402251976229107
0.6615612381601154 2 0.8897912086898413 0.4820261437908497 0.28322440087145967 1.5135648184845485
0.23378965871499252 2 0.03914037574881999 0.4682383759004584 0.15389652914210872 1.6074226951434427
0.3364937575888248 2 0.04440584743808074 0.9461966604823747 0.6573902288188003 1.122550148279084
0.3364937575888248 2 0.0780199053071885 0.6897470039946738 0.3883710608078118 1.442468930694207
0.37676816126100815 2 0.05328701692569689 0.7125256673511293 0.5099247091033539 1.5607310692685803
0.30463409735528807 2 0.038062154946926344 0.6131687242798354 0.3584819387288523 1.1912154710609753
1.0433504269474334 3 1.3029102952024518 0.6575809199318569 0.49801249290176036 1.271218482584655
0.7029159307848437 3 0.18272512532435775 0.5618892508143323 0.5749185667752443 1.097709837380514
0.2286298735916434 2 0.037917239006669365 0.5935863874345549 0.30170157068062825 1.4214672477168626
0.37676816126100815 2 0.05328701692569689 0.5770925110132159 0.21977484092021538 1.414112335756287
0.68531220727849 2 1.0404410096981864 0.5281980742778541 0.3319951826575672 1.5985577947749738
0.6730096670113398 2 0.957909195957963 0.6158088235294118 0.33639705882352944 1.6479071002653571
0.6829061047025133 2 1.0706043954824285 0.6563598032326071 0.26376200515343173 1.5619054504265184
0.5297041990605473 2 0.09991315673568166 0.625 0.3888888888888889 1.4049546286147672
0.5297041990605473 2 0.09991315673568166 0.6870026525198939 0.27055702917771884 1.317566966385954
0.17320320676169862 2 0.017006494763520282 0.5887555274794694 0.4061907770056854 1.1525359973535076
0.6869595765993484 2 1.0746828884175996 0.6412587412587413 0.30606060606060603 1.5306151959947958
0.37676816126100815 2 0.05328701692569689 0.6138613861386139 0.3481848184818482 1.3429285880746047
0.37676816126100815 2 0.05328701692569689 0.8797814207650273 0.6215846994535519 0.9155558032003365
0.37676816126100815 2 0.05328701692569689 0.571236559139785 0.2482078853046595 1.308225055538644
0.37676816126100815 2 0.05328701692569689 0.5 0.26456876456876455 1.3622376328334704
0.68531220727849 2 1.0567901452181392 0.5271966527196653 0.20920502092050208 1.5473462973136396
0.4825755651802941 2 0.46968450898583997 0.5726495726495726 0.23931623931623933 1.5409114736129184
0.3250809733970037 2 0.04206869757291859 0.5638051044083526 0.25560711523588553 1.6932338839449392
-9.999994999180668e-07 1 0.0 0.6933149552033081 0.5354927636113026 1.4828687296929843
0.37676816126100815 2 0.05328701692569689 0.44375 0.4078125 1.0494765171646676
0.23378965871499252 2 0.03914037574881999 0.5097142857142857 0.25866666666666666 1.2419424131629493
0.23378965871499252 2 0.025784040447917846 0.5872756933115824 0.3708537248504622 1.1773177427028017
0.6931451805619453 2 0.8400126795323677 0.3700189753320683 0.1366223908918406 1.6900123155627649
0.25731664055136994 2 0.029603898292053826 0.3886703383162864 0.32651455546813535 1.2847971030452505
0.37676816126100815 2 0.05328701692569689 0.7022900763358778 0.3935538592027142 1.0607513185779531
0.37676816126100815 2 0.05328701692569689 0.46448863636363635 0.17424242424242425 1.249496987275263
0.37676816126100815 2 0.05328701692569689 0.6974789915966386 0.6974789915966386 1.3748302798600587
0.37676816126100815 2 0.05328701692569689 0.7519582245430809 0.5865970409051349 0.871271189580143
0.36220855714026556 2 0.04995657836784083 0.7073170731707317 0.1986062717770035 1.3660351469982763
0.36220855714026556 2 0.04995657836784083 0.6492957746478873 0.30140845070422534 1.386708708308062
0.37676816126100815 2 0.05328701692569689 0.6274238227146814 0.3162511542012927 1.3325203878555079
0.13905879847125688 2 0.01925954997164158 0.5124835742444153 0.27715724923346474 1.5494136233767992
0.37676816126100815 2 0.05328701692569689 0.6328502415458938 0.3526570048309179 0.9196228956478743
1.0947772260124813 3 1.0992402643155257 0.528158295281583 0.2222222222222222 1.6160806631027025
-9.999994999180668e-07 1 0.0 1.0 0.5465253239104829 1.175113155654941
-9.999994999180668e-07 1 0.0 0.7503285151116952 0.5611038107752957 1.403603432748162
0.5297041990605473 2 0.6066758241067098 0.6948529411764706 0.1642156862745098 1.6196282150597647
0.5297041990605473 2 0.09991315673568166 0.832 0.5653333333333334 0.7633524478543752
0.68531220727849 2 1.0567901452181392 0.5414414414414415 0.2552552552552553 1.616108716898844
0.37676816126100815 2 0.05328701692569689 0.5075862068965518 0.18022988505747126 1.5524405917023554
0.9743117528756828 3 1.0239683354964328 0.6599063962558502 0.4160166406656266 1.3832032511500236
0.45055920886990464 2 0.07137362636549527 0.6788124156545209 0.21682411156095366 1.5825936227294
0.6931451805619453 2 0.2664350846284844 0.5 0.18875502008032127 1.4511410421335684
0.4293210219344571 2 0.0666087711571211 0.43243243243243246 0.2906906906906907 1.4330513865228633
0.4293210219344571 2 0.0666087711571211 0.6474694589877836 0.5450843513670739 0.906056065901461
0.37676816126100815 2 0.08089010988089465 0.6964285714285714 0.5487012987012987 1.6087338823124613
0.2286298735916434 2 0.04388619673529353 0.5641609719058466 0.3323209314097697 1.2847379473307485
0.36220855714026556 2 0.04995657836784083 0.5676190476190476 0.37206349206349204 1.288676332549743
1.0239558563308848 3 1.3164104588057879 0.6476707372229761 0.3393532129357413 1.704528455087213
0.6615612381601154 2 0.8575063266743292 0.9368131868131868 0.649712879409352 1.1725731922900575
-9.999994999180668e-07 1 0.0 0.5098591549295775 -0.22065727699530516 2.284951201830342
0.562333144621475 2 0.5200078492343227 0.5 0.2914485165794066 1.835069155863115
-9.999994999180668e-07 1 0.0 0.6657263751763046 0.44287729196050774 1.2529500297016405
0.36220855714026556 2 0.04995657836784083 0.3735294117647059 0.09705882352941177 2.178832566788483
0.47413731306119833 2 0.07993052538854532 0.5042372881355932 0.018361581920903956 1.4668132394887559
0.37676816126100815 2 0.05328701692569689 0.5647058823529412 0.4774509803921569 1.2350667739694283
0.2286298735916434 2 0.024978289183920414 0.6457055214723927 0.3312883435582822 1.2446854191911447
0.37676816126100815 2 0.05328701692569689 0.9041322314049587 0.4914600550964187 1.2162067858346666
0.6492463548730875 2 0.910013736160065 0.7586206896551724 0.4732633683158421 1.2182392093871164
-9.999994999180668e-07 1 0.0 0.8888888888888888 0.5555555555555556 1.485113933753824
0.36220855714026556 2 0.04995657836784083 0.78125 0.6666666666666666 1.4586437522834366
1.0114012647128519 3 0.8447969810344902 0.5300751879699248 0.17794486215538846 1.6956863115911969
0.68531220727849 2 1.0404410096981864 0.6752577319587629 0.266857962697274 1.618885468988127
-9.999994999180668e-07 1 0.0 1.0 1.0 0.6985548337460231
-9.999994999180668e-07 1 0.0 0.6666666666666666 0.45893719806763283 1.7451968737252472
0.3488300958480944 2 0.04701795611090902 0.3895131086142322 -0.05742821473158552 1.4718503845996151
0.6791912659935828 2 1.0023339702632597 0.6067864271457086 0.12375249500998003 1.7177079699739013
0.562333144621475 2 0.11418646484077903 0.2950310559006211 0.2515527950310559 1.878318316556653
0.562333144621475 2 0.4044505494044732 0.7942857142857143 0.4819047619047619 1.290254531984169
-9.999994999180668e-07 1 0.0 0.4972375690607735 0.27255985267034993 1.7471950203156967
0.9743117528756828 3 0.39155383998076665 0.5319148936170213 0.45390070921985815 1.6430621259581322
0.6365121682970628 2 0.15166895602667746 0.6483516483516484 0.36813186813186816 1.7098636164386953
0.37676816126100815 2 0.05328701692569689 0.8428005284015853 0.4658740642888595 0.7247753974851667
0.37676816126100815 2 0.0800339238229374 0.8909329829172142 0.2062415196743555 2.211091883872958
0.36220855714026556 2 0.04995657836784083 0.700709219858156 0.4765957446808511 1.1692611658818448
-9.999994999180668e-07 1 0.0 0.9097744360902256 0.8145363408521303 1.103141200182737
0.37676816126100815 2 0.05328701692569689 0.616643929058663 0.43610732150977716 1.136262859151069
0.23378965871499252 2 0.025784040447917846 0.6422206991089787 0.38473840530043407 1.644301968791025
-9.999994999180668e-07 1 0.0 0.8924485125858124 0.7353165522501907 1.3138744757187322
0.6554797739035534 2 0.9706813185707359 0.49216300940438873 0.46499477533960293 1.7460945131784338
0.6492463548730875 2 0.910013736160065 0.5450236966824644 0.2364402317008952 1.414271987029384
0.6492463548730875 2 1.0532687216470447 0.4314868804664723 0.2944606413994169 1.3267767753773445
0.68531220727849 2 1.0404410096981864 0.8625204582651391 0.3376865671641791 1.4835845645489847
0.6682464776666426 2 0.9278571427514388 0.4076923076923077 0.01581196581196581 1.6803821015406708
0.68531220727849 2 1.0404410096981864 0.6367713004484304 0.42116820377689945 1.4534053491138834
-9.999994999180668e-07 1 0.0 0.8013468013468014 0.7861952861952862 1.3611386296889327
0.6615612381601154 2 0.8897912086898413 0.6935704514363885 0.5020519835841313 1.5073132024150484
0.562333144621475 2 0.11418646484077903 0.8670360110803325 0.628808864265928 1.4092823062275683
0.562333144621475 2 0.11418646484077903 0.4971590909090909 0.3428030303030303 1.3195483377670163
0.36220855714026556 2 0.04995657836784083 0.8046594982078853 0.4002389486260454 1.239838373755835
-9.999994999180668e-07 1 0.0 0.671875 0.4401041666666667 1.394608854737532
0.9368853075459159 3 0.3426096099831708 0.6042553191489362 0.09219858156028368 1.7710255219002644
-9.999994999180668e-07 1 0.0 0.45594405594405596 0.3090909090909091 2.0551681287524164
0.31449020128721317 2 0.06066758241067098 0.45164835164835165 0.22857142857142856 1.6192999976380142
1.3862903611278907 4 0.8253095866806781 0.5776566757493188 0.4126984126984127 1.544522927745123
-9.999994999180668e-07 1 0.0 0.6437699680511182 0.41302804401845933 1.4694645085036995
0.6730096670113398 2 1.0111263735111828 0.4708603145235893 0.31329016342892385 1.4879207089182163
0.21903052179830135 2 0.02350897805545451 0.6305194805194805 0.42554112554112555 1.172666405578108
0.3250809733970037 2 0.0418397120073593 0.22784810126582278 0.08544303797468354 1.3398713493689152
0.19851324335639875 2 0.021760574333804936 0.5178571428571429 0.3783068783068783 1.628630458081439
-9.999994999180668e-07 1 0.0 0.43169398907103823 0.15938069216757741 2.2626654287214927
0.8792782907650571 3 1.6194141832809525 0.3102310231023102 0.1254125412541254 1.4832851924281965
0.37676816126100815 2 0.08089010988089465 0.6752577319587629 0.32130584192439865 1.4543879588708781
0.31449020128721317 2 0.03996526269427266 0.6252609603340292 0.16701461377870563 1.4204721691887836
0.3364937575888248 2 0.04440584743808074 0.5815691158156912 0.20963055209630552 1.4119302891137075
0.2286298735916434 2 0.024978289183920414 0.5325016414970453 0.3282994090610637 1.2483110130515922
0.2868339830627061 2 0.034752402342845795 0.6721461187214612 0.4885844748858447 1.046471652475073
0.5067312576519972 4 0.08020838972475038 0.4202626641651032 0.1442817076971019 1.7486095927082808
0.6019209717449048 3 0.13746760314878748 0.541095890410959 0.2726027397260274 1.4167148964965426
-9.999994999180668e-07 1 0.0 0.5057581573896354 0.1801023672424824 1.9584440193167443
-9.999994999180668e-07 1 0.0 0.5622149837133551 0.4006514657980456 1.7439766486993586
-9.999994999180668e-07 1 0.0 0.8866120218579235 0.7868852459016393 1.0108348293463336
0.2286298735916434 2 0.024978289183920414 0.36998025016458197 0.07834101382488479 1.6153646377466555
0.6896689283590407 2 1.2822401828746626 0.6009708737864078 0.2802588996763754 1.4562747911264255
0.68531220727849 2 1.0567901452181392 0.6108567691301504 0.47264006976237194 1.4279542537880454
0.37676816126100815 2 0.05328701692569689 0.6697736351531292 0.43897026187305815 1.229238254900432
-9.999994999180668e-07 1 0.0 0.2296933835395374 0.08786085709162632 2.6029854229096343
0.21455715518593435 2 0.022837292968155808 0.4889679715302491 0.2778173190984579 1.3557232835710762
0.2868339830627061 2 0.03689836517471272 0.5197132616487455 0.23476702508960573 1.8887130145267663
0.31449020128721317 2 0.03996526269427266 0.5988857938718662 0.6193129062209842 0.9213779283688658
-9.999994999180668e-07 1 0.0 0.5379061371841155 0.32731648616125153 1.8381282017708425
0.6774924044507715 2 1.0504452501760535 0.6543408360128617 0.3461895910780669 1.7687637767701674
0.2509528043654067 2 0.04333398743619356 0.600942655145326 0.31840796019900497 1.5665351416902684
0.6057954993747123 2 0.7583447801333875 0.4027072758037225 -0.01015228426395939 2.004114345287624
0.36220855714026556 2 0.05304139993864953 0.39915966386554624 0.05042016806722689 2.0599129144483515
-9.999994999180668e-07 1 0.0 0.8081081081081081 0.6045045045045045 1.3724419813895234
0.6730096670113398 2 0.9337291112676029 0.729381443298969 0.3049155145929339 1.5358403955994033
-9.999994999180668e-07 1 0.0 0.44642857142857145 0.225 1.7266103578986032
0.2286298735916434 2 0.024978289183920414 0.8788694481830417 0.7366532077164648 0.9269088298404587
0.562333144621475 2 0.11418646484077903 0.948051948051948 0.3538961038961039 1.2253413315034378
0.37676816126100815 2 0.05328701692569689 0.7650130548302873 0.6031331592689295 1.0340354671584726
0.6782073939053741 2 1.040015698468645 0.5715823466092572 0.3534266236096161 1.2817290281001892
0.6931451805619453 2 1.0404410096981864 0.5006657789613849 0.30441400304414 1.9542532511643607
0.6682464776666426 2 0.9278571427514388 0.7852161785216178 0.5206880520688052 1.3951122545142853
0.6896689283590407 2 1.1100876781527023 0.5603321934538349 0.36134180100960755 1.1971979543937776
0.9164618855472628 3 1.1278850770480624 0.7872659176029962 0.4458740017746229 1.4282545033349872
0.2286298735916434 2 0.024978289183920414 0.4331742243436754 0.18575974542561655 1.151277183591471
0.6615612381601154 2 0.8897912086898413 0.7404021937842779 0.5655088360755637 1.175983940981808
0.23378965871499252 2 0.025784040447917846 0.38064516129032255 0.13591397849462367 1.1761730055976247
0.2286298735916434 2 0.024978289183920414 0.8169014084507042 0.5633802816901409 1.0150324191729243
0.17320320676169862 2 0.017006494763520282 0.5636942675159236 0.3354564755838641 1.7271281692700222
0.21903052179830135 2 0.02350897805545451 0.4825061025223759 0.3498779495524817 0.9597361959651592
0.6615612381601154 2 0.8666797487238712 0.7298850574712644 0.5584291187739464 1.264744974900231
0.23378965871499252 2 0.1600678476458748 0.8324607329842932 0.6854700854700855 1.1200916634049145
0.3250809733970037 2 0.0418397120073593 0.5981507823613087 0.3940256045519203 1.1531829788059333
0.6682464776666426 2 0.9278571427514388 0.6518151815181518 0.643014301430143 0.8833944267841887
0.45055920886990464 2 0.082609311501729 0.4610244988864143 0.20935412026726058 1.614174536151757
0.37676816126100815 2 0.05328701692569689 0.6060606060606061 0.3333333333333333 1.4703605919603204
0.21903052179830135 2 0.02350897805545451 0.5517503805175038 0.27879249112125826 1.3920558981794378
0.6914140776191252 2 1.139815184685333 0.6965753424657535 0.4773972602739726 1.404566125548826
0.36220855714026556 2 0.04995657836784083 0.753577106518283 0.36142024377318493 1.5296921978497506
0.36220855714026556 2 0.04995657836784083 0.6360601001669449 0.27434613244296047 1.2010340639584671
0.5297041990605473 2 0.09991315673568166 0.783068783068783 0.6102292768959435 0.9770230803523994
0.2286298735916434 2 0.024978289183920414 0.6160990712074303 0.36661506707946334 1.291033302244438
0.6779057256561851 3 0.1713048049915854 0.7297297297297297 0.476976976976977 1.1492863438890872
0.3488300958480944 2 0.04701795611090902 0.589711417816813 0.4127979924717691 1.1849921002262227
0.36220855714026556 2 0.04995657836784083 0.4094488188976378 0.2440944881889764 1.5105085920158396
0.23378965871499252 2 0.025784040447917846 0.6506666666666666 0.34844444444444445 0.9232417149056847
0.2286298735916434 2 0.024978289183920414 0.7124492557510149 0.3969327920613442 1.5068792766920787
0.5851606824956601 4 0.284382554883444 0.51284046692607 0.25680933852140075 1.6074107902736305
0.31449020128721317 2 0.03996526269427266 0.9402985074626866 0.646351575456053 0.9429466844318918
0.37676816126100815 2 0.05328701692569689 0.735191637630662 0.4152148664343786 0.9013277499657155
0.37676816126100815 2 0.05328701692569689 0.5797101449275363 0.28381642512077293 1.1844312478613817
0.9238377056376721 3 0.8083013585012283 0.702247191011236 0.2128589263420724 1.5663194814670822
0.23378965871499252 2 0.025784040447917846 0.6479238754325259 0.3491926182237601 1.6151964428784147
0.3488300958480944 2 0.04701795611090902 0.7456021650879567 0.44745151105096975 1.3840606835132554
-9.999994999180668e-07 1 0.0 1.0 0.9287622439893143 0.7766796443501781
0.2286298735916434 2 0.037917239006669365 0.4866369710467706 0.3188567186340015 1.2306978470675658
0.37676816126100815 2 0.05328701692569689 0.7956204379562044 0.4811435523114355 1.2162368590471107
0.3364937575888248 2 0.04440584743808074 0.8024691358024691 0.5432098765432098 0.9192776867840582
0.36220855714026556 2 0.04995657836784083 0.6784313725490196 0.4594771241830065 1.0415716862339344
0.36220855714026556 2 0.04995657836784083 0.8024502297090352 0.5472179683511996 1.5580049605517765
-9.999994999180668e-07 1 0.0 0.7255434782608695 0.32065217391304346 1.7767504871953586
0.6365121682970628 2 0.15986105077709065 0.7536231884057971 0.5144927536231884 1.174711896386248
0.37676816126100815 2 0.05328701692569689 0.3795093795093795 0.30735930735930733 1.3618102522802435
-9.999994999180668e-07 1 0.0 0.6789189189189189 0.3722522522522522 1.4985300816673985
0.2286298735916434 2 0.024978289183920414 0.585394581861013 0.4122497055359246 1.2411448635157327
-9.999994999180668e-07 1 0.0 0.7261724659606656 0.5242057488653555 1.566397462004728
0.2286298735916434 2 0.024978289183920414 0.6182902584493042 0.4172741329798984 1.1011460075420527
-9.999994999180668e-07 1 0.0 0.21706864564007422 -0.04390847247990105 2.7637332233960064
-9.999994999180668e-07 1 0.0 0.3674863387978142 -0.09380692167577413 2.6553010568731024
0.68531220727849 2 1.0515714284516307 0.37745098039215685 0.1514161220043573 1.7108244832685557
0.6884552217913815 2 1.1324615383325245 0.3337453646477132 0.17758549649773384 1.8290004802535273
0.2286298735916434 2 0.037917239006669365 0.45234986945169714 0.1294604003481288 1.5096314066792178
0.6926568198080272 2 1.1748325482701356 0.43852728468113084 0.2539995616918694 1.5325333642192418
0.68531220727849 2 1.0567901452181392 0.7794117647058824 0.6470588235294118 0.9597952015019439
0.3111271548177342 2 0.04530188050094816 0.6987854251012146 0.3978407557354926 1.5990817020553623
0.37676816126100815 2 0.05328701692569689 0.5357142857142857 0.34523809523809523 1.3237693347316863
-9.999994999180668e-07 1 0.0 0.627906976744186 0.6385658914728682 1.2612123121711925
0.6816224336268306 2 1.0616826921867417 0.5983263598326359 0.41143654114365413 1.3069667413092807
0.37676816126100815 2 0.05328701692569689 0.43848167539267013 0.31413612565445026 1.153700852013757
0.2286298735916434 2 0.024978289183920414 0.5313315926892951 0.32310704960835507 1.1710089230801524
0.6916011758715039 2 1.1449938088774516 0.35770463151762305 0.20497135644237305 1.4527951684147296
0.6730096670113398 2 1.0111263735111828 0.4375545851528384 0.07685589519650655 1.7599334790953822
0.4293210219344571 2 0.0666087711571211 0.3805668016194332 0.15789473684210525 1.5133899055553044
0.6730096670113398 2 1.0111263735111828 0.5614678899082569 0.381651376146789 1.3514865462055823
0.68531220727849 2 1.0567901452181392 0.7484536082474227 0.49072164948453606 1.3223339063698876
0.6581079875452631 2 0.9437179486104377 0.6270022883295194 0.3314263920671243 1.3661761225477567
-9.999994999180668e-07 1 0.0 0.3770491803278688 0.0949978982765868 2.316627291363778
-9.999994999180668e-07 1 0.0 0.3477508650519031 0.29988465974625145 1.8300733762516288
-9.999994999180668e-07 1 0.0 0.4662756598240469 0.22124470511567285 1.6288119399821288
0.19490668719859305 2 0.021216559975459813 0.676147382029735 0.45916828269769444 1.4718995141668654
0.2535446752428309 3 0.06298780183548523 0.5816787003610109 0.30610709987966306 1.6850479464440027
0.2286298735916434 2 0.04388619673529353 0.5901328273244781 0.4541429475015813 1.3466896130197725
0.2286298735916434 2 0.024978289183920414 0.4449511400651466 0.2002171552660152 1.1962552003727642
0.36220855714026556 2 0.04995657836784083 0.5488721804511278 0.3609022556390977 1.3240470116745287
0.23378965871499252 2 0.025784040447917846 0.7632534495279594 0.5395787944807553 1.0586267954056616
1.0947772260124813 3 1.0992402643155257 0.631578947368421 0.29974937343358393 1.3377222158363073
0.6816224336268306 2 1.0616826921867417 0.40263543191800877 0.3430941922889214 1.1596461802617697
0.17320320676169862 2 0.017006494763520282 0.5936042638241172 0.3324450366422385 1.5641755977403748
0.6693259632947448 2 0.9927422576291615 0.6829268292682927 0.266260162601626 1.503533336897719
0.6911907820052087 2 1.1350708967157792 0.6759689922480621 0.38423772609819123 1.4722443002717203
-9.999994999180668e-07 1 0.0 0.7266187050359713 0.47002398081534774 1.395215326059485
0.6615612381601154 2 0.8897912086898413 0.8125 0.7819148936170213 1.2020056024628356
-9.999994999180668e-07 1 0.0 1.0 1.0 0.950936929443246
0.2711873730488856 2 0.03197221015541813 0.5275109170305677 0.3784570596797671 1.3510291653519626
0.36220855714026556 2 0.04995657836784083 0.5163398692810458 0.25664488017429193 1.771989306336169
-9.999994999180668e-07 1 0.0 0.7902869757174393 0.5621780721118469 1.3376677101297956
-9.999994999180668e-07 1 0.0 0.5145772594752187 0.23420796890184645 1.6461149868456233
-9.999994999180668e-07 1 0.0 0.7183833116036505 0.6975228161668839 1.2293557803566517
0.36220855714026556 2 0.04995657836784083 0.7265625 0.4192708333333333 1.333969393590818
0.23378965871499252 2 0.025784040447917846 0.8432671081677704 0.43782192788815305 1.2885874223969795
0.685690588450206 2 1.0920164833920771 1.0 0.5555555555555556 0.4513530918323407
0.2286298735916434 2 0.024978289183920414 0.7966101694915254 0.711864406779661 0.9831595360817338
0.2509528043654067 2 0.028546616210194758 0.8837876614060258 0.7455762792922047 0.9753559332335199
0.36220855714026556 2 0.04995657836784083 0.6754507628294036 0.49791955617198336 1.0664589301050817
0.37676816126100815 2 0.05328701692569689 0.6198501872659176 0.533083645443196 0.8547306986626002
0.6615612381601154 2 0.8897912086898413 0.5 0.25806451612903225 1.2640514146087207
-9.999994999180668e-07 1 0.0 0.6564885496183206 0.29304495335029684 1.7105776354040987
0.36220855714026556 2 0.04995657836784083 1.0 1.0 0.9113099402749747
-9.999994999180668e-07 1 0.0 0.6685353889278206 0.48072880168185006 1.621119162725055
0.37676816126100815 2 0.08089010988089465 0.6403269754768393 0.2511353315168029 1.1463568669010538
0.6901836760208161 2 1.1373241806417425 0.8438438438438438 0.5798969072164949 1.1457216372695571
0.17320320676169862 2 0.025815992515179142 0.39587242026266417 0.29018136335209505 1.4452752911372346
0.6896689283590407 2 1.0961167827924039 0.2 0.1875 1.9826920704511053
0.2999575524574672 2 0.05515234764606453 0.5939036381514258 0.2530317928548017 1.5064351152958433
0.6730096670113398 2 1.0290075920091952 0.7351598173515982 0.3374888691006233 1.456284315292216
0.6869595765993484 2 1.0706043954824291 0.49081364829396323 0.3547681539807524 1.4343528414567868
0.6916011758715039 2 1.1440172683155094 0.6264196054991034 0.2952779438135087 1.4603044833578298
-9.999994999180668e-07 1 0.0 0.43535620052770446 0.03781882145998241 1.9506832207670834
0.22371607607486488 2 0.03676823176404302 0.5523489932885906 0.26532438478747206 1.3411482063421347
0.6918946592070849 2 1.151128486766577 0.5209368346344926 0.29784717293588836 1.762841079979835
-9.999994999180668e-07 1 0.0 0.3876572798082684 0.2975833832634312 1.9875015451236762
0.23378965871499252 2 0.03914037574881999 0.5482933914306464 0.25756475429678044 1.3585098878846296
0.16302162950788568 2 0.023791208788498424 0.4902597402597403 0.26515151515151514 1.1890597948344377
-9.999994999180668e-07 1 0.0 0.7777777777777778 0.7407407407407407 1.1572292788290106
0.68531220727849 2 1.0567901452181392 0.7733333333333333 0.52 1.1839090202588751
0.6839864329698189 2 1.078534798411928 0.5317604355716878 0.16333938294010888 1.5169311028793897
0.7029159307848437 3 0.18272512532435775 0.6964285714285714 0.5446428571428571 1.280544031000861
0.1705278564602825 2 0.025278159337779577 0.47178538390379277 0.3367252543940796 1.233356052192996
0.68531220727849 2 1.0567901452181392 0.47914032869785084 0.34513274336283184 1.057224493499003
0.68531220727849 2 1.0404410096981864 0.625544267053701 0.2995798319327731 1.870676957486176
0.6774924044507715 2 1.0616826921867424 0.8125 0.546875 1.0526992577465115
0.6774924044507715 2 1.0504452501760535 0.6896551724137931 0.4613466334164589 1.2955680895246666
0.36220855714026556 2 0.04995657836784083 0.7215568862275449 0.4311377245508982 1.461722162383928
0.37676816126100815 2 0.08089010988089465 0.6462480857580398 0.3108728943338438 1.3355793016648807
0.6774924044507715 2 1.0616826921867424 0.5072886297376094 -0.056365403304178816 1.6692606242682488
-9.999994999180668e-07 1 0.0 0.25098039215686274 -0.20610021786492375 2.327042783855487
0.6492463548730875 2 0.910013736160065 0.5 0.16666666666666666 1.024519052838328
-9.999994999180668e-07 1 0.0 0.6551246537396122 0.5235457063711911 1.5342383757018383
0.23378965871499252 2 0.025784040447917846 0.5996131528046421 0.3459058671824629 1.1770971456335175
0.2868339830627061 2 0.034752402342845795 0.5883233532934131 0.5179640718562875 1.1836479833136624
0.5297041990605473 2 0.09991315673568166 0.43380281690140843 0.2995305164319249 1.8022991899405714
0.36220855714026556 2 0.04995657836784083 0.92 0.5688888888888889 1.0009593866841253
0.9649599230141778 3 1.5491151842355548 0.8872549019607843 0.4335511982570806 1.0665760810490874
0.37676816126100815 2 0.08089010988089465 0.20205479452054795 0.12728310502283105 1.2730959870704741
-9.999994999180668e-07 1 0.0 0.8192868719611021 0.5515937331172339 1.5511232841657216
-9.999994999180668e-07 1 0.0 0.810126582278481 0.6133688652009771 1.2425372068598601
-9.999994999180668e-07 1 0.0 0.7106666666666667 0.5973333333333334 1.4641285896170542
0.68531220727849 2 1.0404410096981864 0.7659574468085106 0.4950900163666121 1.2567412007754726
0.6774924044507715 2 1.1988540216582562 1.0 0.5511324639670556 1.5459588738353256
0.2286298735916434 2 0.024978289183920414 0.5428082191780822 0.365296803652968 1.2245232708766451
0.5297041990605473 2 0.09991315673568166 0.6905829596412556 0.34080717488789236 1.16325593494425
1.1469108276260214 4 0.9163539300395371 0.7762836185819071 0.46577017114914426 1.3078598437038116
0.2286298735916434 2 0.024978289183920414 0.8318112633181126 0.6029934043632674 1.7569616292029515
0.2509528043654067 2 0.028546616210194758 0.8227394807520143 0.4553864518054312 1.0978556767831693
0.37676816126100815 2 0.05328701692569689 0.7231012658227848 0.5796413502109705 1.0100625808421582
-9.999994999180668e-07 1 0.0 0.7755905511811023 0.30183727034120733 1.591031861134177
-9.999994999180668e-07 1 0.0 0.7425897035881436 0.3983359334373375 1.4855118029665537
1.2730243365997507 4 1.1282252616171593 0.816 0.30073349633251834 1.4761332839871653
1.1491483765482018 4 1.506298741917923 0.3741935483870968 0.1913978494623656 2.0517770775591666
0.37676816126100815 2 0.05328701692569689 0.7364771151178918 0.37263060564031436 1.3381030061257333
-9.999994999180668e-07 1 0.0 0.9459459459459459 0.6261261261261262 1.3438614043657617
-9.999994999180668e-07 1 0.0 0.7971602434077079 0.6389452332657201 1.236650339036387
0.22371607607486488 2 0.02422137132986222 0.5491606714628298 0.36104449773514524 1.6564911477158253
0.685927800254402 2 1.1004664525653896 0.6869009584664537 0.34681372549019607 1.5479543561783864
0.37676816126100815 2 0.05328701692569689 0.6890756302521008 0.3798319327731092 0.9134280511726305
0.37676816126100815 2 0.05328701692569689 0.6238532110091743 0.4110965487112276 1.2612119649856965
0.23378965871499252 2 0.025784040447917846 0.6245181187355435 0.3066049858648162 1.3337939236203677
0.37676816126100815 2 0.05328701692569689 0.7565485362095532 0.4514637904468413 1.1435145677483232
0.2868339830627061 2 0.034752402342845795 0.6809045226130653 0.4556113902847571 1.5187646622593303
0.3250809733970037 2 0.04206869757291859 0.8038507821901324 0.3686321700762134 1.2002776401150843
0.37676816126100815 2 0.05328701692569689 0.9131832797427653 0.4292604501607717 1.1547896148738128
0.562333144621475 2 0.11418646484077903 0.911504424778761 0.5703048180924287 0.9985770026191878
0.31449020128721317 2 0.03996526269427266 0.9056356487549148 0.5045871559633027 1.1095241893273289
0.3488300958480944 2 0.04701795611090902 0.7483443708609272 0.4618101545253863 1.3324893851073454
0.2787673717753808 2 0.03330438557856055 0.7767767767767768 0.5949282615949283 1.0053306173232766
0.5004004235413129 2 0.08881169487616147 0.6890080428954424 0.5513851653261841 0.9077162137153731
0.2286298735916434 2 0.024978289183920414 0.8207207207207208 0.5846846846846847 0.7813521567957993
0.2286298735916434 2 0.024978289183920414 0.8191268191268192 0.5547470547470548 0.7036661351477826
0.36220855714026556 2 0.04995657836784083 0.93 0.6733333333333333 0.4586241058973283
0.562333144621475 2 0.11418646484077903 0.9795918367346939 0.6564625850340136 0.9089296725019637
0.37676816126100815 2 0.05328701692569689 0.8765217391304347 0.5623188405797102 0.9846281694388772
0.37676816126100815 2 0.05328701692569689 0.7850467289719626 0.46417445482866043 1.0305564679363053
0.41011431829249234 2 0.06148501952965025 0.6936416184971098 0.3420038535645472 1.3776066270152891
0.5297041990605473 2 0.09991315673568166 0.7616279069767442 0.39341085271317827 1.1207848299278684
0.47413731306119833 2 0.07993052538854532 0.6966292134831461 0.5168539325842697 1.1131337631290283
-9.999994999180668e-07 1 0.0 0.6666666666666666 0.16666666666666666 1.6497862457059171
0.37676816126100815 2 0.05328701692569689 0.5465116279069767 0.20155038759689922 1.4522928514242244
0.3364937575888248 2 0.04440584743808074 0.7925311203319502 0.5029967727063163 1.0252796569706504
0.37676816126100815 2 0.05328701692569689 0.5880149812734082 0.250936329588015 1.518398235542337
0.23378965871499252 2 0.025784040447917846 0.7762237762237763 0.4355644355644356 1.291722299128483
0.23378965871499252 2 0.025784040447917846 0.7762237762237763 0.4355644355644356 1.291722299128483
0.37676816126100815 2 0.05328701692569689 0.43454545454545457 0.36727272727272725 1.2402615387634648
0.68531220727849 2 1.0404410096981864 0.5704225352112676 0.34363730036063883 1.536110644286181
0.6615612381601154 2 0.8575063266743292 0.844311377245509 0.43541102077687444 1.480616569272764
0.9002530512753368 3 0.4608583643303275 0.7202380952380952 0.2371031746031746 1.836696659740329
0.37676816126100815 2 0.05328701692569689 0.7496206373292867 0.2964087000505817 1.2443805389693148
0.37676816126100815 2 0.05328701692569689 0.9852941176470589 0.5669934640522876 1.0363711556347737
0.2868339830627061 2 0.034752402342845795 0.5955510616784631 0.25884732052578363 1.1566570915746446
0.2787673717753808 2 0.03330438557856055 0.7989528795811518 0.41849912739965095 1.1430194941938743
0.6365121682970628 2 0.9003816430080457 0.46814404432132967 0.18724448078495504 1.6851001024986896
0.36220855714026556 2 0.04995657836784083 0.7916666666666666 0.43803418803418803 1.196895813477044
-9.999994999180668e-07 1 0.0 0.7 0.37777777777777777 1.9190703744298139
0.36220855714026556 2 0.04995657836784083 0.7476635514018691 0.5233644859813084 1.6655750401629787
0.31449020128721317 2 0.06066758241067098 0.6722783389450057 0.36326225215114105 1.2086689021814176
0.5297041990605473 2 0.15166895602667746 0.5257452574525745 0.27461607949412825 1.6165441155291649
0.5004004235413129 2 0.13481684980149108 0.7926267281105991 0.4055299539170507 1.5729926297586694
0.19490668719859305 2 0.01998263134713633 0.4494949494949495 0.2723531612420501 1.3046075434352258
0.36220855714026556 2 0.04995657836784083 0.6012461059190031 0.3811007268951194 1.1074574459552395
0.36220855714026556 2 0.07583447801333873 0.6333333333333333 0.2722222222222222 1.1509828585346593
0.37676816126100815 2 0.05328701692569689 0.5348837209302325 0.3236434108527132 1.3278646751723233
0.4825755651802941 2 0.0936238863686262 0.7154471544715447 0.3044263775971093 1.6208745192683693
0.37676816126100815 2 0.05328701692569689 1.0 0.8409090909090909 0.7611578815452721
-9.999994999180668e-07 1 0.0 0.6178207192699946 0.3442476292717839 1.8069292172670017
0.37676816126100815 2 0.05328701692569689 0.6827731092436975 0.3795518207282913 1.0817016391550383
0.22371607607486488 2 0.02422137132986222 0.7125700560448359 0.4865225513744329 1.1755852579157409
0.37676816126100815 2 0.05328701692569689 0.7254098360655737 0.36020036429872493 1.278720390584255
0.2286298735916434 2 0.024978289183920414 0.5654281098546042 0.3780290791599354 1.2172814774458538
0.37676816126100815 2 0.05328701692569689 0.7285491419656787 0.3156526261050442 1.1740548482042759
0.2787673717753808 2 0.03330438557856055 0.6041397153945667 0.38896075894782234 1.2786781476599778
0.3488300958480944 2 0.04701795611090902 0.6574440052700923 0.46772068511198944 0.9877051084318771
-9.999994999180668e-07 1 0.0 0.8262195121951219 0.8140243902439024 0.9724505705852652
0.2286298735916434 2 0.024978289183920414 0.793418647166362 0.40706886045094454 1.0561992306064776
0.44705905435569215 3 0.08841538322146343 0.48126064735945484 0.22998296422487224 1.6131038685342236
0.5297041990605473 2 0.09991315673568166 0.6543909348441926 0.3068932955618508 1.3748746627344557
0.3488300958480944 2 0.04701795611090902 0.7602179836512262 0.44232515894641233 1.1227851416488652
0.15407410368554766 2 0.014532822797917332 0.5937344604674292 0.3369799436432952 1.1018303234707227
0.12831670553379368 2 0.011418646484077904 0.633537989255564 0.43604502430289077 1.07354783869686
0.37676816126100815 2 0.05328701692569689 0.8365896980461812 0.6968620485494376 1.3301629930552572
0.6693259632947448 2 0.9927422576291615 0.6202290076335878 0.5677480916030534 1.121178308970706
0.37676816126100815 2 0.05328701692569689 0.46473029045643155 0.39188566159520516 0.9873141312233369
0.3488300958480944 2 0.04701795611090902 0.6278787878787879 0.36727272727272725 1.120879030727456
-9.999994999180668e-07 1 0.0 0.6983883346124329 0.5533384497313891 1.2315396411532546
0.37676816126100815 2 0.05328701692569689 0.6076294277929155 0.42188919164396005 1.0994916167373976
0.3250809733970037 2 0.04206869757291859 0.6548387096774193 0.4860215053763441 1.8228433493238758
0.21028141229591182 2 0.02220292371904037 0.6950398040416411 0.4807103490508267 0.8591550465999557
0.21903052179830135 2 0.02350897805545451 0.9004784688995215 0.734609250398724 1.0319203071040395
0.2286298735916434 2 0.024978289183920414 0.6286231884057971 0.31914251207729466 1.3407352896377653
0.37676816126100815 2 0.05328701692569689 0.579092159559835 0.26226501604768454 1.8020277393840782
-9.999994999180668e-07 1 0.0 0.7149837133550488 0.2725298588490771 1.840764614689745
0.37676816126100815 2 0.05328701692569689 0.8188405797101449 0.571256038647343 0.9458611696305985
0.37676816126100815 2 0.05328701692569689 0.7790143084260731 0.3359830418653948 1.1525747363620629
0.37676816126100815 2 0.05328701692569689 0.8711433756805808 0.48154869933454325 1.033559001784224
0.68531220727849 2 1.0404410096981864 0.728515625 0.39627805145046524 1.381561683464068
0.19851324335639875 2 0.020495006509883416 0.6409796893667862 0.4000398247710076 1.0459779706579317
0.6791912659935828 2 1.0023339702632597 0.6068627450980392 0.29411764705882354 1.4216725485032313
0.37676816126100815 2 0.05328701692569689 0.7136294027565084 0.35936702399183257 0.9933947722204183
0.2286298735916434 2 0.024978289183920414 0.8073946689595872 0.6162224132989396 0.89965710103741
0.37676816126100815 2 0.05328701692569689 0.7352342158859471 0.6646300067888663 0.9413852727890719
0.3364937575888248 2 0.04440584743808074 0.7004608294930875 0.5299539170506913 1.1177674423716681
0.23378965871499252 2 0.025784040447917846 0.9580786026200874 0.7394468704512372 1.5430983669160263
0.26405005183291863 2 0.030742509764825125 0.7424381301558204 0.5181790406355026 1.11976629942081
0.6615612381601154 2 0.8897912086898413 0.680379746835443 0.3939873417721519 1.4745972985047628
0.4293210219344571 2 0.1011126373511183 0.6344463971880492 0.3151728178090217 1.561640920120822
0.6365121682970628 2 0.15986105077709065 0.6666666666666666 0.49879227053140096 1.1312987805666337
0.37676816126100815 2 0.05328701692569689 0.6523605150214592 0.4072484501669051 1.0359308728172578
0.3364937575888248 2 0.04440584743808074 0.6335697399527187 0.5512214342001576 0.9680762655038336
0.5010439137754297 3 0.10310070236159061 0.37513171759747105 0.039690902704601336 1.2016946396755135
0.5763790666401709 3 0.13051794666025554 0.5308392315470172 0.3464779238287833 1.0655627614342305
0.690921309315827 2 1.117715143044471 0.7496433666191156 0.3498662276188516 1.370166907403829
-9.999994999180668e-07 1 0.0 1.0 0.7256455399061033 1.2508410440681452
-9.999994999180668e-07 1 0.0 0.6341666666666667 0.39361111111111113 1.624433181222211
0.23378965871499252 2 0.025784040447917846 0.6524869109947644 0.4282286212914485 0.9314897672914512
-9.999994999180668e-07 1 0.0 0.6443037974683544 0.6088607594936709 1.419584443561941
-9.999994999180668e-07 1 0.0 0.5787671232876712 0.3025114155251142 1.6389883259795197
-9.999994999180668e-07 1 0.0 0.42448979591836733 0.2525170068027211 2.1592114933372573
-9.999994999180668e-07 1 0.0 0.5492700729927007 0.4787104622871046 1.2859950037096235
0.2509528043654067 2 0.028546616210194758 0.26003210272873195 0.12573568753344033 1.5633285211836279
0.5297041990605473 2 0.6066758241067098 0.5328083989501312 0.1609798775153106 1.5278965606746868
-9.999994999180668e-07 1 0.0 0.7174603174603175 0.43139329805996474 1.6215709111095282
-9.999994999180668e-07 1 0.0 0.528558476881233 0.3120278029616198 1.868959799378335
-9.999994999180668e-07 1 0.0 0.5926605504587156 0.3541284403669725 1.7189301387438516
-9.999994999180668e-07 1 0.0 0.5632333767926988 0.28205128205128205 1.9060453134531383
-9.999994999180668e-07 1 0.0 0.6917344173441734 0.3407859078590786 1.6023278026437175
-9.999994999180668e-07 1 0.0 0.4366013071895425 0.1485838779956427 1.7807750445734252
0.37676816126100815 2 0.05328701692569689 0.5153203342618384 0.3115134633240483 1.414755631054641
-9.999994999180668e-07 1 0.0 0.894878706199461 0.7304582210242587 1.0830749933661976
0.36220855714026556 2 0.04995657836784083 0.5625 0.5052083333333334 0.9625249529520978
0.17320320676169862 2 0.017006494763520282 0.5047970479704798 0.30971709717097173 1.4599757910705737
0.6615612381601154 2 0.8897912086898413 0.4054794520547945 0.13150684931506848 1.998302244286254
-9.999994999180668e-07 1 0.0 0.7116141732283464 0.45341207349081364 1.588119141660892
0.562333144621475 2 0.11418646484077903 0.8701657458563536 0.7891344383057091 0.5851306678488333
0.68531220727849 2 1.0567901452181392 0.633377135348226 0.3985983355234341 1.2483052417238025
1.0263276332998972 3 1.0692495814536476 0.5031055900621118 0.3501086169442433 1.27662404091205
-9.999994999180668e-07 1 0.0 0.8944519621109608 0.6752368064952639 1.1736250888643105
0.37676816126100815 2 0.05328701692569689 0.7692307692307693 0.41895604395604397 1.2593674491805842
0.37676816126100815 2 0.05328701692569689 0.6377204884667571 0.574400723654455 0.8307408489030974
0.6896689283590407 2 1.0961167827924039 0.7931472081218274 0.43075745983167557 1.6145486887463576
0.37676816126100815 2 0.05328701692569689 0.8419654714475432 0.6100044267374944 0.9974133392033118
0.4293210219344571 2 0.0666087711571211 0.7597292724196277 0.485053581500282 1.1166140418785284
1.0433504269474334 3 1.3029102952024518 0.5417515274949084 0.30414120841819414 1.468655296240144
0.37676816126100815 2 0.05328701692569689 0.6862745098039216 0.3908496732026144 1.3463529629002977
0.36220855714026556 2 0.04995657836784083 0.606694560669456 0.43561134356113435 1.2503611273837942
0.5982675885877072 2 0.1332175423142422 0.8666666666666667 0.6373737373737374 1.0135771140920156
-9.999994999180668e-07 1 0.0 0.9473684210526315 0.9122807017543859 0.7956646611047375
-9.999994999180668e-07 1 0.0 0.5817737998372661 0.37781394087333875 1.60924182822116
-9.999994999180668e-07 1 0.0 0.7151335311572701 0.39188921859545006 1.6640836151504699
-9.999994999180668e-07 1 0.0 0.3333333333333333 0.1111111111111111 1.9052349241144413
0.651754561174831 2 0.5875355070127333 1.0 1.0 0.6993587371177717
-9.999994999180668e-07 1 0.0 0.5822784810126582 0.1940928270042194 1.834331286812911
-9.999994999180668e-07 1 0.0 0.5 0.26666666666666666 1.8349679368558884
-9.999994999180668e-07 1 0.0 0.7 0.8 1.6545831791265517
0.68531220727849 2 1.0567901452181392 0.7749419953596288 0.6867749419953596 1.1865517646581598
-9.999994999180668e-07 1 0.0 1.0 1.0 0.6503206314411142
0.6890072384786752 2 1.0861746804541508 0.6956521739130435 0.5751633986928104 1.4824273350926045
-9.999994999180668e-07 1 0.0 0.6304347826086957 0.6014492753623188 1.6975122916712748
