-9.999994999180668e-07 1 0.0 0.83008356545961 0.4373259052924791 1.17814531534466
1.017161350930059 3 0.1618021128006938 0.7240704500978473 0.49054142204827134 1.1986783668161702
0.44375428427771485 3 0.10299797830649035 0.5741758241758241 0.4532967032967033 0.9249289809758993
0.3364937575888248 2 0.06740842490074554 0.5457875457875457 0.47985347985347987 0.9102620153325015
0.37676816126100815 2 0.17333594974477423 0.7824773413897281 0.5498489425981873 0.9205851119349265
-9.999994999180668e-07 1 0.0 0.8064516129032258 0.7419354838709677 0.7887407062684947
0.6615612381601154 2 0.3235604395235786 0.7740384615384616 0.5288461538461539 1.2373268878937485
1.0549171679911442 3 0.45985863638091923 0.8418891170431212 0.6208076659822039 0.9165593252673985
1.4339070232607307 6 0.42490909834699164 0.8099630996309963 0.6260762607626076 1.1799537915043432
1.1105936494561284 4 0.45160985653716956 0.8584192439862542 0.5837342497136312 1.0384369451939972
0.9545917186004583 4 0.25603384646086197 0.8310344827586207 0.705287356321839 1.3163869065343843
1.185191684863657 4 0.5065674314051964 0.8825065274151436 0.6951697127937336 1.0461060978066679
0.5783222866734843 3 0.1713048049915854 0.8048780487804879 0.5383275261324042 1.2100636127478672
0.6616098857481816 3 0.20476540547039834 0.8496835443037974 0.5 1.2805826764693224
0.37676816126100815 2 0.08089010988089465 0.46582984658298465 0.22454672245467225 1.3405276228397638
1.0852250400768189 3 0.48536528895413544 0.8541666666666666 0.6047453703703703 1.3079701680376958
0.9470541522889973 3 0.31690225213094936 0.7819225251076041 0.5303682448589192 1.0650987687634794
0.9526040436732459 3 0.24268264447706772 0.7189873417721518 0.4559774964838256 1.2235454155609677
1.023925799644203 3 0.4368328650035166 0.9075500770416025 0.6214689265536724 1.1255204654541557
0.8869384714701161 3 0.12893092745705964 0.890625 0.7604166666666666 0.9473239931237539
-9.999994999180668e-07 1 0.0 0.8756660746003553 0.5855535820011841 0.9794069896541211
0.9368853075459159 3 0.31824839963189716 0.8439306358381503 0.6657032755298651 1.2957581741650626
0.846362829637054 3 0.3926038798221818 0.6335227272727273 0.44554924242424243 1.491395412785159
0.6615612381601154 2 0.08089010988089465 0.74 0.5408888888888889 0.9787756402348279
0.68531220727849 2 0.08089010988089465 0.5472972972972973 0.32376126126126126 1.256344177130269
0.25731664055136994 2 0.0652817230014148 0.8636363636363636 0.6439393939393939 0.6820706136120548
-9.999994999180668e-07 1 0.0 0.7657657657657657 0.5345345345345346 1.113660719522111
-9.999994999180668e-07 1 0.0 0.7117117117117117 0.6861861861861862 0.9614605171276193
1.0735388464213231 4 0.3559427551226218 0.8917431192660551 0.6281345565749236 1.2276961642034956
1.0397177708449181 3 0.6839965857294587 0.7436548223350253 0.4805414551607445 1.2696638013031396
0.23378965871499252 2 0.08089010988089465 0.8519163763066202 0.4372822299651568 1.1285606792869909
0.22371607607486488 2 0.05304139993864953 0.437403400309119 -0.2029881504379186 2.9663435192590866
0.6210843745575724 2 0.05971932039183304 0.8683853459972863 0.7314644042788638 1.0814592827647567
1.017659970812047 3 0.1384513191609588 0.6341463414634146 0.3552941176470588 1.2374243412834802
1.3221844302001755 4 0.26642002351838784 0.7124075595727198 0.3536017529443988 1.2854511468213419
0.9743117528756828 3 0.41606257577321265 0.9558823529411765 0.4950980392156863 1.1236606354960674
-9.999994999180668e-07 1 0.0 0.6638418079096046 0.506120527306968 1.0641926334834004
0.6224849206593689 2 0.044927212695645494 0.511400651465798 0.21860296778863555 1.7604733251472084
0.37676816126100815 2 0.08148665700881592 0.795880149812734 0.42134831460674155 1.4940447175081528
-9.999994999180668e-07 1 0.0 0.2696629213483146 -0.21722846441947566 2.5013252025186574
0.6791912659935828 2 0.21101767795015994 0.6825396825396826 0.48559670781893005 1.090919699384266
1.353586352154273 5 0.5633783748836673 1.0 0.8888888888888888 0.9796652553453091
0.9832709442526746 3 0.6633777159633923 0 0 0
0.39267246723187904 2 0.11418646484077903 0.8928571428571429 0.5434782608695652 0.8775301999167883
1.4180643652690237 5 0.5534349283597056 0.8978805394990366 0.5703275529865125 1.148735980265815
-9.999994999180668e-07 1 0.0 0.916083916083916 0.32867132867132864 1.5533620159566777
0.6931451805619453 2 0.17333594974477423 0.9187279151943463 0.8539458186101295 0.6895679973263948
0.562333144621475 2 0.1617802197617893 0.7559808612440191 0.6273258904837852 1.157423099378372
0.6615612381601154 2 0.34667189948954846 0.6222222222222222 0.4962962962962963 0.873735161663164
1.3421217227574136 4 0.46255699320993043 0.7418803418803419 0.5333333333333333 1.0161461412906128
1.0717270941171957 3 0.27505264524172723 0.9573712255772646 0.7519242155121374 1.0574226526223705
1.2406802919645792 4 0.3169196621999308 0.7793153678077204 0.6399611556202962 1.0646186648158042
0.21455715518593435 2 0.049921317589317206 0.7901430842607313 0.6274509803921569 1.4548346152201603
0.6917594988544233 2 0.09184250714589559 0.591516103692066 0.3529719821942917 1.4658940080824512
0.6434895530215068 2 0.07828075149763998 0.8518164435946463 0.6067558954748248 0.9582808713572735
0.6810856444618092 3 0.06790887991808658 0.6343891402714932 0.45694444444444443 1.0292905360514615
-9.999994999180668e-07 1 0.0 0.8668098818474759 0.6226279985678482 1.1092724809171965
0.9069817801834584 3 0.21101767795015994 0.8033932135728543 0.550232867598137 1.1429126742592315
0.6519478373883025 3 0.12662774045271688 0.8144078144078144 0.5917785917785918 1.0387617596305616
-9.999994999180668e-07 1 0.0 0.6998535871156661 0.38555392874572963 1.276775673739209
0.5455925739719631 2 0.08706265109048507 0.6258064516129033 0.36057347670250894 1.246030690266024
0.23378965871499252 2 0.11327242547993792 0.6502115655853314 0.34978843441466856 0.9457467000411328
0.9002530512753368 3 0.23542395041483508 0.692722371967655 0.42138364779874216 1.4609537814213092
0.6779057256561851 3 0.2578618549141193 0.8202846975088968 0.6043890865954923 0.9533163691966364
0.20619005064325946 2 0.04714791105657736 0.7859872611464969 0.6140127388535032 1.4510584919766372
0.5455925739719631 2 0.05304139993864953 0.6027190332326284 0.45720040281973817 1.6827521096688831
1.0911432275981405 4 0.12132582030422197 0.4943820224719101 0.34226447709593777 1.6774576668182244
0.6615612381601154 2 0.4853406592853679 0.8186274509803921 0.6710239651416122 1.0946434486951824
1.0685627297674354 4 0.1218209752751695 0.5861165684348395 0.3942370661427636 1.5223605497749848
-9.999994999180668e-07 1 0.0 0.9128014842300557 0.6499690785405071 1.6259179943633142
0.9430416700201563 4 0.23791982846153545 0.7203728362183754 0.2296137339055794 1.53043746302437
0.562333144621475 2 0.10183501544346311 0.6878850102669405 0.4407939767282683 1.2227466941668836
1.0208850675159633 3 0.4507110002602494 0.7860082304526749 0.4787379972565158 1.1804707894048665
-9.999994999180668e-07 1 0.0 0.959114139693356 0.7700170357751278 0.6948739102385408
0.8305206914932463 3 0.3235604395235786 0.8501628664495114 0.7166123778501629 0.8210667789020778
1.1475266152022847 4 0.440459624599754 0.81217277486911 0.6350349040139616 1.0652391394252927
0.7029159307848437 3 0.23902067258539836 0.5770925110132159 0.30053842388644153 1.4191236666291291
1.2281018514812791 4 0.35654731427620207 0.7922971114167813 0.6047684548372306 1.4518921441988741
1.0805246266088506 3 0.1337292764727669 0.8308823529411765 0.36912065439672803 1.6103723599157007
1.2630349221793526 4 0.32672834735511586 0.7962052002810963 0.5301007261653783 1.2181389989545433
0.9368853075459159 3 0.4550068680800324 0.9583333333333334 0.6805555555555556 1.0519187357391884
0.6869595765993484 2 0.15166895602667746 0.5623342175066313 0.4385499557913351 1.2935339171345597
1.022405820818407 4 0.4750645696878429 0.7517372078332281 0.6279216677195198 0.8524041836317714
1.0962917872040183 3 0.29121565484837164 0.8923076923076924 0.6046620046620047 1.2473077713327478
1.0717270941171957 3 0.6957600315624356 0.8217821782178217 0.6353135313531353 1.2644217042388837
0.9507449270676422 4 0.2507400286287254 0.9371584699453552 0.6898907103825137 0.9135556643818415
1.3704983899271759 4 0.43017467761088723 0.7795698924731183 0.4175627240143369 1.0932977335632452
1.162695833512044 4 0.6321884946201916 0.75 0.5769230769230769 1.0215895436407785
1.2051075803909468 4 0.49437419012791894 0.8828451882845189 0.799163179916318 0.8287876239348603
1.2317903683881257 4 0.24796744449992014 0.9487179487179487 0.7582417582417582 0.8814625575272662
0.8451102568551117 3 0.3129432392429263 0.45243619489559167 0.23781902552204176 1.4373112780437418
0.9810368994306276 3 0.12592622136523504 0.6960716747070985 0.5522628072593614 1.3397875905140049
0.562333144621475 2 0.08089010988089465 0.6296875 0.5432291666666667 1.0698685520197593
0.5115837519891797 3 0.0628229171127874 0.6148571428571429 0.20625 1.2753404664635863
1.251151983376565 4 0.22381789994028892 0.8597063621533442 0.5067971723762915 1.2782672646862216
1.2963561598146227 5 0.4969776756038867 0.7191650853889943 0.5060088551549652 1.2445422773158308
-9.999994999180668e-07 1 0.0 0.5924468922108576 0.5245213742460005 1.159049681925825
0.4825755651802941 2 0.08089010988089465 0.44274809160305345 0.2001696352841391 1.304660749775281
0.9214904308740949 3 0.44165229188327687 0.6661931818181818 0.48863636363636365 1.1793487735278625
0.6615612381601154 2 0.6471208790471573 0.5273109243697479 0.31932773109243695 1.2441991132343657
0.8313995205030316 3 0.21510744092340103 0.6253263707571801 0.43777197563098347 0.9473298962642034
1.0368233468392007 3 0.36405475380156105 0.6550522648083623 0.30255516840882696 1.3488637071715195
-9.999994999180668e-07 1 0.0 0.6492957746478873 0.15023474178403756 1.4332936626000101
1.0408358374387054 4 0.513574214150559 0.739612188365651 0.5064635272391506 1.204411067240546
1.4013876466272654 5 0.3385633700531323 0.7996057818659659 0.6330486202365309 1.3838421103883893
0.7029159307848437 3 0.3235604395235786 0.8454106280193237 0.5571658615136876 1.0475313606466388
0.562333144621475 2 0.1132724254799379 0.5996955859969558 0.12227295788939624 1.938931878710076
-9.999994999180668e-07 1 0.0 1.0 0.5465253239104829 1.175113155654941
0.562333144621475 2 0.05657749326789283 0.6872536136662286 0.519053876478318 1.5517502412751931
0.848682557733917 3 0.36405475380156105 0.6764705882352942 0.3553921568627451 1.5039513708864678
-9.999994999180668e-07 1 0.0 0.952 0.6786666666666666 0.9369282032302737
0.8305206914932463 3 0.4227414822614676 0.8027027027027027 0.5597597597597598 1.2350952617338473
1.276714704799067 5 0.48111243917331864 0.8524137931034482 0.3453488372093023 1.1608397707224782
0.23378965871499252 2 0.05657749326789283 0.8549141965678627 0.4794591783671347 1.6416445662267547
1.0720403435797958 3 0.14986757536573303 0.7908232118758435 0.42150247413405306 1.6032817425889208
0.562333144621475 2 0.4044505494044732 0.927710843373494 0.6164658634538153 1.1290926314626646
1.3061026090948198 4 0.4989111658737693 0.8540540540540541 0.548948948948949 1.2269075586432905
0.7902649680839791 3 0.2427031692010407 0.8534031413612565 0.682955206515416 0.9319082439123121
0.6210843745575724 2 0.40734006177385246 1.0 0.8966450216450217 0.6441259284037647
1.421750248730778 5 0.4816938830604434 0.7091875474563402 0.47582890407491774 1.2342164273805394
0.6492463548730875 2 0.15166895602667746 0.7980952380952381 0.41904761904761906 1.3571692436329617
-9.999994999180668e-07 1 0.0 0.8575305291723202 0.777174732398613 1.3163596305609597
-9.999994999180668e-07 1 0.0 0.8708791208791209 0.7847985347985348 0.9988094560263228
0.37676816126100815 2 0.1715012653348659 0.6563380281690141 0.08925979680696662 1.5257480125538627
1.3208843431586557 4 0.6355587812833221 0.6230366492146597 0.4973821989528796 1.2311156597033392
-9.999994999180668e-07 1 0.0 0.6657263751763046 0.44287729196050774 1.2529500297016405
-9.999994999180668e-07 1 0.0 0.8970588235294118 0.5509803921568628 0.6395154258395209
1.0361957848245087 3 0.24267032964268392 0.8305084745762712 0.5621468926553672 1.241352088058723
0.4634105588430012 3 0.19416253536083256 0.725 0.7083333333333334 0.8769229722578411
1.165079005150738 4 0.22976254038990385 0.7177914110429447 0.4481083844580777 1.209009227786386
-9.999994999180668e-07 1 0.0 0.8727272727272727 0.4027548209366391 1.4199242857550631
0.22371607607486488 2 0.15166895602667746 0.7931034482758621 0.5487256371814093 1.1551770020562881
-9.999994999180668e-07 1 0.0 0.8888888888888888 0.48148148148148145 1.3685541442342026
0.4437542842777149 3 0.24398205389514288 0.625 0.4791666666666667 1.7447281441077926
0.2868339830627061 2 0.07715112718349022 0.5 0.18546365914786966 1.6661594561940174
0.6210843745575724 2 0.10183501544346311 0.7680412371134021 0.3539518900343643 1.349942185916663
0.562333144621475 2 0.07715112718349022 0.6065573770491803 0.7377049180327869 1.1900952997778975
0.562333144621475 2 0.5091750772173156 0.7391304347826086 0.5314009661835749 1.2373497449668796
1.036624968863657 3 0.09046380106645832 0.7153558052434457 0.20443196004993758 1.4545191229296266
1.3579738549958245 4 0.48539206033323057 0.7125748502994012 0.44976713240186295 1.3306908975389788
-9.999994999180668e-07 1 0.0 0.5496894409937888 0.2096273291925466 1.7729283810019776
-9.999994999180668e-07 1 0.0 0.5885714285714285 0.20761904761904762 1.5930017440615003
0.37676816126100815 2 0.12123748557405607 0.585635359116022 0.24033149171270718 1.3333430592382567
-9.999994999180668e-07 1 0.0 0.5957446808510638 0.5673758865248227 1.6416460039702774
0.3488300958480944 2 0.10608279987729906 0.489010989010989 0.23076923076923078 1.8953031768782527
-9.999994999180668e-07 1 0.0 0.5865257595772787 0.17272126816380448 0.6507548264615988
-9.999994999180668e-07 1 0.0 0.9224704336399474 0.662724485326325 1.21218945411435
0.8852848344614438 4 0.7140840665422049 0.8482269503546099 0.6364066193853428 0.8609871412145089
-9.999994999180668e-07 1 0.0 0.9097744360902256 0.8145363408521303 1.103141200182737
-9.999994999180668e-07 1 0.0 0.5839017735334243 0.15552523874488403 1.482451325645047
0.5253193195185206 2 0.09855001494528688 0.8217957505140507 0.6397075622572538 1.1766532011895683
0.6210843745575724 2 0.0646648650969859 0.9061784897025171 0.4684512428298279 1.3675831060975567
0.9949206325772751 3 0.29124380304124886 0.6332288401253918 0.48484848484848486 1.2479271841106245
-9.999994999180668e-07 1 0.0 0.7883096366508688 0.5323854660347551 1.2155203285774399
1.2540954652631013 4 0.2052696188977532 0.6880466472303207 0.4645286686103013 0.8555160758236301
-9.999994999180668e-07 1 0.0 0.9148936170212766 0.585379159847245 1.4279370035544012
0.6837359058583963 3 0.3426397682838221 0.6820512820512821 0.3316239316239316 1.4957007303215808
-9.999994999180668e-07 1 0.0 0.5351270553064275 0.46736422521175885 1.4629521885848857
0.37676816126100815 2 0.0936238863686262 0.7626262626262627 0.7345679012345679 1.2613422387943838
0.7356189397674613 3 0.5512916508170507 0.7920656634746922 0.6461468308253534 1.2457100493853568
-9.999994999180668e-07 1 0.0 0.7368421052631579 0.5420129270544783 1.756158848788066
-9.999994999180668e-07 1 0.0 0.59375 0.4053030303030303 1.1662585552400728
0.6057954993747123 2 0.15166895602667746 0.7724014336917563 0.4253285543608124 1.2688788715576411
0.7529716827772218 3 0.16360687148392578 0.6953125 0.5390625 1.3946088547375188
0.848682557733917 3 0.32721374296785155 0.7957446808510639 0.6780141843971631 1.082180328460227
0.9419984634987612 4 0.30476026168032117 0.7454545454545455 0.6498834498834499 1.460792165603077
1.0710155424146817 3 0.5097259146597206 0.6868131868131868 0.42857142857142855 1.1346593009105752
-9.999994999180668e-07 1 0.0 0.5149863760217984 0.3651226158038147 1.936623064519286
0.5094555555561481 3 0.3761981221512022 0.7800851970181044 0.5427760028399006 1.1134521083776687
-9.999994999180668e-07 1 0.0 0.6012950971322849 0.4372494603761949 1.4348255880828846
1.179398957095006 4 0.5655503256055693 0.9058441558441559 0.6304302639783829 0.8934976449115138
1.5844713252571487 6 0.30720654710960116 0.5348101265822784 0.4102296450939457 1.390896893771341
1.170585150819301 4 0.36307757782879746 0.7996031746031746 0.7738095238095238 0.8496945429717118
-9.999994999180668e-07 1 0.0 0.43169398907103823 0.15938069216757741 2.2626654287214927
1.4609631680151476 5 0.34989735685180656 0.6600660066006601 0.26364572605561276 1.530085169932304
1.2281018514812794 4 0.2878524147065999 0.7835051546391752 0.30712166172106825 1.5501337765047294
0.930296833190909 3 0.3033379120533549 0.6868475991649269 0.43041057759220597 1.3555067060385029
1.0795265733301893 3 0.3640273875029305 0.8057285180572852 0.48484848484848486 1.1611418898291475
1.0488690134319782 3 0.7508475361727399 0.9369665134602758 0.7327642810242941 0.9261748636808648
1.1901926293004768 4 0.3243374199354287 0.8091324200913242 0.6270928462709284 1.1011493702759927
1.7007174757498391 7 0.4329851022822192 0.7833020637898687 0.5716072545340838 1.3346615331045497
1.5268731472912593 5 0.5801658502073105 0.8 0.4598173515981735 1.2188163976828341
0.6896689283590407 2 0.29549328386070756 0.7351247600767754 0.5166346769033909 1.2809376771984924
0.8088131633806525 3 0.26205447902350326 0.7889250814332247 0.637785016286645 1.0600460942591992
-9.999994999180668e-07 1 0.0 0.8866120218579235 0.7868852459016393 1.0108348293463336
0.759782767758782 3 0.10688324028773079 0.3824884792626728 0.024358130348913758 1.8915931151881131
1.4552464026281178 5 0.26557703778706615 0.7621359223300971 0.2859613721533583 1.2649312556761068
1.1573692982344563 4 0.21585273786067763 0.815565729234794 0.6749509483322433 0.9965452425189769
0.9832709442526746 3 0.4207073863207083 0.5938748335552596 0.3262316910785619 1.239426662655397
0.771259030527255 3 0.0745975892064729 0.42119419042495965 0.1267706652322037 1.4633537718408893
0.8491255284003807 3 0.11787970510359738 0.7110320284697509 0.37841043890865955 1.2740621180290324
1.3086013872626494 4 0.3442577930341242 0.8530465949820788 0.6406810035842294 1.1947864523566056
0.31449020128721317 2 0.16990863821990684 0.9665738161559888 0.9331476323119777 0.4489001697615972
-9.999994999180668e-07 1 0.0 0.5379061371841155 0.32731648616125153 1.8381282017708425
0.4437542842777149 3 0.2654271977135331 0.6929260450160771 0.5643086816720257 1.5347296620086772
-9.999994999180668e-07 1 0.0 0.4838963079340141 0.15998952605394082 1.8479189764600958
0.6914140776191252 2 0.4247715955497671 0.7614213197969543 0.32656514382402707 1.468554081612145
0.8082669580111548 3 0.21376648057546158 0.4495798319327731 0.3025210084033613 1.761512755261517
0.37676816126100815 2 0.2182178902359924 0.8405405405405405 0.6693693693693694 1.2722479360659422
0.5004004235413129 2 0.1697250257391052 0.8608247422680413 0.5670103092783505 1.2806774927272107
0.6931451805619453 2 0.22190254398571468 0.8928571428571429 0.3730886850152905 1.0132249660151742
0.42532629337715094 2 0.303337912053355 0.9454912516823688 0.8488111260655002 0.5516557781537723
-9.999994999180668e-07 1 0.0 0.948051948051948 0.3203463203463203 1.241785341940322
0.9832709442526746 3 0.19416253536083256 0.8433420365535248 0.6244560487380331 1.1242269224446881
0.5757265142931298 3 0.2340176062518839 0.8858988159311088 0.6609257265877287 1.034757459856631
-9.999994999180668e-07 1 0.0 0.5619174434087882 0.374167776298269 1.673600546402726
1.1174859594391537 4 0.44140952542865575 0.7182705718270572 0.49279404927940496 1.2420287013242224
0.6365121682970628 2 0.10326397006071657 0.865657059110894 0.6280736036476144 1.4011250504187114
0.13579195876860908 2 0.026520699969324765 0.7348314606741573 0.5151061173533084 1.4401266636825785
0.9075322941112949 3 0.06443793897599413 0.6551312649164678 0.6022275258552108 1.1493112781258386
0.4825755651802941 2 0.2265448509598758 0.6106032906764168 0.5953686776355881 0.9632799683681753
0.9810368994306274 3 0.2036862661045998 0.7419354838709677 0.749247311827957 1.0923612552414768
1.3849393737065605 4 0.543530010445217 1.0 0.8990610328638498 0.9899851756012465
1.3744817662345794 4 0.4873331946674832 0.8773885350318471 0.6130573248407644 1.3682453822391327
0.6597438523098531 3 0.11567661923037621 0.8356387306753458 0.6732887065428633 0.9361925658431272
0.9743117528756828 3 0.9015158278300893 0.7270114942528736 0.39272030651340994 1.1569418516075018
-9.999994999180668e-07 1 0.0 0.8324607329842932 0.7207678883071553 1.0799520473490674
0.6571557614994936 2 0.14527844436510962 0.4694167852062589 0.2980085348506401 1.1415425954686391
0.21455715518593435 2 0.07137362636549527 0.7277227722772277 0.7002200220022002 1.0907290260118683
-9.999994999180668e-07 1 0.0 0.5167037861915368 0.27245731254639943 1.7529144662944207
-9.999994999180668e-07 1 0.0 0.696969696969697 0.3939393939393939 1.7679777799920207
1.1546925523914977 4 0.5552748925051167 0.7298325722983258 0.47843734145104005 1.2019891976078894
-9.999994999180668e-07 1 0.0 0.7780821917808219 0.5506849315068493 1.4564790769862583
0.9160641370329957 4 0.2354688766632147 0.753577106518283 0.4239533651298357 1.6369928326915382
0.6057954993747123 2 0.15278748189152985 0.7295492487479132 0.4307178631051753 0.9375046089740857
-9.999994999180668e-07 1 0.0 0.8465608465608465 0.6781305114638448 0.9613010822917074
1.0905638491413256 3 0.16684816646372902 0.8939628482972136 0.5407636738906089 1.4486629524994463
0.36220855714026556 2 0.3033379120533549 0.8558558558558559 0.7167167167167167 0.9028566487115631
-9.999994999180668e-07 1 0.0 0.8808030112923463 0.49393559180259305 1.2137848445958905
1.3397140435033825 4 0.4104503618859441 0.7007874015748031 0.4271604938271605 1.1775059401826327
0.5941280227273119 2 0.0144717688400651 0.872 0.5635939323220537 1.1752836046186046
1.1648362384945945 4 0.4787665940827792 0.7232746955345061 0.4860171402796572 1.2575855424242237
1.1090654669800513 4 0.127352312902169 0.622568093385214 0.504798962386511 1.6104757327638013
0.5488723844877506 2 0.12133516482134196 0.777363184079602 0.4697346600331675 1.244731408294723
0.9743117528756828 3 0.19416253536083256 0.5923344947735192 0.3983739837398374 1.1264945360189782
0.6931451805619453 2 0.08089010988089465 0.7989130434782609 0.5042270531400966 1.0548295588234597
1.0283911667196848 3 0.20166322586568847 0.5149812734082397 0.27965043695380776 1.493698348287887
0.6911907820052087 2 0.14782502241793036 0.7465397923875432 0.3990772779700115 1.556558693209555
0.7777869315641238 3 0.1898006831677068 0.43031123139377536 0.3261163734776725 1.4305794421137221
0.16794214774719357 2 0.03536093329243302 1.0 0.9287622439893143 0.7766796443501781
-9.999994999180668e-07 1 0.0 0.6024498886414253 0.2342242019302153 1.7951430001004633
0.6615612381601154 2 0.08089010988089465 0.7135036496350365 0.39233576642335766 1.116898761405998
0.9097047103338318 3 0.43143581240367596 0.9120370370370371 0.7325102880658436 0.9575367282525279
0.36220855714026556 2 0.15166895602667746 0.8568627450980392 0.5862745098039216 1.1970741498516944
0.465997256964483 2 0.05304139993864953 0.7595712098009189 0.5773353751914242 1.628229037428358
0.23378965871499252 2 0.08451488762163538 0.748641304347826 0.3283514492753623 1.7462611266538293
0.45055920886990464 2 0.24267032964268392 0.7898550724637681 0.5229468599033816 1.1662543720281147
1.559576156273877 5 0.6961523092103058 0.924963924963925 0.7142857142857143 1.108073455715623
0.394394691467998 3 0.21817027238919787 0.7351351351351352 0.42486486486486486 1.2885371386731452
1.2945057785432947 4 0.5466413936347677 0.8303886925795053 0.5390655673341186 0.8964923539080387
0.7277229541675039 3 0.17977099579671288 0.7049924357034796 0.4470499243570348 1.6147515753076829
1.140206234359424 4 0.4987590872384534 0.7581179589131876 0.47912524850894633 1.1151272384817756
1.0317631113665144 4 0.3578063610262343 1.0 0.47866419294990725 1.3910357396207813
-9.999994999180668e-07 1 0.0 0.3674863387978142 0.13479052823315119 2.7479756436223197
0.9002530512753368 3 0.17738171545148612 0.6993464052287581 0.35294117647058826 0.8955747513769342
1.5731006732837387 7 0.3488747164467894 0.6971569839307787 0.41738772146683145 1.3065654438066074
0.6580269975809436 4 0.19782550496091017 0.7650130548302873 0.5467798085291558 1.504292983523421
1.082414739266523 4 0.46752479522644963 0.7110453648915187 0.5447074293228139 1.1356118504831314
-9.999994999180668e-07 1 0.0 0.9117647058823529 0.8700980392156863 0.8372076595684002
0.7356189397674613 3 0.13907143251432794 0.7668016194331984 0.4172512340867758 1.3070717279498931
1.0433504269474334 3 0.8414147726414166 0.9464285714285714 0.7261904761904762 1.1763983213436031
0.3488300958480944 2 0.10608279987729906 0.6453488372093024 0.6385658914728682 1.2439316457017124
0.6037449613673687 3 0.20476540547039834 0.796373779637378 0.6394700139470014 1.057546053281267
0.9832709442526746 3 0.5177229748844111 1.0 0.8961605584642234 0.9181018004530472
0.9737488448875712 3 0.614296216411195 1.0 0.9479982593559617 0.6577000275540413
1.999030289610689 10 0.521252649973577 0.8992135158753277 0.7951257403631421 0.8325778210330251
1.0209577698656283 3 0.23252883415843206 0.605240174672489 0.15827154180516492 1.6342024881494526
1.5649522502563427 5 0.5279962213696469 0.6234817813765182 0.4008097165991903 1.0146369829746238
1.5118536197135948 5 0.46827672271464366 0.8788990825688073 0.7152899824253075 0.9825167452362882
0.13905879847125688 2 0.0144717688400651 0.8041237113402062 0.4774774774774775 1.3187259001492475
1.4122138958435908 5 0.32405364886178867 0.851258581235698 0.7082379862700229 1.1848487390383815
1.3823380589727665 5 0.5408345763481828 0.6002522068095839 0.4644808743169399 0.9440196858694007
1.8779183766702066 8 0.41840046909914846 0.6237024221453287 0.4593425605536332 1.2579438945648078
1.6422419976400682 6 0.4893601754988379 0.7135874877810362 0.4177256435320951 1.152119448489371
1.3423359586636558 5 0.26409618888519276 0.7608274078862314 0.4061624649859944 1.4977960543242395
0.5996993273913855 4 0.29611767424155394 0.8880866425992779 0.5428700361010831 1.5495931448829596
1.298001638627182 5 0.32641714626110474 0.818785578747628 0.743516761543327 0.9196084047280659
0.8869384714701161 3 0.20476540547039834 0.6566775244299674 0.4375678610206297 1.1636859782936246
0.6914140776191252 2 0.40922236038829357 0.7774436090225564 0.3660102739726027 1.1719405802376592
0.8119784689557457 3 0.5244937471212938 0.8867102396514162 0.6494795449043815 0.901250973234369
0.9832709442526746 3 0.501597496201603 0.843609022556391 0.4150375939849624 1.2014598000367152
1.5672105809130854 8 0.42462506986836857 0.8572474377745242 0.6341518872214643 0.8495118046733837
0.8044792550953944 3 0.06865131093300032 0.6628914057295137 0.28803020208749724 1.4657332691014962
-9.999994999180668e-07 1 0.0 0.6829268292682927 0.266260162601626 1.503533336897719
0.7277229541675039 3 0.10408424560809727 0.6457364341085271 0.48242894056847546 1.4900980774306638
1.04262890903708 3 0.23341781351147003 0.8057553956834532 0.5911270983213429 1.282717621666493
0.23378965871499252 2 0.0936238863686262 0.6702127659574468 0.7335992907801419 1.4299197590001458
-9.999994999180668e-07 1 0.0 1.0 1.0 0.950936929443246
1.2472746475963485 4 0.40495911122164147 0.8419213973799127 0.6326055312954876 1.3184508864711124
0.8687166829249237 3 0.3926038798221818 0.7816993464052288 0.5529411764705883 1.367450330175599
0.6554797739035534 2 0.24267032964268392 0.7373068432671082 0.5805739514348786 1.2421926563512962
1.162695833512044 4 0.5278393144170358 0.8454810495626822 0.5724003887269193 1.0624191905046427
-9.999994999180668e-07 1 0.0 0.7183833116036505 0.6975228161668839 1.2293557803566517
-9.999994999180668e-07 1 0.0 0.7265625 0.3880208333333333 1.2699369527884234
0.13905879847125688 2 0.025784040447917846 0.9492273730684326 0.5084621044885945 1.216215215573962
-9.999994999180668e-07 1 0.0 0.3333333333333333 0.4444444444444444 1.4324783161570298
0.36933112165034665 2 0.037917239006669365 0.847457627118644 0.6779661016949152 1.209256925270813
-9.999994999180668e-07 1 0.0 0.9325681492109039 0.6905786704925873 0.7438942295268687
1.0910020110154022 4 0.40637358183101546 0.651872399445215 0.3989828941285252 1.1226750645587527
0.4825755651802941 2 0.05328701692569689 0.9438202247191011 0.7715355805243446 0.8269212480779817
-9.999994999180668e-07 1 0.0 0.8118279569892473 0.6057347670250897 0.9341294751592726
0.6926859734444768 2 0.15846541429056635 0.7150127226463104 0.39609838846480067 1.4564841146773566
0.36220855714026556 2 0.10608279987729906 1.0 1.0 0.6383378493409595
0.9963511492070306 4 0.37394672278012725 0.795374912403644 0.5807054426535856 1.3871628096406217
0.562333144621475 2 0.05657749326789283 0.6852861035422343 0.2366030881017257 1.334468236426194
0.6975738829587543 3 0.18764011779403425 0.8918918918918919 0.8118118118118118 1.2125236655784881
0.8749998956950589 3 0.25069917731179775 0.6529080675422139 0.34803001876172607 1.5575810191058057
1.6522877496962733 7 0.9777709361719877 0.6 0.6666666666666666 1.1928203230275507
1.1231778236768861 4 0.30481787621200473 0.7256637168141593 0.3025237627007539 1.5374810184902787
1.1710558700041924 4 0.5699276339422639 0.7899543378995434 0.46778285134449515 1.2199273483040876
1.2589870288658447 4 0.47909691002064525 0.8110236220472441 0.5778652668416447 1.1206285866277734
1.0692579175540784 3 0.4704867719037743 0.8744769874476988 0.5086670651524208 0.9635870300357505
1.002714264531766 4 0.6399187589258067 0.6886543535620053 0.5021987686895338 1.265425139181064
1.25677295719932 4 0.2880761244498073 0.6771812080536913 0.44026845637583895 1.412051465714171
1.4154875887756693 6 0.2301156640957633 0.5379701916252662 0.1904423941329548 1.513360758895247
1.363020658285608 5 0.16294739084305712 0.6944278010784901 0.2800964291095374 1.444410441558806
1.2508041405446084 5 0.4442996911658374 0.8351488743645606 0.5054466230936819 1.2590056835093435
1.7194853742499503 11 0.4519210963200567 0.5422077922077922 0.16324324324324324 1.3992834941165986
1.5539461648940136 6 0.41750067745673725 0.8888888888888888 0.7777777777777778 1.3903488578682681
1.251151983376565 4 0.30988740116563024 0.6821052631578948 0.44701754385964915 1.4449101806040245
1.3055396784578834 5 0.3674668584864614 0.6460980036297641 0.4319419237749546 1.5879394758479226
1.0397177708449181 3 0.1424288353462732 0.8839285714285714 0.5760869565217391 1.0718978471719547
1.4360149551818995 6 0.1534948145120062 0.6382978723404256 0.35831020659882823 1.2101806970743347
0.23378965871499252 2 0.03392497193505513 0.8849557522123894 0.7918864097363083 0.5753382719416993
0.562333144621475 2 0.10183501544346311 0.7431059506531205 0.46540880503144655 1.6629266560923384
0.8760888930740542 3 0.33915165842509987 0.828125 0.765625 1.3067857665529024
0.22371607607486488 2 0.05304139993864953 0.6551724137931034 0.5747126436781609 1.5717837991768207
0.22371607607486488 2 0.05304139993864953 0.8203592814371258 0.5209580838323353 1.6105864482388559
0.9214904308740949 3 0.14944432109774355 0.6523736600306279 0.4849412965798877 1.317530757984633
1.5684349540582159 7 0.5763416956820127 0.793002915451895 0.3989310009718173 1.154113202616806
1.0053834327751212 4 0.2668078805141111 0.4392156862745098 0.08540305010893247 1.6130194643510052
0.6057954993747123 2 0.05304139993864953 0.5 0.41754385964912283 1.024519052838326
0.9160641370329957 4 0.5420987494081655 0.8767313019390581 0.9178208679593721 0.9844624464818496
0.7482072115014525 3 0.2427084659040014 0.655705996131528 0.5467440361057382 1.1417202403804632
0.8365621721021164 3 0.11127944049742972 0.657185628742515 0.4015618577887382 1.47948539192114
-9.999994999180668e-07 1 0.0 0.2676056338028169 0.27699530516431925 2.2518688155236717
0.22371607607486488 2 0.04995657836784083 0.96 0.6022222222222222 1.012342931715663
-9.999994999180668e-07 1 0.0 0.23366013071895425 0.2995642701525055 1.592811918371471
0.6210843745575724 2 0.0646648650969859 0.4708904109589041 0.14974501622624015 1.3079760200504809
0.7380565340967918 3 0.2174613539258181 0.7455429497568882 0.5051323608860075 1.4141484799777408
0.5011438424154131 3 0.2174613539258181 0.8747501665556295 0.6988674217188541 1.1410582733826102
0.68531220727849 2 0.20367003088692623 0.5826666666666667 0.3244444444444444 1.727937131564453
-9.999994999180668e-07 1 0.0 0.8141843971631205 0.6278959810874705 1.554126148230434
-9.999994999180668e-07 1 0.0 1.0 1.0 0.34967936855888543
0.9653323162944283 3 0.4095308109407968 0.8261986301369864 0.6361301369863014 1.0638345387919987
0.9649599230141778 3 0.30569857648041165 0.7130044843049327 0.3781094527363184 0.9807183966179222
0.6765239604955682 2 0.07273929674533079 0.6210268948655256 0.2180114099429503 1.809116283187096
0.5560565328721216 3 0.12199102694757144 0.4824961948249619 0.2298325722983257 1.6603403577915739
0.8802389707635876 3 0.2340176062518838 0.7412712623097583 0.43270665472993136 1.1354850222477646
0.9002530512753368 3 0.35594275512262186 0.8781645569620253 0.6318565400843882 0.9158881618322823
-9.999994999180668e-07 1 0.0 0.7755905511811023 0.30183727034120733 1.591031861134177
0.68531220727849 2 0.3235604395235786 0.5850234009360374 0.31149245969838796 1.201713311068816
-9.999994999180668e-07 1 0.0 0.912 0.36533333333333334 1.7888152916168345
0.7529716827772219 3 0.12943514088441446 0.8580645161290322 0.5091397849462366 1.5544642352048637
0.777459131921656 3 0.16984991874783076 0.8141470180305131 0.47803975959315764 1.137398584006486
0.19144208196874216 2 0.06111499275661194 0.6002252252252253 0.4091591591591592 1.4735218083785053
0.4029393578711229 2 0.08728715609439695 0.8438133874239351 0.6520171286905567 1.146801284711884
1.513478398619412 5 0.24338528906555523 0.5579536370903277 0.2922994937383427 1.3718032504285347
0.7038403284877608 3 0.16980308386955867 0.4845580404685836 0.06283280085197018 1.9752815637072134
0.8305206914932463 3 0.3883250707216651 0.5512605042016807 0.42408963585434173 1.0984524992406821
1.2554783251894204 4 0.46728526609217874 0.765399737876802 0.5356050677151595 0.9669005620519951
0.4825755651802941 2 0.07828075149763998 0.5959907478797224 0.31020303263942434 1.2776397759428093
0.7029159307848437 3 0.18272512532435775 0.7565485362095532 0.4453004622496148 1.1655593349158198
0.37676816126100815 2 0.0738733209651769 0.4748743718592965 0.32537688442211055 1.4272784514791266
1.010409753786236 3 0.5748492214432727 0.6799037304452467 0.46329723225030084 1.1303297425963856
1.023925799644203 3 0.3235604395235786 0.747588424437299 0.37513397642015006 1.2967292835111188
0.562333144621475 2 0.17333594974477423 0.9646017699115044 0.6017699115044248 1.2011891142115474
0.6829061047025133 2 0.12133516482134196 0.6605504587155964 0.15246832678025338 1.4318293197205834
0.7866982379284644 3 0.17131988414191107 0.7033112582781457 0.458719646799117 1.3837780957437849
0.551077928089714 2 0.1011126373511183 0.7897897897897898 0.6596596596596597 0.92388163230132
0.9502675392390678 3 0.3236042256013876 0.7640750670241286 0.6505808757819481 1.0636619402543583
0.47413731306119833 2 0.15166895602667746 0.872072072072072 0.7024024024024024 0.834928174594627
0.6704756487994897 2 0.037917239006669365 0.6735966735966736 0.43624393624393626 1.1034311823769551
0.5455925739719631 2 0.07583447801333873 0.93 0.8133333333333334 0.8434336077620701
-9.999994999180668e-07 1 0.0 0.9387755102040817 0.6235827664399093 0.8798917261157663
0.23378965871499252 2 0.10183501544346311 0.5234782608695652 0.24521739130434783 1.7125521865934212
-9.999994999180668e-07 1 0.0 0.7258566978193146 0.5420560747663551 1.139188448362335
0.8982023397133163 3 0.22403369464711448 0.7427745664739884 0.4113680154142582 1.4974346518054733
0.6365121682970628 2 0.15166895602667746 0.9011627906976745 0.5910852713178295 0.9817587478267641
1.090056658715367 3 0.29124380304124886 0.6629213483146067 0.5280898876404494 1.1076436432641277
0.6829061047025133 2 0.5091750772173156 0.7083333333333334 0.3055555555555556 1.3029290157285438
0.37676816126100815 2 0.08089010988089465 0.6715116279069767 0.27180232558139533 1.662973063318006
0.8092024732401926 3 0.4044505494044733 0.9253112033195021 0.6924850161364684 0.9738189261178796
0.6615612381601154 2 0.10183501544346311 0.7191011235955056 0.5574282147315855 1.152980416316013
0.4825755651802941 2 0.04927500747264344 0.6373626373626373 0.26606726606726605 1.2572382359142709
0.5253193195185206 2 0.04927500747264344 0.6133866133866134 0.2340992340992341 1.3240995778026485
0.23378965871499252 2 0.1617802197617893 0.7327272727272728 0.6151515151515151 1.0186967379914202
0.37676816126100815 2 0.05657749326789283 0.6320422535211268 0.54518779342723 1.5899612931842297
-9.999994999180668e-07 1 0.0 0.9461077844311377 0.6087824351297405 1.2513155523633486
0.562333144621475 2 0.12123748557405607 0.3898809523809524 0.3462301587301587 1.8366966597403365
0.6615612381601154 2 0.08089010988089465 0.6707132018209409 0.3161355589276682 1.334063343313147
-9.999994999180668e-07 1 0.0 0.9852941176470589 0.5424836601307189 1.0042634032073796
1.0735388464213231 4 0.31221044095346967 0.7007077856420627 0.427030670711156 1.1236848997915831
0.5929513174499546 2 0.1011126373511183 0.7172774869109948 0.3643979057591623 1.1090225541660876
0.3488300958480944 2 0.10608279987729906 0.4376731301939058 0.27793167128347185 1.9454354946779175
0.5783222866734842 3 0.20166322586568847 0.8894230769230769 0.5181623931623932 1.6053756944322661
0.562333144621475 2 0.20062261364705614 0.6333333333333333 0.25555555555555554 1.4354450473005966
0.6914140776191252 2 0.21238579777488356 0.5560747663551402 0.20768431983385255 1.7567870532201564
1.6697255322361135 6 0.6350245413117536 0.6632996632996633 0.37448559670781895 1.3659961171475172
0.6869595765993484 2 0.15166895602667746 0.4932249322493225 0.19241192411924118 1.633860450101899
0.6108623020572744 2 0.12327919110317483 0.804147465437788 0.216875 1.7011630417636958
1.038769944447068 5 0.3047348862905649 0.7789001122334456 0.5867938645716424 1.0636663388984149
1.3397140435033823 4 0.37293033938610376 0.8348909657320872 0.6079958463136034 0.7430317543290035
1.0533914983798527 4 0.21593852904247332 0.5166666666666667 0.1111111111111111 1.5051566846126359
1.5606942228730645 6 0.8144604872983555 0.751937984496124 0.5909631391200951 1.1958319969743543
1.2130035659909044 4 0.2578190043748616 0.6747967479674797 0.3368055555555556 1.4723074556933666
-9.999994999180668e-07 1 0.0 1.0 0.8863636363636364 0.6152609615126056
0.7503447339808834 4 0.1628673659731546 0.6623725174449813 0.3462157809983897 1.761317189025426
1.0947772260124813 3 0.3883250707216651 0.8466386554621849 0.4635854341736695 0.9177034853399167
1.0822789419319374 3 0.4853764842581207 0.7774219375500401 0.48251934881238323 1.1544426629259603
0.8815292611983065 3 0.23315370927883747 0.7076502732240437 0.2673542245140817 1.2354549134597408
1.0047624731248226 3 0.583937795537092 0.8222940226171244 0.5589660743134087 1.1236863705384827
0.9214904308740949 3 0.24267032964268392 0.8923556942277691 0.44617784711388453 1.3045455102191152
1.2023942217356973 4 0.2486453539048492 0.6921086675291074 0.30185424752048295 1.4601327769159211
0.5908402462780749 2 0.14274725273099054 0.8050065876152833 0.5590689503732982 1.0608226663264313
-9.999994999180668e-07 1 0.0 0.8262195121951219 0.8140243902439024 0.9724505705852652
0.8832823412615883 3 0.38679278237117887 0.6663619744058501 0.46008531383302864 1.161139470502732
1.270665606572679 4 0.3020986514379289 0.7137989778534923 0.3850085178875639 1.534636233614567
0.5297041990605473 2 0.3033379120533549 0.6968838526912181 0.12370160528800755 1.4369578864529564
0.827735157010238 3 0.4282417581929717 0.7002724795640327 0.4282470481380563 1.2297614927142697
1.0261024958079652 3 0.1323656343505549 0.7588264545002487 0.5385380407757334 1.0295684725550762
1.255456560623995 4 0.237049232728891 0.7482732156561781 0.6839345101048862 1.0367673495462901
-9.999994999180668e-07 1 0.0 0.6785079928952042 0.5571343990526939 1.8644069906654541
1.2410696368842635 5 0.2899459260533497 0.8291984732824428 0.7480916030534351 0.7336419092783592
-9.999994999180668e-07 1 0.0 0.8699861687413555 0.6454587367450438 0.8616115880938289
0.8675602284882112 3 0.239722000757024 0.743030303030303 0.6496969696969697 0.828412074827871
0.553856229495151 2 0.10619289888744178 0.9009976976208749 0.8848810437452034 0.6753557131832253
1.4740518252910715 5 0.5344065849460166 0.8160762942779292 0.48274296094459584 1.179537013761814
1.0126591104072835 4 0.1984236124394579 0.5564516129032258 0.45268817204301076 1.8069693768332469
0.34253950797715566 2 0.13481684980149108 0.941824862216779 0.7536231884057971 0.7944977785742211
0.5004004235413129 2 0.035686813182747634 0.7138755980861244 0.6185007974481659 0.8138886125615746
0.13579195876860908 2 0.047735163489123336 0.6186594202898551 0.2980072463768116 1.324583255871782
-9.999994999180668e-07 1 0.0 0.5392022008253095 0.32966529115084825 1.6872578958756326
0.23378965871499252 2 0.05657749326789283 0.7149837133550488 0.2931596091205212 1.1844380093614413
0.6615612381601154 2 0.08089010988089465 0.6992753623188406 0.46195652173913043 1.209479294928745
0.6210843745575724 2 0.10183501544346311 0.8060413354531002 0.2893481717011129 1.148498589962689
0.6615612381601154 2 0.08089010988089465 0.8058076225045372 0.45251058681185724 1.1419453167542424
-9.999994999180668e-07 1 0.0 0.931640625 0.8046875 1.2167642144900273
0.7305850613801225 3 0.08271816795672546 0.8070489844683393 0.5826363998407009 1.012921431538863
0.8239562165098323 3 0.30600990039297377 0.7235294117647059 0.5617647058823529 1.240365703541935
-9.999994999180668e-07 1 0.0 0.9295558958652373 0.46911689637570186 1.1473651966607838
0.6816224336268306 2 0.37917239006669373 0.7695614789337919 0.643737460590427 0.9590740304223238
-9.999994999180668e-07 1 0.0 0.7128309572301426 0.6496945010183299 0.8213992950951211
1.2336801378446445 4 0.4797599831214301 0.9032258064516129 0.7757296466973886 0.9677300581194881
0.6911907820052087 2 0.027376206419948142 0.537117903930131 0.3778748180494905 1.5417025935784676
0.15840857014580983 2 0.09333474217026305 0.7745187901008249 0.41796516956920254 1.1387684420615696
-9.999994999180668e-07 1 0.0 0.7341772151898734 0.41824894514767935 1.6050794670830513
0.6870890273903714 3 0.2699388340453516 0.687170474516696 0.38195664909197424 1.4078443509300098
0.45055920886990464 2 0.24267032964268392 0.9601449275362319 0.7137681159420289 0.8411960260293284
0.8647370965378594 3 0.5501052904834545 0.9070100143061517 0.692894611349547 0.8849359434247114
0.6236528495704226 2 0.13481684980149108 0.9432624113475178 0.8100866824271079 0.9330388332873315
1.326862416041685 5 0.2594791855148119 0.7281348788198103 0.5063291139240507 1.0086245138393406
0.5859506183060716 2 0.11640951001259417 0.7108190091001011 0.40546006066734075 1.1658665283625025
0.5339586128086856 3 0.19277576179148123 0.9079885877318117 0.6214931050879696 1.2326313620658729
0.16794214774719357 2 0.03536093329243302 1.0 0.7256455399061033 1.2508410440681452
0.651754561174831 2 0.035924925053881056 0.7958333333333333 0.44286042768452516 1.308231079398878
1.0433504269474334 3 0.17223036538191383 0.8782722513089005 0.856020942408377 0.5480547651449815
0.8365621721021164 3 0.14318530909925525 0.6911392405063291 0.6227848101265823 1.3201419113614041
1.429738037039417 5 0.3254261990040618 0.6626712328767124 0.4317922374429224 1.4138368474925176
1.465016263591935 5 0.3390892277362667 0.6351020408163265 0.5654421768707483 1.4254137797482684
1.5990864388625083 6 0.3804398819825467 0.7864963503649635 0.6745742092457421 0.8619586813462132
0.8167723243639824 3 0.17397510738183275 0.6532905296950241 0.5666131621187801 1.2753089574999603
-9.999994999180668e-07 1 0.0 0.7532808398950132 0.2755905511811024 1.5511751629267654
1.0210898158967172 5 0.4104445208847928 0.8148148148148148 0.5442680776014109 1.1820220265748225
1.7650306024880975 8 0.4351368660729475 0.657298277425204 0.4649440918706558 1.3331703482731878
0.8239562165098322 3 0.1829688092817157 0.6238532110091743 0.40978593272171254 1.5398579823571448
1.037587108111206 4 0.3280908229681726 0.6571056062581486 0.29791395045632335 1.5683793824707681
0.6640621265662302 2 0.019795366866424254 0.6524390243902439 0.2542561065877128 1.4594979719753296
0.9743117528756828 3 0.19416253536083256 0.7647058823529411 0.665359477124183 1.1262094270564806
1.0433504269474334 3 0.5824876060824977 0.83008356545961 0.6476323119777159 1.1107492758130721
0.5783222866734842 3 0.24398205389514288 0.9272237196765498 0.784366576819407 0.9928752585545041
1.05509861817353 3 0.7128687229941517 0.84375 0.7395833333333334 0.9713725040498985
0.6976240079550093 3 0.1290799625758957 0.8678966789667897 0.5552275522755228 1.3058656099799024
0.23378965871499252 2 0.22739839725061642 0.5 0.2694063926940639 2.027863789022235
1.068001180216645 5 0.37313138262253887 0.8021653543307087 0.5383858267716536 1.1725406424868812
-9.999994999180668e-07 1 0.0 0.8701657458563536 0.7891344383057091 0.7549404556120909
1.4020351758477418 6 0.7341270869511946 0.8436268068331143 0.6368812965396409 1.108591711984796
1.4270560433975994 5 0.33213171635557914 1.0 0.9614906832298137 0.6684594986295337
0.37676816126100815 2 0.20367003088692623 0.9282814614343707 0.774018944519621 0.9887197010494985
0.37676816126100815 2 0.1132724254799379 0.7912087912087912 0.4198717948717949 1.385272432236702
0.9470541522889973 3 0.19416253536083256 0.6580732700135685 0.41429217548620534 1.239828999891034
0.6036352515027463 2 0.06641414050660638 0.5634517766497462 0.1785109983079526 1.883993138409303
0.23378965871499252 2 0.08089010988089465 0.9203187250996016 0.6764054891544932 0.8996611436271214
1.0100967593594254 3 0.4044505494044732 0.8578680203045685 0.6491821771009588 0.9855858249062027
0.9214904308740949 3 0.6633777159633923 0.790224032586558 0.47657841140529533 1.1842272802071623
0.6615612381601154 2 0.1617802197617893 0.8450980392156863 0.5718954248366013 1.1021297928298388
0.6914140776191252 2 0.3033379120533549 0.704323570432357 0.5295211529521153 1.0518127977200147
0.6829061047025133 2 0.2022252747022366 0.9272727272727272 0.7252525252525253 1.1604183405349304
1.7358402975898297 7 0.222888350661707 0.7105263157894737 0.6171875 1.1388031329694297
0.9290802590425071 4 0.22936391180467555 0.6598860862489829 0.3930024410089504 1.5275881740170807
0.68112645633424 4 0.18926834575897164 0.7222551928783383 0.39545004945598417 1.5710363690431528
1.1988453129256211 4 0.5895229021456841 0.6666666666666666 0.16666666666666666 1.6636751345948129
1.5740913368746392 6 0.4848129679380778 0.0 -0.3333333333333333 2.5043799069381367
0.6108623020572744 2 0.15477804638308457 0.620253164556962 0.16455696202531644 1.4593285680491188
2.3065592909677615 12 0.9690450482990484 0.9 0.7666666666666667 0.9316987298107783
1.700683387173369 7 0.8083488303049781 0.9 0.5333333333333333 0.8415063509461099
2.071189713278322 9 0.6235839730331825 0.9605568445475638 0.8001543209876543 1.010052206295533
1.7194708138902168 7 0.43266698112676133 1.0 0.4 2.684807621135332
1.4882680164595026 5 0.41820922266540306 0.7391304347826086 0.5072463768115942 1.110973984855336
2.0605591612293774 10 0.9394487823032093 0.9130434782608695 0.6857142857142857 1.2076707017693347
