1.2306941036856511 5 0.9774464276907316 0.6768802228412256 0.3649025069637883 1.3954362353404488
1.2947699214698285 5 0.7690727437021785 0.6262230919765166 0.40117416829745595 1.4306851197212673
1.4303448314286107 5 0.7593313403318147 0.9505494505494505 0.6936813186813187 1.1936000286570645
1.8091511844756083 7 1.122506146980162 0.7161172161172161 0.49755799755799757 0.9754411881196425
1.494170138304642 5 1.0254450895798783 0.7522658610271903 0.5871097683786506 1.186194029050204
0.6615612381601154 2 0.7281798780853151 0.8548387096774194 0.7580645161290323 0.749420993792544
1.2996459635728972 5 0.7677652600734542 0.7980769230769231 0.6362179487179487 0.9124459586285947
1.6238559959575325 6 0.6284452901376532 0.7700205338809035 0.3218201754385965 1.0690641103332925
2.264089776589224 15 0.6218542303713194 0.9243542435424354 0.6646205357142857 1.1253336421349556
1.983696065708436 10 0.9031515150278775 0.8549828178694158 0.5859409431467607 1.294392610537044
1.670735171009242 9 0.7486152075379021 0.9793103448275862 0.8299595141700404 1.2485531826802567
1.7133520206814072 6 0.7259002343532274 0.8981723237597912 0.7218822536400085 0.8934088394290338
1.599215256614893 6 0.6817938340367011 0.6707317073170732 0.5139372822299652 1.4695776218830392
1.570282677161656 6 0.6452800928482112 0.8061708860759493 0.4487905301080803 1.3195169484303146
1.6843669712365308 6 0.7640887945425805 0.7907949790794979 0.5625853436504324 1.2096055177650498
1.118535595669438 5 0.7017532363093198 0.8177083333333334 0.4681712962962963 1.367778028967843
1.4614671293220243 5 0.5236811250353611 0.7977044476327116 0.5428024868483979 0.9297153371340079
1.587867838330304 6 0.8881964033202163 0.7291139240506329 0.5043019705800722 1.1777814929544697
1.7001589424372456 6 0.7586556423710462 0.889060092449923 0.6271186440677966 1.235012309502415
1.736526405927273 8 0.4784863840947435 0.765625 0.6614583333333334 0.9767042855788457
1.4461418765938325 5 0.8737079936954283 0.7619893428063943 0.42391947898164595 1.3716472757266254
1.0608539471628964 3 0.7153298252793163 0.9653179190751445 0.733140655105973 0.9190781145943951
1.696678254590732 6 0.7350757732543671 0.8451704545454546 0.5591856060606061 1.338099528487206
1.2820422400626548 4 0.6500103914165364 0.8306666666666667 0.556 0.8492425233708784
1.6304265826551552 6 0.795970422546138 0.8040540540540541 0.3604887983706721 1.1554830991000207
1.432752053016571 5 0.7882011337201719 0.8181818181818182 0.43243243243243246 1.06904127284631
1.3208843431586554 4 0.5384557211597286 0.8648648648648649 0.5 1.1561146236340347
0.7902307553651863 4 0.3545475254404191 0.6666666666666666 0.5405405405405406 1.332878522240566
1.7001589424372456 6 0.7388658006669997 0.8256880733944955 0.6642201834862386 1.1340412792670578
1.3086013872626494 4 0.8437074774537223 0.8807106598984772 0.5972927241962775 1.2756290507825845
1.4614671293220243 5 1.0416366840060798 0.9616724738675958 0.6207897793263647 1.0779716948800109
0.6598680138109334 4 0.2614902556032168 0.8809891808346213 0.38601236476043277 1.0637881793094615
1.7497719892197656 7 0.8162937920176191 0.8819538670284939 0.6691272253582284 1.423220678644882
1.2763562855105708 6 0.5198326660402413 0.7967479674796748 0.6205962059620597 1.0484937442396556
1.7493737342658433 7 0.7737910054475198 0.8151191454396056 0.24732949876746096 1.1391509788457712
1.0397177708449181 3 0.37395856339183037 0.7941176470588235 0.4803921568627451 1.149269421050606
1.543784185073162 5 0.9945666862642807 0.7853107344632768 0.6624293785310734 1.0912242076404035
1.5499449688330036 7 0.7584228046531442 0.8436482084690554 0.6637508747375788 1.2176501562903201
1.6674559334546282 6 0.6262162547507206 0.8558052434456929 0.43344334433443343 1.4194120999355644
1.559576156273877 5 1.0786992135630562 0.8651685393258427 0.5767790262172284 1.0894579149447654
1.196705129471553 6 0.7189685848071059 0.7566137566137566 0.47266313932980597 0.8990302251833271
1.4740518252910715 5 0.6273098060727839 0.6666666666666666 0.6666666666666666 1.2926638440239515
1.1601812440033161 5 0.6396637223619648 0 0 0
1.9913384134497376 8 1.0025903755959225 0.8524844720496895 0.5017266896891959 1.0308394383455635
1.043788880870876 5 0.45157660709868575 0.6011560693641619 0.4110468850353243 1.4644294306286196
0.562333144621475 2 1.2160683952237454 0.7902097902097902 0.7062937062937062 0.9346542634107438
1.2130035659909042 4 0.5739354858726736 0.9575971731448764 0.7974087161366313 1.0373885346534357
1.494170138304642 5 0.7065638935397859 0.7799043062200957 0.6347687400318979 1.152328308048246
1.2554783251894204 4 0.7382257394703151 0.8055555555555556 0.7425925925925926 0.83747328071324
1.5419704327906343 6 0.936579895065475 0.8205128205128205 0.6427350427350428 0.9766392517259447
1.4614671293220243 5 0.6360790530323713 0.7673179396092362 0.6323268206039077 1.1169357395897523
1.7288716925705905 6 0.6794195958455259 0.8201019664967225 0.5943190094683175 1.1235908560486578
1.0870713771773175 4 0.6494829599242001 0.7917329093799682 0.6550079491255962 1.6545225547606544
2.00567016650189 10 0.7867491770195469 0.7659073055773763 0.4723749672689186 1.2228716094497065
1.5529954020092442 6 0.7089319781183822 0.8804971319311663 0.6733588272785214 1.0801743980554968
1.5857692180731717 7 0.6285228642530248 0.8262443438914027 0.6515016354445435 0.814381231373679
1.8809928803496332 8 0.7028696269443936 0.9548872180451128 0.7003222341568206 1.5038435853048997
2.2680048427476343 11 0.8552668423260742 0.8273453093812375 0.5635514018691589 1.1457541046676423
1.212460860114744 5 0.5505213407879048 0.8400488400488401 0.6471306471306472 1.046626853002237
2.0140265237646005 9 1.0605687171789144 0.767203513909224 0.4570610687022901 1.1325953421374688
1.6259227080687384 6 0.8116265098630752 0.7935483870967742 0.6544802867383512 1.2233025387492242
1.0373873246496352 5 0.3861412986381886 0.9012693935119888 0.7917241379310345 0.9192514507046387
1.559576156273877 5 0.9112586247390989 0.8382749326145552 0.5911949685534591 1.0644164077391336
1.6915531643337987 6 0.9285556646123114 0.8220640569395018 0.6233689205219455 1.164317308027186
1.716777685980979 7 1.0799212830581029 0.8649681528662421 0.5898089171974522 1.4189290999575512
0.9718457712424033 3 0.6031426912724129 0.9758308157099698 0.6611278952668681 1.5810991963243664
1.4350554683489294 6 0.590040188608938 0.8591184096802075 0.613367905502737 1.3304696553534032
1.368684637644648 5 0.8442325078237672 0.8545751633986928 0.6530501089324618 1.1714873713811693
2.03883354715526 9 0.6331318217998081 0.9927963326784545 0.8917266972276795 1.0789762797992164
1.8642289364658653 8 0.774240930971861 0.922077922077922 0.4404576183047322 1.1858162685334215
1.3097498619454941 6 0.8544081143369913 0.5552596537949401 0.3297825122059476 1.3615311208038385
1.3208833431716553 5 0.45574116263723413 0.9158110882956879 0.7227926078028748 0.7968376076007953
1.4508667080489537 5 0.7408855095562663 0.7393689986282579 0.42661179698216734 1.3227834145281607
1.353586352154273 5 1.0900937121103325 0.8194207836456558 0.4571881606765328 1.476608692664371
1.5110801761045443 6 1.302508166871756 0.7182410423452769 0.5195439739413681 1.5515511008644403
1.7855169069092691 7 0.7960204836169236 0.9064136125654451 0.7918848167539267 1.0500522265681878
1.7170689802371482 7 1.0641606887014357 0.7459618208516887 0.47919725893294174 1.1150164905953965
1.7868013400192388 7 0.9199137238055662 0.9078404401650619 0.5405607476635514 1.3718432810676955
1.7509664734644157 7 1.0634243624875073 0.9558823529411765 0.7291666666666666 1.2663848673312297
1.2286679424395897 4 0.8610309031064475 0.7596626844694307 0.3537128133052237 1.450835324575307
1.4270560433975996 5 0.8585644791256588 0.875 0.7361111111111112 1.0916888470685318
1.303087403780619 5 0.6515572256698193 0.843501326259947 0.25862068965517243 1.3940893562667689
1.6061645654356482 7 1.029439081308809 0.7833228048010107 0.7012002526847757 0.9669822162060682
1.470930399476453 6 0.7761263739338057 0.7587412587412588 0.5808857808857809 1.2840421330529341
1.1573692982344563 4 0.8406917883775612 0.7079207920792079 0.46314631463146316 1.2337749340860824
1.7170699802191485 6 0.6660453897721463 0.7527322404371585 0.47859744990892533 1.1237416975205439
1.2281018514812791 4 0.7352415143856155 0.7782258064516129 0.5452508960573477 1.0849480238928666
1.5606942228730645 6 0.757759659373464 0.8356643356643356 0.5140885566417481 1.1204944105427235
1.9600861351912242 9 0.7910005582637676 0.8828451882845189 0.7462068965517241 1.0345281677135925
1.8364143868125582 8 0.5655640322545822 0.9658119658119658 0.7435897435897436 1.0745981655025776
1.679641883781585 6 1.0897257409762542 0.9605568445475638 0.791569992266048 1.1907100895821803
1.6523811671956188 9 0.6179399320623133 0.9510682288077188 0.7652173913043478 1.335113174959946
1.4201114367096959 5 0.9308882144773553 0.925 0.6661458333333333 1.132219238729152
2.2112129661442976 10 0.9701988681220558 0.8342857142857143 0.6468571428571429 1.362414185259571
2.0003967235074893 10 0.728096382119002 0.8955954323001631 0.4312259718069201 1.1820221584158774
1.7298131304151543 7 0.8100667357800246 0.889943074003795 0.5743200506008855 1.2286279782530187
1.0726115669620415 4 1.1941737607147511 0.7765538945712038 0.4917387883556255 1.0527372832672903
1.4614671293220243 5 0.6621676335485323 0.7582697201017812 0.4817642069550466 1.3775386534683587
1.7497719892197656 7 1.0170313758605434 1.0 0.9332386363636364 0.7796760350845594
1.541970432790634 6 0.8584438089370263 0.8487394957983193 0.6568627450980392 1.2933964984459316
1.5419704327906343 6 0.6119611100717592 1.0 0.7919930374238469 0.5150751306135457
1.2930184700743164 4 0.8011074263010141 0.7804878048780488 0.4076655052264808 1.2245560918060274
1.6100054372250365 7 0.7686132890827118 0.8873239436619719 0.4323943661971831 1.0459602441605935
1.353586352154273 5 0.4784638070957057 0.8296398891966759 0.44598337950138506 1.2695939368854658
2.37705096398622 16 0.8048873381740372 0.797634691195795 0.48393378773125606 1.2880883473102194
1.9230567843837518 9 0.9493433772752041 0.9033816425120773 0.5123809523809524 0.8651891428912644
1.2440116958164495 5 0.8975124420687707 0.6925418569254186 0.33548387096774196 1.4342949521992774
0.6615612381601154 2 0.8666797487238712 1.0 0.525323910482921 1.081507568881917
1.5110811760905445 5 1.1915388276375452 0.8107752956636005 0.5961454226894437 1.3858118175544143
0.848682557733917 3 0.32721374296785155 0.7389705882352942 0.5490196078431373 1.4027981194636667
1.14905569698277 4 0.6305516550212065 0.712 0.4573333333333333 1.123789180695509
1.3589713240176464 6 0.9024713292692875 0.7198198198198198 0.5425185185185185 1.3567766999049267
1.249338231094037 5 1.196486387841081 0.7558620689655172 0.4124137931034483 1.3212322989727276
1.8407417286006142 7 0.9119456982357471 0.748829953198128 0.2256368782854832 1.4606828442271542
1.459353412381816 6 0.4678056877685333 0.8556005398110661 0.2517289073305671 1.4496361525665074
0.562333144621475 2 0.4044505494044732 0.8554216867469879 0.5682730923694779 1.2478445165295442
1.585764835234313 6 0.7654675144286868 0.8954954954954955 0.5219219219219219 1.34981564245164
1.5247013930572266 6 0.7285579876063027 0.8952879581151832 0.7254217568353694 0.9349674852212887
2.187312318910587 10 0.6773341606463777 1.0 0.7655883731833099 1.0310716083766036
1.8668925490057866 9 0.6522069749250556 0.8876233864844343 0.48158694001518604 1.214213493961958
1.2022748015760396 4 1.0577539376670801 0.7942857142857143 0.37714285714285717 1.4815743705878675
1.098644055869183 5 0.6435948099211445 0.8236092265943012 0.6190260817126488 1.399862431417417
0.7356189397674613 3 0.23542395041483508 0.7884615384615384 0.7298534798534798 1.1367303186028834
1.4941701383046417 5 1.141959038873145 0.8253521126760563 0.3051643192488263 1.2066959102607366
1.559576156273877 5 0.6581277428344452 0.8743455497382199 0.44765342960288806 1.0810372047626653
1.580812535886635 6 0.5702224481326071 0.6657263751763046 0.26413717621306093 2.1816356079159775
1.2540954652631013 4 0.39801697039401013 0.6176470588235294 0.3698529411764706 0.8705910099691436
1.5465936860631788 5 0.8362158690447201 0.9279661016949152 0.6942090395480226 0.7870447924162579
1.7868013400192388 7 0.7109458295663259 0.8279411764705882 0.5593869731800766 1.2677544013818949
2.0781548592549544 10 0.8370901183474703 0.7914110429447853 0.42850838481906445 1.138718136542967
1.2996459635728974 5 0.5574524208349534 0.5785123966942148 0.2785829307568438 1.4470821183709688
1.3664214949572278 4 0.9303564342402645 0.671664167916042 0.45177411294352826 1.3144354847785258
1.0533914983798527 4 0.4816567480976828 0.8888888888888888 0.5555555555555556 1.7516380975577766
1.789015162324512 7 0.652875763306967 0.9375 0.7129629629629629 1.1023336338882255
1.4241249173649735 5 0.8639244307477452 0.8045112781954887 0.40047961630695444 1.2579477736218423
1.5268731472912596 5 0.6853199147083551 0.7938144329896907 0.5721649484536082 1.1897948124356674
1.4451808789660823 5 0.6852627442264051 1.0 0.6721311475409836 2.173964669811599
1.3862903611278907 4 0.9583298876674439 0.7101449275362319 0.43478260869565216 1.3693963526794553
1.532524128604168 6 0.9546116314120285 0.8951310861423221 0.706200582605077 1.24549636512762
1.4359838285819266 6 0.5630760367389258 0.7844311377245509 0.4976713240186294 1.1861601641166373
1.494170138304642 5 0.8691546123577168 0.6987577639751553 0.489648033126294 1.1565806925787703
1.0397177708449181 3 1.1554574475870683 0.6857142857142857 0.2857142857142857 1.4343997204169079
1.3862893611368905 5 0.8381113323489492 0.7486187845303868 0.40239410681399634 1.2939828469653418
1.7328619514198633 6 1.0071906544410796 0.6808510638297872 0.3120567375886525 1.6939305682925219
1.4270560433975996 5 1.0230089681792776 0.9340659340659341 0.5060326472675657 1.3301417651882141
1.5481095269040173 6 0.7545257128690077 0.8401585204755614 0.6080206985769728 0.6495527499379086
1.8903547753831345 8 0.8986044610607952 0.8291721419185283 0.5920591669910471 1.6759227645461734
1.5376576514526648 5 0.9643559365194352 0.8326241134751773 0.557919621749409 1.0821110973926291
1.5832524594456765 6 0.844861666112632 0.8966165413533834 0.6864961332540155 1.6698611296102632
1.0408358374387054 4 0.7529361478419028 0.6780354706684857 0.30241018644838563 1.498356336427027
1.2091455159308038 5 0.5655405982485174 0.9198080877313228 0.7434315741375371 1.3765487287585103
0.7774591319216559 3 0.599553969439754 0.7482837528604119 0.6437833714721587 1.2132921355084239
1.720187459240908 6 0.6687466203309779 0.7586206896551724 0.6018808777429467 1.3916401632086295
1.3954936777351024 5 0.9846165835283064 0.6303317535545023 0.26224328593996843 1.5137389910727348
2.425467708513468 12 0.9148400240371011 0.8483965014577259 0.5311163895486936 1.2211777927276426
1.249338231094037 5 0.6422542990752507 0.9279869067103109 0.45280960174577195 1.4712688419836233
1.3485340196303022 5 0.6030947992430524 0.7230769230769231 0.5226495726495727 1.0597682062523586
1.331655286845175 5 0.7084303878541811 0.7354260089686099 0.5844544095665172 1.4044789868651608
1.4244377785225513 5 0.5788850171437598 0.8754208754208754 0.6722783389450057 1.2557891676145099
1.4614671293220243 5 0.8412569913723007 0.8057455540355677 0.5412762159750112 1.451091483931665
1.494170138304642 5 1.0154506377905421 0.9667590027700831 0.644506001846722 1.4817223763041072
1.3862893611368905 5 1.0079652021027157 0.7159090909090909 0.6410984848484849 0.989118542722197
1.4469129829692626 6 0.5366506400877822 0.7562724014336918 0.3966547192353644 1.452834837113565
1.5643641029213848 6 0.6752446152458788 0.96875 0.8307291666666666 1.109053613897205
0.6837359058583963 3 0.5719797036704606 0.723404255319149 0.5787234042553191 1.2187578987849002
1.9770623047669056 10 0.9527452003494745 0.8440559440559441 0.6617443470235348 1.338978900787878
1.4988328257152106 7 0.4910013096901668 0.8076923076923077 0.32481094706517827 1.2204404299762484
1.2130035659909044 4 0.6537278587064325 1.0 0.8910081743869209 0.9156151052008747
2.4211667165524324 16 0.9391671987472412 0.917465388711395 0.6614310645724258 1.0293095640259782
1.812358740686261 9 0.645732809101936 0.9454209065679926 0.4978713339640492 1.492292180773319
1.7064551958439784 7 0.796313085100905 0.787012987012987 0.5244588744588745 1.0680260748996737
2.1564276745110065 9 0.7344341645692416 0.9082278481012658 0.7531645569620253 0.9325218814437958
1.6746098660213458 7 0.7558591645702902 0.9543650793650794 0.8921957671957672 1.0588368645363242
1.1803005570082867 4 0.6249573078138891 0.6229508196721312 0.3442622950819672 1.5377769837112663
2.388949214089856 13 0.7329195713399628 0.9900990099009901 0.6869918699186992 0.9916490640373693
2.046729532747218 9 0.9873359593070682 0.7268041237113402 0.39862542955326463 1.59171278439344
1.4629487630176115 5 0.9648803912634076 0.8308977035490606 0.48434237995824636 1.186822817161978
1.708648947381969 7 0.7543193357233708 0.887920298879203 0.5015075376884423 1.1632677045472373
1.2245851224465165 5 1.0850613753505862 0.8831254103742613 0.6386517837601225 1.0925865723144625
1.421826575495644 5 0.6923393913013698 0.8228310502283105 0.5835616438356165 1.1247927467639385
2.1842417718866085 11 0.8833228985457806 0.8058161350844277 0.6253908692933083 1.100060063410769
1.5764861940737795 6 0.889606488216 0.852054794520548 0.678082191780822 1.1088011657164383
1.9686675366990691 9 0.7492526648753683 0.9424184261036468 0.7927063339731286 1.0432222808479552
1.915027355297598 10 0.920645304481211 0.8201954397394137 0.6846905537459284 1.60308083436209
1.190071307235074 5 0.6634575825916206 0.9139344262295082 0.5517970401691332 1.707503536157417
1.8731864098063324 8 0.9184712192961259 0.9216589861751152 0.7026552556506473 1.1219552134026662
2.221516602895907 11 0.9417281540605533 0.8543689320388349 0.556957928802589 1.1848867173797613
2.1351882583886828 10 1.0527998094525455 0.8201438848920863 0.6958796599084369 1.0032579001682065
1.6286128303726273 7 0.9549980661833267 0.8348868175765646 0.6705780095610604 1.060549248046782
2.4639285580057986 15 0.9579582080884125 0.722431414739107 0.4364668559024879 1.3521530753246314
1.3156180411713514 6 0.8323073914871244 0.8526690391459075 0.5186239620403321 1.3478821840988096
2.3010798739467577 12 1.0096794366412383 0.9175627240143369 0.6783154121863799 1.406987153275864
1.6165961152612651 6 0.8588595313611191 0.7966573816155988 0.627669452181987 1.2936623028213028
1.656930502035736 7 0.7551131005422708 0.8664259927797834 0.7196149217809867 0.8073694246012585
1.7565287399592833 8 0.687958134431753 0.729903536977492 0.29180743243243246 1.8152998617871525
2.52686852469063 16 0.903184438782186 0.8978790259230165 0.515625 1.1408294859776182
0.8717764825026356 5 0.506872075428097 0.8781725888324873 0.3745194947830862 1.226038815992546
2.0028740411461836 9 0.7152061931987895 0.6512605042016807 0.42937219730941706 1.2364091252284017
1.2130035659909044 4 0.7727240117621038 0.9027027027027027 0.69009009009009 1.2641279903715112
1.1682784501892294 4 0.1998263134713633 0.8479381443298969 0.41301546391752575 1.1301626605101576
1.0986092886726095 3 0.6184177599293659 1.0 0.5488095238095239 1.001571732494327
1.500874467767385 5 0.6138768206796001 0.8896366083445492 0.6689098250336474 1.1548163008414039
1.0735388464213231 4 0.6023314930733885 0.5974025974025974 0.22294372294372294 1.6067116850529575
1.3917347695399336 5 0.6661868198609419 0.9530026109660574 0.7545691906005222 0.9179914365353044
0.9767420918692554 4 0.5309162281263092 0.8116254036598493 0.6989594546106925 0.9698370112473523
1.6020499154853929 6 0.5809151960239123 0.6125166444740346 0.35858585858585856 1.9253509276281242
2.1870229068340103 10 1.090470743391728 0.8898186889818689 0.6785102739726028 1.0278577464158798
1.7461986498784863 10 0.5592959509685616 0.9360039081582804 0.8521413450578081 1.3139863714439808
1.4180167023448613 6 0.8686824579058632 0.7955056179775281 0.6004993757802747 1.2542085988213116
1.3960555598098945 6 0.6441309430794695 0.89618138424821 0.8182179793158313 0.8802082955389179
1.2440116958164495 5 0.6302204222164292 0.829981718464351 0.5545399146861669 1.4616747522533942
1.6967405525642831 8 0.7020502504505997 0.7664516129032258 0.6852706672261855 1.0587174159711967
1.4445858340834636 6 0.7192810924943127 0.9436619718309859 0.6503340757238307 0.8737509892845315
1.5607789906861924 6 0.7600429596386872 0.7643312101910829 0.6809978768577495 0.9621758732182619
1.4036522492465457 6 0.7924353508002158 0.8738812042310822 0.6829400596691076 0.8849074731511293
1.667455933450628 6 0.873652788477259 0.8994252873563219 0.5720198675496688 1.174869765590575
1.4244377785225513 5 0.4936789796568286 0.7504363001745201 0.672934472934473 1.4494106118524603
1.9169562297060838 9 0.754172738465553 0.8549075391180654 0.7560455192034139 0.9544905016228435
1.955974846642862 9 1.094336512701839 0.5792079207920792 0.42271784232365145 1.1491397258699831
1.3446873824796046 6 0.8981011900991621 0.6191536748329621 0.4647364513734224 1.3971514277486963
1.440228749736266 6 0.7825920785030086 0.7272727272727273 0.5050505050505051 1.3470344086924324
0.755804275481623 5 0.41715253302376226 0.7747336377473364 0.5451547437848808 1.154357925689195
1.5855340905814546 7 0.7397834268021152 0.8931506849315068 0.6986301369863014 1.1894541410543715
1.773098891471248 7 1.0198665508062268 0.8473767885532592 0.5235824059353471 1.5372824642425993
1.6110596763504508 6 0.7630447457823057 0.8580968280467446 0.5566395663956639 0.908213645493151
1.0608539471628964 3 0.5639535348093077 0.783068783068783 0.6402116402116402 0.9730446802445928
1.1009826547452355 4 0.6628533608568975 0.7941176470588235 0.5949432404540763 1.1186392309287083
1.5135976783597371 5 1.2029460824419076 0.8378378378378378 0.6366366366366366 1.217456928461886
1.7210831492492664 6 1.0744729292748616 0.7616060225846926 0.5687996654119615 1.1411018468880578
1.6259227080687384 6 0.7774344431943637 0.6456692913385826 0.4435695538057743 1.0813008066598169
1.9839867824269348 9 0.5122165010131932 0.8093333333333333 0.4827061953629799 1.049632441925975
1.5259998634220002 5 0.7652787959391615 0.7746955345060893 0.559765448804691 1.1956810045984037
1.6657820076634642 8 0.8102496646257651 0.7797665369649806 0.43346303501945527 1.480358766128295
1.0621872548140254 5 0.4366503158240018 0.9564676616915423 0.33775252525252525 1.3732771929104193
1.4226250262260236 5 0.5879650931665016 0.9163763066202091 0.7113821138211383 0.913448464709605
1.2123098802805643 4 0.9144597923727412 0.7119565217391305 0.49516908212560384 1.0903932671660839
1.5135976783597371 5 0.6802571074987216 0.9382022471910112 0.5056625141562854 1.2561563121736203
1.6153318729207244 6 0.742380753501436 0.8114186851211073 0.6009227220299884 1.4222996757520652
1.5316340677656535 7 0.4821994638807456 0.7875507442489851 0.34447476125511595 1.6017126908356079
0.8741372099241433 4 0.32871491019482474 0.9358860195903829 0.8805970149253731 1.0370947125437258
1.3125802974886023 6 0.5735989277467618 0.8530066815144766 0.4298440979955457 1.1086432737969987
1.8734447375832322 7 1.14468409613652 0.8503649635036497 0.6453771289537713 1.1263655339099283
1.4978911026248845 5 0.819060584164046 0.8395061728395061 0.6671810699588477 0.8891214804857476
1.676690132615511 6 1.049866263071906 0.8058823529411765 0.6052287581699346 1.112423684787667
1.5284587101067117 7 0.6771592402211317 0.8514548238897397 0.33189992181391714 1.5633582101680947
1.1601812440033161 5 0.5255577959821481 0.6657608695652174 0.2536231884057971 1.334031190268511
1.329657348863758 4 0.7098260681339277 0.5797101449275363 0.3285024154589372 1.2646803768625121
1.5933972318556822 6 0.8867233199582599 0.7662337662337663 0.5787494123178185 1.1772243365214445
1.5832695052729562 6 0.7312564456012632 0.8854054054054054 0.6684684684684684 1.105424958779865
1.617337084349446 6 0.7044703874322082 0.7809187279151943 0.5370873786407767 1.1522421368626288
1.7679388217945453 8 0.9525283649999222 0.6944024205748865 0.5179021684316691 1.5026959174907821
1.6079180832537772 7 0.9979392812573021 0.756129887342611 0.4831013916500994 1.249468390148947
1.410507557145016 6 0.7794101199266422 0.9554730983302412 0.764378478664193 1.371587724087858
1.6092771604338474 7 1.1289644708209574 0.7718579234972678 0.6411378555798687 1.2759310193188287
1.6843669712365308 6 0.8896646588815667 0.8202614379084967 0.4531590413943355 0.9656901097794984
1.6398047272268221 10 0.5906385865911612 0.7849196538936959 0.48084054388133496 1.3550783100452908
1.73998787869063 8 0.6917292658641698 0.8753263707571801 0.43514150943396224 1.4356436530792345
1.7531528090978707 7 0.933987788549206 0.9766600920447074 0.8669734823580978 0.9956437528122463
1.596818197508388 5 0.7454095521571501 0.8529411764705882 0.625 1.4948088119929441
1.7692856124158796 7 0.731514152045535 0.9619433198380567 0.7260458839406208 0.7885517033288413
1.4880300442092587 6 0.8293036103099027 0.9107142857142857 0.7261904761904762 1.141695184326214
1.889152163781021 7 1.1750936554986329 0.5145348837209303 0.30569948186528495 1.5643908179572945
1.9353951845516728 8 0.6498304823566914 0.800557880055788 0.6241283124128313 1.374125172055529
1.7540993310186215 6 0.7934181016809264 1.0 0.8957242582897034 0.8721555746358599
2.2753189855398057 11 0.8192636791201359 1.0 0.9273281114012184 0.5848114747661025
2.4423582674464566 14 0.84506687807031 0.9965045150014564 0.8797383105637868 1.0289660784800254
1.5464873831883517 7 0.9196896386691457 0.834061135371179 0.5805802930192473 0.9374574730526409
1.8848643336063269 7 1.1443018740471755 0.8582995951417004 0.7604588394062078 0.8598573309884244
1.9667308383603699 9 0.9895311470833531 0.7467889908256881 0.5749235474006116 1.4971291987261364
1.3377290263595405 7 0.9017207316091255 0.8357388316151203 0.5687740765918876 1.1583226307400534
2.055576143837518 10 0.7563563418048906 0.9519450800915332 0.6659176029962547 1.4830478376985423
2.1390758947624633 10 0.6318066362782987 0.8940731399747793 0.4209346991037132 1.072310186690668
1.9888199255972971 10 0.9549970486081226 0.71280276816609 0.5190557451649602 1.208080209489626
2.077097223720571 9 0.7262961453292205 0.8005865102639296 0.4515209125475285 1.2661385132663248
2.214283758576708 12 0.8841434494805585 0.865546218487395 0.5009696186166774 1.5089532037687239
1.7946578194012675 8 0.9451574114714588 0.8876353790613718 0.5516726403823178 1.6564974556904941
1.5984414467014947 8 0.5944973548324122 0.9089184060721063 0.7729285262492094 1.0971591056420122
2.051517001290281 10 0.7092533646164296 0.9609120521172638 0.6650585802894555 0.9009964809368065
1.3647143751635504 5 0.9815090524288428 0.7819548872180451 0.4425343811394892 1.174805091365545
1.4974523757974347 5 0.8168020286184956 0.7218591140159768 0.5381263616557734 1.0968462513924042
1.4880300442092587 6 0.7087586837762044 0.8406015037593985 0.49039881831610044 1.210298885047357
2.145098984853976 9 0.9078574792726378 0.7115666178623719 0.5217179111761835 1.0445591877745863
1.5567445919185143 7 0.6804152828302947 0.8034643570952699 0.5178769709082833 1.220698182391649
1.6324346292766616 6 0.9107302035966406 0.6402439024390244 0.38589981447124305 1.4957501864512983
1.993348677460436 9 0.6740848103331741 0.8 0.4647577092511013 1.4971182615630292
1.7295021732865763 8 0.5233792354009996 0.9064748201438849 0.6613272311212814 1.3772308457111777
1.3862883611548904 6 0.8040050393650235 0.8909574468085106 0.848404255319149 1.4514269315515553
1.082192530043434 3 0.6962823147451626 0.8745644599303136 0.9024390243902439 1.122865783808774
1.7010044592792908 7 0.6712918334173981 0.8925764192139738 0.7100436681222707 1.0743398595581903
1.4520390732123836 5 0.6364503676057113 0.8901960784313725 0.739433551198257 1.495334273118473
1.162221544934567 4 0.4993897574413152 0.7902869757174393 0.6843267108167771 1.0897931249666648
1.7170689802371482 7 0.755715297532607 0.8979591836734694 0.7725947521865889 0.8437211062618786
2.0140255237786002 10 0.9967622633327261 0.9687092568448501 0.8226857887874837 1.4020005000788047
0.5783222866734842 3 0.4650959859345744 0.8125 0.65625 1.2344190449970116
1.551390764416632 7 0.5465843404464248 0.9735099337748344 0.8233995584988962 0.7714663691491354
1.211253278931358 5 0.49847066411508295 0.6666666666666666 0.6666666666666666 0.6761040545043238
1.141744152369508 6 0.412931195536948 0.8983050847457628 0.576271186440678 1.2853650787753306
1.4266352944366445 5 0.6984014809488499 0.8680057388809183 0.6853180296508847 1.068586379779984
1.7423205888805713 6 0.8330832144141737 0.7364771151178918 0.6255201109570042 0.9916696812089253
2.046729532747218 9 0.6112312389166792 0.8352059925093633 0.531742001015744 0.9806924966529599
1.2227753162068027 4 0.6818041530360538 0.7204301075268817 0.510752688172043 1.1869215297109859
1.7978518031003174 9 0.6979853714530294 0.6272264631043257 0.31891891891891894 1.3940135626400147
0.8687166829249238 3 0.5007249404549612 1.0 1.0 1.3826393618930888
1.600714665421509 6 0.5683602778583805 0.928521373510862 0.6704041111889746 1.237817612836772
1.3316552868451748 5 0.6656771932188474 0.6362397820163488 0.2972972972972973 1.3080515151725058
1.4267761364116522 6 0.6056147757339744 0.963963963963964 0.8138138138138138 1.2149218894253309
1.8700751345036966 10 0.775688947514204 0.8977485928705441 0.6356589147286822 1.1414459404643935
2.044138078339173 10 0.8918461649693398 0.6 0.11764705882352941 0.8184186294419217
1.9473236147110295 8 0.7334915487013384 0.8436578171091446 0.539167486070141 1.0081966518992673
1.4897453188677163 5 0.8102063398962045 0.8356164383561644 0.6078132927447996 1.2433506337393954
2.2160912481715127 11 1.1813339671358236 0.84251968503937 0.6592300962379702 0.8172540970781985
1.8837480237381163 7 0.7294033890615104 0.9318589360430365 0.6266188483761705 0.9124502424106632
2.04318387057887 8 1.2564538375096193 0.8469656992084432 0.7132805628847845 0.9406805233537555
1.205365331727066 6 0.49638276938269177 0.6691275167785234 0.24656927844178841 1.4148685761407107
2.394914029116892 15 0.7875909604419571 0.7955997161107168 0.5384436160298229 1.3506175221801984
2.6505947459178203 17 0.8286283656128342 0.7843019772318753 0.47893175074183975 1.0591523439382111
1.864382528921223 9 0.9124927878958882 0.8061002178649237 0.5461147421931736 1.2266459987052452
2.088547139642641 13 0.849842173903393 0.8896103896103896 0.5476190476190477 1.1437901155818262
1.9988280752592364 13 0.5409146828182642 0.8888888888888888 0.7 1.4708687877081443
1.4854232132080905 9 0.5052676659722493 0.7957894736842105 0.5393488372093024 1.298937958576063
1.882932625828697 10 0.6785443158233776 0.6297640653357531 0.33272837265577737 1.5732126037848921
2.1333719303292114 10 0.7524172953305025 0.9017857142857143 0.453125 1.0186273867379572
2.2103168100928574 13 0.7708130683168494 0.9435707678075855 0.717027027027027 0.8963049201950899
1.6241332346956308 7 0.6188498443940911 0.8836915297092288 0.5575221238938053 1.4564567044922425
1.2468236415853091 6 0.6775067909532645 0.7561683599419449 0.5563618771165941 1.5386829054769655
2.150050224548693 10 0.8692413152728996 0.96875 0.6431818181818182 1.056963568615774
1.4770394048725515 6 0.6901418913166044 0.646551724137931 0.37669376693766937 1.494715225243856
0.6492463548730875 2 0.3996526269427267 0.8562874251497006 0.5209580838323353 1.3624793051473096
1.7328589514648627 9 0.6833504980472207 0.7289433384379785 0.33637608397991786 1.5764170559946595
2.0685044974112436 9 1.080001293620289 0.8615160349854227 0.564625850340136 0.8970122340452612
2.2008176490954656 10 0.8947313606362947 0.9372549019607843 0.6787687450670876 1.1393990780404784
1.1499131378053324 4 1.0731498046823993 1.0 0.8333333333333334 1.3647698895921092
2.394688405941916 12 1.0959037255917474 0.8587257617728532 0.7353191489361702 1.5619052973540168
1.6856227660154084 7 0.8248315301311325 0.9032882011605415 0.7511283043197937 0.8505682747032104
1.7723722340084946 7 0.7396252042565581 0.8607784431137725 0.719560878243513 1.1807308616269687
1.5229500675463181 5 0.8309453912869071 0.6 0.37464788732394366 1.6460613981706886
1.4520390732123836 5 0.9915210557606641 0.96 0.5916666666666667 1.0421867712083053
1.442087077001196 6 0.7135212364985172 0.8300653594771242 0.22960470984020184 0.8889794694670329
1.7710093688185238 7 0.8820775945672853 1.0 0.632420091324201 1.2971716836241034
1.8314123986391675 8 0.6226125772496939 0.8128038897893031 0.3052503052503053 1.2498278698918879
1.9066587063465492 9 0.879390237323278 0.9373750832778148 0.7241838774150566 1.1857454164921704
1.368684637644648 5 0.8130552251173533 0.7826666666666666 0.6573333333333333 1.2264726106650927
1.4075267407406487 5 1.1685220753609178 0.849645390070922 0.6671394799054373 1.0895369940195387
0.465997256964483 2 0.45500686808003243 1.0 0.9176755447941889 0.7131470666743328
1.5036694685417014 6 0.8231248380541973 0.7568493150684932 0.533675799086758 1.166903128068687
1.3107796781094638 4 0.7936123406012008 0.7354260089686099 0.593423019431988 0.9066243452888321
0.9861204897177624 3 0.42847639512760777 0.8740831295843521 0.5097799511002445 1.1642735068547299
1.9491495687288125 12 0.7781981494880825 0.7975646879756468 0.5678085405912717 1.6298690895189947
1.6874673582635786 6 0.9835117136285702 0.864816472694718 0.5825126827812593 1.0933226853605955
1.5808135358726352 5 0.9553445489478979 0.814873417721519 0.5669831223628692 1.2074293558234515
1.7328619514198633 6 0.9621995258718538 0.7755905511811023 0.39501312335958005 1.3343242286772645
1.9061467465838495 8 0.672895588127479 0.8346333853354134 0.5261669024045261 0.970883160610151
0.5297041990605473 2 0.39965262694272663 0.912 0.424 1.4745315410553637
1.809003284299733 7 0.5356101104326151 0.8790322580645161 0.3673752310536044 1.8973996799565263
1.541970432790634 6 0.5733219749192636 0.8751733703190014 0.561411149825784 1.134758543236593
1.5174583246166526 6 0.49387211015298565 0.6554054054054054 0.22603244837758113 1.7429446163213742
1.8358528441891537 8 0.7144941706273014 0.8985801217038539 0.6459319359927879 1.3122634296499787
1.5362985657872814 6 0.9404407474562796 0.78017585931255 0.5598188116173728 1.487056653809573
1.7348188789879762 7 0.575557156944179 0.9148029818956337 0.4740691489361702 1.6301909638288794
1.3334690391277029 4 0.8825504229996849 0.9226890756302522 0.646498599439776 0.8872286800996511
1.5110801761045443 6 1.0664458498819411 0.7326343381389253 0.617300131061599 0.9626921604763301
1.0496674161938242 4 0.7780782224595091 0.748650732459522 0.4471858134155744 1.2912398514190377
1.5437841850731622 5 0.8614293506779951 0.7164869029275809 0.3872624550590652 1.301656155323157
1.040845023655197 5 0.4311116893157742 0.8768844221105527 0.6266501650165016 1.3082916379990144
1.3046565297101702 5 0.7186031235529418 0.7557160048134778 0.5058162855996791 1.2284254340858656
1.331655286845175 5 0.7444245894098355 0.7684887459807074 0.25163132137030997 1.454732624071479
1.3208843431586557 4 0.9972130652303145 0.8584070796460177 0.6932153392330384 1.0439997717959217
1.6859063928824196 6 0.8890401585610513 0.8230668414154653 0.5788553953691569 1.1017324541612914
1.426439433877866 5 0.8571112878727665 0.833112582781457 0.40353200883002205 1.4698743363374682
1.7868606708711714 8 0.7417995300161525 0.9039039039039038 0.6851132686084143 0.8728812536329087
1.4184786619635732 5 0.8177653164028243 0.9249329758713136 0.8400357462019661 0.898996023884631
1.5143027123230777 6 0.6507075725821203 0.9063063063063063 0.6882882882882883 0.7510662882392031
2.3357644725353888 13 0.951157794917961 0.8659043659043659 0.4676829268292683 1.0625307118702636
1.8905490114371821 8 0.7161970566297102 0.9425 0.6135517498138496 0.7846952421431581
0.9002530512753368 3 0.300270953744294 0.8979591836734694 0.39568345323741005 1.2254229993920165
1.0373873246496355 5 0.461941856219307 0.8260869565217391 0.5884057971014492 0.97759139334421
1.5933972318556822 6 1.0719739399525865 0.719626168224299 0.48701973001038423 1.211252794346219
1.536716469465219 6 0.7591405370150153 0.8641618497109826 0.5021987686895338 1.1698913865241514
1.3107796781094638 4 0.6485187233318332 0.8662790697674418 0.5562015503875969 0.9869111122439778
1.5465936860631788 5 0.7012068169065662 0.8651685393258427 0.29042904290429045 1.3025790343189616
0.7963086401815129 3 0.7227069704517888 0.7916666666666666 0.4444444444444444 1.2107904796699966
1.6286128303726273 7 0.8922626259668608 0.7252906976744186 0.33222433460076045 1.264267081428596
1.576966099055846 5 0.7037327673488405 0.9004149377593361 0.5998155832180728 1.1368428240213937
1.4898437964917866 5 0.9022048700443488 0.7621722846441947 0.5149812734082397 1.1464195159834667
1.785757235698198 7 0.7425789565428125 0.8761238761238761 0.6029508196721312 0.9785070645206339
1.9691011873731696 9 0.648648732558295 0.8831168831168831 0.4562798092209857 0.864848206206641
1.5808135358726352 5 1.0208985600902798 0.8309090909090909 0.6406060606060606 1.0635126850696621
1.3421207227714134 5 0.7954410001328955 0.9595070422535211 0.7177230046948356 1.3570082971256396
1.559576156273877 5 0.6975606300192796 0.8802395209580839 0.6786427145708582 1.5505132723364794
1.559576156273877 5 0.8522467013648711 0.8333333333333334 0.4236111111111111 1.875762355906089
0.9470541522889971 3 0.6635783336552203 0.8194233687405159 0.38543247344461307 1.3636001119648777
1.4075267407406487 5 0.7738606448942541 0.9730392156862745 0.4383289124668435 1.176980476203042
1.222352636476183 5 0.7831496413393827 0.8351870576339737 0.5069093360296596 1.0475857276684304
2.020570915569728 12 0.8491916070243425 0.5026178010471204 0.35204599256002705 1.3007109954732137
1.6769817743441668 6 1.070719117586293 0.7451523545706371 0.6481994459833795 1.4196669523462122
1.599215256614893 6 0.7139718170926901 0.8108974358974359 0.5197649572649573 1.1125593904500715
0.37676816126100815 2 0.16366341767699427 0.6333333333333333 0.08333333333333333 1.536172411263883
1.486890226905892 5 0.7912019947638252 0.7850467289719626 0.618380062305296 1.5320787819489365
2.1493816579074703 10 0.8677294314719772 0.8473625140291807 0.42365519545606417 1.2219585569857112
1.8310134811420156 7 1.2396986429494652 0.8672086720867209 0.6404697380307136 1.40435446887697
1.6957365341913013 6 1.0690123682948225 0.923963133640553 0.67357910906298 1.051411201493794
1.9581713159777654 9 0.8998514809213507 0.8462401795735129 0.5076692854470632 1.0648421822656375
1.778223981728181 7 1.1617189972662616 0.9065420560747663 0.7159916926272066 0.9699938544682603
1.762307710870667 7 0.5854515730130858 0.7666666666666667 0.2897196261682243 1.1064315369431816
1.4499994999630532 7 0.4971735978812412 0.7693798449612403 0.3645833333333333 1.1778322937832804
1.7497719892197658 7 0.6939884546243146 0.8089430894308943 0.462059620596206 1.5276999175081987
1.3208843431586557 4 0.5118968662537391 0.8295454545454546 0.27698863636363635 1.581956102005988
2.016951951549313 12 0.7803097638314029 0.7654320987654321 0.36897837434750186 1.6493535734718479
1.9061467465838495 8 0.6840044638718239 0.8109243697478992 0.41137493097736055 0.9591315416328385
1.5894213748674308 6 0.9447917394408286 0.7734187349879904 0.5102748865759275 1.2129654444768883
1.7497719892197658 7 0.9201155470864918 0.837431693989071 0.4514260249554367 1.1780548681719447
2.1180661590071925 10 0.7762237896249558 0.9159935379644588 0.5669509103480065 1.04887424765134
1.0433504269474334 3 0.8417808115666835 0.6755070202808112 0.4076963078523141 1.2102421620304118
1.1225254602012011 6 0.4511460288901839 0.777490297542044 0.23121869782971619 1.6325682162891355
1.765183524170116 7 0.6689659268123851 0.7812911725955204 0.5348542458808618 1.2804828187881694
1.0556638482635068 6 0.5807395021650933 0.9664634146341463 0.7073170731707317 1.4211971579771225
1.7306606439945709 7 0.9534587714710161 0.7330895795246801 0.3915295551492992 1.1378551088646847
0.8647370965378594 3 0.6751514519533566 0.7649063032367973 0.42220329358319136 1.4372698424526673
1.2730243365997505 4 1.03630879384869 0.7308781869688386 0.2813975448536355 1.596884708574022
1.3107796781094638 4 0.7996311734981509 0.6948228882833788 0.4373297002724796 1.2735197651264043
1.8899943491746674 9 0.6358898777206308 0.8657384385877673 0.626808100289296 1.014143047039194
1.5006678908984152 7 0.7792955110556022 0.8261703760552571 0.6637247377845996 1.0116526501621708
0.8222613373494543 4 0.49011988192921335 0.9200710479573713 0.7454114860864417 1.2005181145586334
2.2609248564821764 12 0.8115998972581042 0.7805343511450382 0.4343839541547278 1.2166472846233467
1.1432712062088137 4 0.7955847240236879 0.8699861687413555 0.6145689257722453 1.099323847735705
1.7980985026583158 7 0.8794366529703108 0.8424242424242424 0.713939393939394 0.7934389548275472
1.5341405190356727 6 0.479048311198635 0.9017651573292402 0.8549501151189562 0.646501092576604
1.7710093688185238 7 0.8821749038577157 0.9141689373297003 0.5906666666666667 1.042465139748018
1.2779864688810352 5 0.733254016813001 0.9032258064516129 0.7354838709677419 1.720002532613247
1.8171825271976516 9 0.632496974053961 0.8475199020208206 0.7005282405526209 0.9394001064547836
1.705627509051936 6 0.7872388219891213 0.8535885167464115 0.6019138755980862 1.2949206573961134
1.3524050902651248 5 0.7914398630427045 0.7164855072463768 0.49516908212560384 1.2585099334181458
1.1034289096530807 4 0.6547494098244672 0.8720770288858322 0.39110499770747365 1.5647953640664796
1.8407417286006145 7 0.8474145097698889 0.8664495114006515 0.498371335504886 1.0913073656232506
1.4013876466272654 5 0.6647816680174995 0.8532608695652174 0.5592723004694836 0.9986734039663334
1.276714704799067 5 0.4860208250792495 0.5866454689984102 0.26391096979332274 1.1883184483420564
1.1034289096530807 4 0.9342316164516526 0.6152450090744102 0.3992740471869328 1.447523865112582
1.1573692982344566 4 0.5842405781724093 0.861328125 0.7819010416666666 1.3529727650751024
1.5904844076325222 6 0.6187761787285523 0.7425328554360813 0.48579881656804735 1.2354361440627595
1.59741071251096 6 0.5874529340680071 0.7568627450980392 0.5552287581699347 1.225756590931827
1.0397177708449181 3 0.6853222085103519 0.7151607963246555 0.5706993363961205 1.2027218762376346
1.6991976687202714 8 0.8472495081090256 0.9699054170249355 0.5651884700665188 1.1347002573039289
1.7710093688185238 7 0.9359571200127046 0.9755600814663951 0.6903426791277258 1.147530737210777
1.840333795674842 7 0.827258475080257 0.8924731182795699 0.6633285646161182 1.0358320898640458
1.3569007247562181 6 0.5821895295288507 0.8663755458515284 0.6273653566229985 1.5420977463732375
0.8853955416283221 3 0.5094998199791607 0.7030247479376719 0.48457073021692637 1.3701125800536282
1.8407417286006142 7 0.9381143201478347 0.8607594936708861 0.4261252446183953 1.270831112137844
1.5247013930572264 6 0.8260236465936787 0.8172231985940246 0.5471587580550674 1.2031921072506164
0.8675602284882113 3 0.3295935305807691 0.8260869565217391 0.6654589371980676 0.9681654784436934
1.162695833512044 4 0.9075639863570808 0.9155937052932761 0.7019551740581783 1.003366644358072
1.704064340293446 6 0.7489725464000042 0.7529550827423168 0.6000788022064618 1.0227975759459857
2.1203161970477034 10 0.8264206502387135 0.9315068493150684 0.7428872497365648 0.8689409980577066
1.5042178821368541 5 0.7870885257893069 0.7906976744186046 0.5827435119649478 0.8244392597453638
1.996548013612805 10 0.7002362296565241 0.8744650499286734 0.48108959927960376 1.1126145948741735
1.6568284815019534 7 0.7746593070024702 0.8433098591549296 0.44798074351430867 1.1103761087380428
1.7347565210817744 8 0.5181941327415067 0.7041666666666667 0.45997807017543857 1.56311318697135
2.072532504006854 12 0.6987156503775175 0.9057591623036649 0.777991452991453 0.9325525515534087
2.268004842747634 11 0.7705685924260713 0.6835443037974683 0.4357610474631751 1.59349055624734
1.9814829227731594 9 0.9658809470055393 0.851027397260274 0.6700913242009132 1.12307374801279
1.7685091696948763 6 1.1490387447584305 0.8857142857142857 0.7395918367346939 1.2346344474759625
2.4412896379146196 13 0.7585465457200747 0.9397810218978102 0.6842530282637954 0.8608387935221826
1.6353740812148105 7 0.9565072104727944 0.7736757624398074 0.5925628678437668 1.1053611239772052
1.14905569698277 4 0.5564700166147499 0.6876640419947506 0.35345581802274717 1.4684842468210004
1.6968758772754167 6 0.8305955453715054 0.8402116402116402 0.6285714285714286 1.1778911884294723
2.527812276552622 17 0.903214827744005 0.8395285584768812 0.4979043392504931 1.2534118976502313
1.791752469259555 7 0.966070008481875 0.7669724770642202 0.5284403669724771 1.3706580071027723
1.9561794677022424 8 1.0548153886365934 0.8435462842242504 0.5514993481095176 1.3870842050528445
1.5965243913228533 6 0.9143225801122361 0.739159891598916 0.5110659439927733 1.3784610954345506
2.187312318910587 10 0.9229750598729277 0.8901960784313725 0.6365873666940115 1.1204711056846497
1.7001589424372459 6 0.7902324401901185 0.7980501392757661 0.552460538532962 1.0945250717481612
1.2033270407244034 5 0.5321269467410249 0.9514824797843666 0.8059299191374663 1.1563824156900224
1.676690132615511 6 1.0059482225352148 0.875 0.7395833333333334 0.941317678109782
1.5450137766802792 6 0.8800736472434194 0.8937269372693727 0.6830088920932468 1.0620392660340545
2.1006699213285938 9 1.1394167284306584 0.6643835616438356 0.31643835616438354 1.5017057713778479
1.7707634234288026 8 0.841512571091933 0.8612204724409449 0.6295931758530183 1.280645864582517
1.3862893611368907 5 0.9455979413104298 1.0 0.7646017699115044 1.08873656738748
1.7228943665829055 7 0.9967792744223314 0.9270696452036794 0.7030223390275953 1.114142404693888
1.9811985507936671 9 0.6480233314569467 1.0 0.8709677419354839 1.1411290575460353
1.7868013400192388 7 0.7500421180902221 0.8389715832205683 0.7187637969094923 1.212165848326951
1.1432712062088137 4 0.9311386257533659 0.8365384615384616 0.6021062271062271 1.2466171733247322
1.3208833431716553 5 0.7714700248056471 0.8154681139755766 0.7005879692446857 1.0492501672534036
1.9432352584403514 9 0.5723010386938955 0.8908629441624365 0.6224211755546906 1.4600806391743313
1.6843669712365308 6 0.8167377379345937 0.7941567065073041 0.6117751217352811 1.2099513703070963
1.6715892780445456 6 0.6825728088272994 0.8798646362098139 0.6446700507614214 1.0365908879565804
1.8903547753831345 8 0.8672050765506488 0.8411405295315683 0.41318907779495107 1.2707509872131533
1.4013876466272654 5 0.3169022521309493 0.9137254901960784 0.6529411764705882 0.9834903846618946
2.2008176490954656 10 0.7978192185115693 0.803347280334728 0.5226928895612708 1.0771709309956292
1.3517799942983961 4 1.111052978862279 0.8909090909090909 0.6525252525252525 1.2334641519486111
2.008218443651473 9 0.5927323892456481 0.6842105263157895 0.7543859649122807 1.1833502086723386
2.092998437555641 11 0.886860750451397 0.8486574450772986 0.4325767690253672 1.3071034447939573
1.9689230383464682 9 0.9663730265913372 0.7109792284866469 0.429080118694362 1.328722094900429
1.791752469259555 7 1.0411835606337698 0.6666666666666666 0.4444444444444444 0.9037749551350625
2.069193465870528 9 1.0872120368062033 0.0 0.3333333333333333 1.898717474235544
1.4978601368029953 6 0.9619627172738375 0.7848101265822784 0.2786885245901639 1.4625262834687192
2.7048529883824592 18 0.8788921203920474 0.9 0.45 0.7718911086754467
1.5561260870429767 6 1.1954240771687472 1.0 0.6666666666666666 0.7431409544686651
2.766837907750848 18 1.09960101339892 0.9582366589327146 0.6673850574712644 1.2132655517971973
1.7651835241701157 7 0.891707445106071 1.0 0.6666666666666666 2.455341801261479
2.2005064931555554 10 0.9610811575187457 0.7391304347826086 0.6028368794326241 1.1557006349776995
2.111749501460368 10 1.2479356856773358 1.0 0.717391304347826 1.3322741237136189
