0.36220855714026556 2 0.3033379120533549 0.83008356545961 0.47168059424326836 1.1740459063293756
1.1942686843595642 4 0.5801133305174377 0.8140900195694716 0.5228398458998349 1.0213015170593183
1.037587108111206 4 0.861380449911048 0.8695054945054945 0.6945970695970696 1.130911678069267
1.0795265733301893 3 0.8764189889042145 0.6721611721611722 0.4554334554334554 0.920030025100513
0.562333144621475 2 0.5200078492343227 0.8549848942598187 0.622356495468278 0.8138766283225706
-9.999994999180668e-07 1 0.0 0.8064516129032258 0.7419354838709677 0.7887407062684947
0.562333144621475 2 0.3201356952917496 0.8028846153846154 0.5471698113207547 1.1969820895805245
1.0126591104072835 4 0.34686072869925266 0.8193018480492813 0.6476443264764432 1.0673381600982972
1.437423937179742 7 0.6069880874775233 0.8800738007380073 0.6888068880688807 1.1877949075532215
1.4629337949489472 7 0.652985675877497 0.8996563573883162 0.6068728522336769 1.291970094698835
0.6019209717449048 3 0.3830641226660107 0.9793103448275862 0.9351724137931035 0.7927985975447421
1.027146247169128 3 0.6673926658549161 0.8903394255874674 0.7288946910356832 0.9283993807691472
1.4787465246662288 5 0.8738294248900276 0.8745644599303136 0.6254355400696864 0.8702735370987357
1.053259243314315 4 0.5580598958915941 0.8227848101265823 0.569620253164557 1.0710227277078093
0.7774591319216559 3 0.5999094512165626 0.8382147838214784 0.6271501627150162 0.9600167241568994
1.4303448314286107 5 0.5814838241541213 0.9739583333333334 0.5227492739593417 1.3367217848129198
1.1034289096530807 4 0.3885460082853339 0.8464849354375896 0.6043643263757116 0.881347355731923
0.9173693353328622 4 0.7105509337079079 0.719831223628692 0.5521800281293953 1.173692684702224
0.6615612381601154 2 0.6471208790471573 0.926040061633282 0.7318952234206472 0.909748535338569
0.999863387879574 4 0.18646516969305188 0.96875 0.8125 0.9069160230758514
0.3624980217649752 3 0.26677513196983205 0.8143872113676732 0.6157489638839551 0.9800301743096955
0.6837359058583963 3 0.31824839963189716 0.884393063583815 0.720616570327553 1.4760086202058886
1.2056937720254832 4 0.6688224127539928 0.7769886363636364 0.5293560606060606 1.4966896261863567
0.9840835030884703 3 0.8376859873714209 0.8786666666666667 0.6347280334728034 0.8071631383632693
-9.999994999180668e-07 1 0.0 0.8209459459459459 0.455518018018018 1.1617556339888737
0.25731664055136994 2 0.1866694843405261 0.9318181818181818 0.7045454545454546 0.8135247218958388
-9.999994999180668e-07 1 0.0 0.7657657657657657 0.5345345345345346 1.113660719522111
0.22371607607486488 2 0.15166895602667746 0.7612612612612613 0.7192192192192193 0.8885390477521354
0.8313995205030316 3 0.5501052904834544 0.8697247706422019 0.691743119266055 1.0316383992724405
0.6931451805619453 2 0.3309140858763872 0.7284263959390863 0.4500846023688663 1.25937811885833
0.562333144621475 2 0.5662307691662626 0.9529616724738676 0.632404181184669 0.8856406376235937
1.9253991651455655 9 0.9540708296625056 0.5533230293663061 0.06120434353405726 1.9887709702951861
1.4244377785225513 5 0.4664424617968706 0.8493894165535957 0.7164179104477612 1.282021731898468
1.25563057908956 5 0.8690849706321516 0.8292682926829268 0.5636856368563685 1.1156346405745825
1.6977967252219777 7 0.830723209995086 0.895645028759244 0.40695342099398263 1.0628045226941625
0.9002530512753368 3 0.5506222453127638 0.9411764705882353 0.4852941176470588 1.0129909970581215
0.4825755651802941 2 0.4853406592853679 0.865819209039548 0.7754237288135594 0.7669449489952075
1.1172008772618875 4 0.8924051308300626 0.8034744842562432 0.5265540132770067 1.4015678179952178
0.9507449270676422 4 0.559250644781186 0.8333333333333334 0.46691635455680397 1.4525172705351908
1.4941701383046417 5 1.1559948322495033 0.8370786516853933 0.6385767790262172 0.8118289522441883
0.7232515110158177 3 0.5660655263956967 0.8095238095238095 0.37037037037037035 0.8529555238553103
1.6347529244680106 6 0.5775123540505807 1.0 0.8888888888888888 0.9796652553453091
0.9832709442526746 3 0.42690429616083225 0 0 0
1.04375403633648 3 0.7724723568817776 0.782608695652174 0.5657349896480331 1.0180707758291034
1.2047893097072424 4 0.8989188321584066 0.7976878612716763 0.6095054592164418 1.0020315248595784
-9.999994999180668e-07 1 0.0 0.8741258741258742 0.42424242424242425 1.1525619466557246
0.6931451805619453 2 0.17333594974477423 0.9187279151943463 0.8539458186101295 0.6895679973263948
0.7029159307848437 3 0.4368328650035165 0.7814992025518341 0.7038809144072302 0.7374227342338318
1.082192530043434 3 1.1094063747523095 0.75 0.6851851851851852 0.9052166431446469
1.0947772260124813 3 0.7442678258442871 0.7401709401709402 0.5498575498575499 1.1412796621755936
1.0717270941171957 3 0.4368328650035166 1.0 0.7939609236234458 0.9760953500663316
1.231747233131034 4 0.4911437318991319 0.8710852148579752 0.6579266812333091 1.0527219478000103
1.0114012647128516 3 0.7153871034356553 0.7329093799682035 0.5580286168521462 1.592137394259456
0.9008637706556193 5 0.43724142776343317 0.8421052631578947 0.5305053678973554 1.0137497537450186
0.9895557983971355 3 0.6810552501165736 0.8575525812619503 0.6832377310388783 0.8647781490080417
1.0493491563746753 4 0.47898412289845227 0.9457013574660633 0.8594268476621418 0.7645590165070337
1.2856713204106545 4 0.6964907643809222 0.9065520945220193 0.6591478696741855 1.3842043912149542
0.9184247850012975 3 0.36928093641278 0.9131736526946108 0.6580172987358616 1.1078606014166836
0.9179613278777785 4 0.702584058690029 0.7973137973137974 0.6149776149776149 0.9111243490621824
0.4825755651802941 2 0.4853406592853679 0.7320644216691069 0.4558321132259639 1.2216041458145623
0.8938855362514357 3 0.4785817400991774 0.6580645161290323 0.44587813620071687 1.2931729734383122
0.6019209717449048 3 0.3558253161784696 0.6699576868829337 0.6436295251527974 1.6601756665571055
0.562333144621475 2 0.4364357804719848 0.9029649595687331 0.7412398921832885 0.8708575277761501
1.0710138890401815 4 0.6611129237031559 0.8736654804270463 0.7105575326215896 0.8879085589145105
0.765934336590651 3 0.3771832884526189 0.8560509554140128 0.5503184713375796 1.2845233297526402
1.0533914983798527 4 0.20599595661298073 0.8685800604229608 0.5634441087613293 1.5719841206051124
1.0647354847004153 5 0.5238732454224503 0.57476231633535 0.4405070584845866 1.477776074131902
1.1803005570082867 4 0.663760061828223 0.8562091503267973 0.6183168316831683 1.2027642250205988
1.6008856923751205 6 0.5264698462443117 0.9927963326784545 0.8736083824492469 0.8319102296689611
0.9705810460045976 4 0.5462066166156897 0.9461966604823747 0.6277056277056277 1.1250714541206839
1.8091511844756083 7 1.0229609929466887 0.7496671105193076 0.4322033898305085 1.3662003777818552
0.9743117528756828 3 0.37351994963475704 0.9034907597535934 0.7221081451060917 0.7528301337862157
1.3099855328508927 5 0.8268593344581515 0.7914951989026063 0.4947416552354824 0.9860978529420203
0.37676816126100815 2 0.3235604395235786 0.9403747870528109 0.7501419647927314 0.6948739102385386
0.7029159307848437 3 0.4044505494044733 0.8697068403908795 0.7975027144408252 0.8186698931749002
1.5846850625795992 6 0.5769297956023056 1.0 0.8333333333333334 1.1376357418257503
1.1034289096530807 4 0.8717465610223344 0.6798825256975036 0.495349975526187 1.0467559083874045
0.6019209717449048 3 0.45297226297559934 0.7991746905089409 0.5988078862906924 1.4903038517353737
1.4524574693408465 6 0.5169937376863503 0.8272058823529411 0.6730875068794716 1.4211079049173452
1.2311875669330699 4 0.6706701558388954 0.8285312719606466 0.5268212696181775 1.2408582527089949
1.0608539471628964 3 0.7281095076031221 0.8333333333333334 0.5694444444444444 1.353120589620761
1.14905569698277 4 0.6472683134094045 0.9389920424403183 0.5579119086460033 1.08351863329172
1.1639252556067126 6 0.7221467533658292 0.8123815540113708 0.7344173441734417 0.9091958127659727
0.9111632404888397 4 0.3647326515665107 0.6293706293706294 0.267002049562139 1.4726108573031056
1.0947772260124813 3 0.9060480456060762 0.9092409240924092 0.6842684268426843 1.1165979657736398
1.1573692982344566 4 0.34077453827545195 0.9357923497267759 0.684796573875803 0.7052332373767398
1.2996459635728974 5 0.7940719865773952 0.8104838709677419 0.5775089605734767 1.0051582470668217
1.4898437964917866 5 0.855273918121488 0.833916083916084 0.5463576158940397 1.0398251740924305
1.3050280173229243 5 0.6706440734861118 0.891213389121339 0.599476439790576 0.8769985348769548
1.5235457532721814 5 0.35587328262527823 0.9487179487179487 0.6650246305418719 1.1231419953389454
1.1421160430043351 4 0.8122070009519389 0.8874709976798144 0.5118110236220472 1.1927418447494502
1.067742677091777 4 0.43225870431179386 0.8986905582356995 0.7234091431196876 1.187723757854379
0.4634105588430012 3 0.31682501742271185 0.8515625 0.7526041666666666 0.7774131687433143
1.7613896268159221 7 0.7190868225170995 0.7542857142857143 0.5862857142857143 1.2046149005078155
1.436055416126485 5 0.667418548105703 0.8311582381729201 0.5652528548123981 1.1540442345488036
1.432752053016571 5 0.6844599562073929 0.8444022770398482 0.6357581967213115 0.9430554132071015
0.651754561174831 2 0.8987789986766069 0.7962234461054288 0.6661421452924207 0.8869437483503415
1.0397177708449181 3 0.42364047511278946 0.9389312977099237 0.5616024187452758 0.9301317209859921
1.2130035659909044 4 0.6412404453089743 1.0 0.7651858567543064 1.0369601577740966
1.1803005570082867 4 0.9264343440157609 0.8991596638655462 0.9159663865546218 1.1606253970300802
1.0397177708449181 3 0.4932929193272571 1.0 0.8337684943429069 0.8890202636128077
1.05509861817353 3 0.5157237098282386 0.5923344947735192 0.3896631823461092 1.193860218844594
0.6057954993747123 2 0.3033379120533549 0.9169014084507042 0.4394366197183099 1.1140824980662072
1.3633571023810602 6 0.5352359740159882 0.7714681440443213 0.5346260387811634 1.1594752083262216
1.2349365485127646 5 0.5096879479668401 0.7565703022339028 0.5451160753394656 1.1871654316273583
0.9507449270676422 4 0.5595725817736332 0.9033816425120773 0.6097691894793345 0.984307261629011
1.0609541504576758 4 0.9791353247703466 0.7092846270928462 0.40505701536936045 1.2759746625563835
0.6615612381601154 2 0.8666797487238712 0.9045936395759717 0.6101295641931684 1.070906862168134
0.6210843745575724 2 0.5657749326789283 0.873850197109067 0.6329391151992991 1.4036034327481617
0.9950239901849212 3 0.5157237098282386 0.8897058823529411 0.5453431372549019 1.1994308475308235
0.3488300958480944 2 0.3033379120533549 0.88 0.7266666666666667 0.8038564064605493
0.9545917186004583 4 0.47406086372960493 0.8441441441441442 0.5911214953271028 1.085704631744135
0.9002530512753368 3 1.200247040133418 0.7875862068965517 0.4239080459770115 1.20400398586979
0.4825755651802941 2 0.28288746633946416 0.8549141965678627 0.4544981799271971 1.6416445662267551
0.7607512592674455 4 0.3092355725724913 0.7732793522267206 0.3573919107391911 1.5822194820386775
0.562333144621475 2 0.4044505494044732 0.927710843373494 0.6164658634538153 1.1290926314626646
1.2711774802703297 4 0.9016910019192782 0.7927927927927928 0.5873873873873874 1.1883684905511194
0.937151853082673 4 0.26579180949228204 0.8952879581151832 0.71900826446281 0.8921918894274267
1.3050923719579406 4 0.6597751270246545 1.0 0.9074675324675324 0.9150508106397148
1.780325277362273 8 0.7589805289100382 0.9141989369779803 0.5807385952208545 1.1310818954464683
0.36220855714026556 2 0.3818813079129867 0.8857142857142857 0.6755555555555556 0.9194902195633097
-9.999994999180668e-07 1 0.0 0.777928539122569 0.6625961103573044 1.3798263751303035
0.37676816126100815 2 0.18110333061779008 0.9368131868131868 0.8067765567765568 0.7039148605835398
1.0397177708449181 3 0.8165394564394551 0.828169014084507 0.2516431924882629 1.4086414966928427
0.9002530512753368 3 0.5214140123587684 0.8743455497382199 0.49860335195530725 1.1301742165625601
0.7774591319216559 3 0.36791947307157796 0.9661495063469676 0.843441466854725 0.6408520126122105
1.2056937720254832 4 1.0470337298357977 0.8088235294117647 0.4580152671755725 1.0333524418303173
0.6554797739035534 2 0.7637626158259734 0.8516949152542372 0.6850282485875706 0.7804464401989216
1.251151983376565 4 0.9384303612051196 0.9485294117647058 0.7514705882352941 0.9095433238892585
1.3779800408913991 5 0.5916120738251387 0.8466257668711656 0.5109918200408998 1.1089128054125734
0.8815292611983065 3 0.6471208790471573 0.7256198347107438 0.4903581267217631 1.2095811170563795
1.4303448314286107 5 0.8591826630085813 0.7736131934032984 0.5192965315095261 1.1581484199064573
0.6914140776191252 2 0.6364967992637943 0.8888888888888888 0.5555555555555556 1.485113933753824
1.3653672558318133 5 0.9375803940686018 0.9375 0.7395833333333334 0.868706516906188
0.562333144621475 2 0.41659779045053097 0.6917293233082706 0.37593984962406013 1.6859685052357865
1.4614671293220243 5 0.8422350650144729 0.8969072164948454 0.654300168634064 0.9196308967434191
1.4734973850981485 5 0.7701132030561335 0.4098360655737705 0.2786885245901639 2.7857762776097803
0.562333144621475 2 0.5091750772173156 0.7391304347826086 0.5314009661835749 1.2373497449668796
1.3203547391515642 4 0.9660134870505876 0.8202247191011236 0.56468330134357 1.4633484744833958
1.6911332366156944 6 1.0055539485949303 0.7604790419161677 0.42984126984126986 1.3448264013467954
1.494170138304642 5 0.816662111901112 0.453416149068323 0.28467908902691513 1.3290609543590162
1.0397177708449181 3 0.9708126768041628 0.6857142857142857 0.3657142857142857 1.3643686438571572
-9.999994999180668e-07 1 0.0 0.712707182320442 0.34990791896869244 1.4357593261469992
0.6931451805619453 2 0.5433099918533703 0.7659574468085106 0.5673758865248227 1.3475743613097253
1.2148856539607453 4 0.7682795333775048 0.5494505494505495 0.2261904761904762 1.621493653068728
0.7774591319216559 3 0.20875314201495848 0.8546895640686922 0.6828859060402684 0.6039371444923919
0.23378965871499252 2 0.11315498653578566 0.9224704336399474 0.662724485326325 1.2121894541143508
1.4012716486656107 5 1.1161705325880535 0.8836879432624114 0.6269503546099291 1.018398338591681
0.6791912659935828 2 0.3086045087339609 0.7631578947368421 0.6923558897243107 1.4909037994012695
0.37676816126100815 2 0.10863042699340332 0.7871759890859482 0.5714910362920858 1.0749531409850437
1.1084050263231682 4 0.5068270928431703 0.8800548320767649 0.7139593328763993 0.9498082063139627
0.7356189397674613 3 0.37587142794474304 0.8421052631578947 0.5923795830337887 1.3733035700985001
0.994920632577275 3 0.382865392079342 0.6426332288401254 0.47962382445141066 1.4657543323212363
1.0375871081112062 4 0.471002589778285 0.9162717219589257 0.4610303830911493 1.0931636478608555
1.4303448314286107 5 0.8788188914745964 0.8979591836734694 0.5646630236794171 0.9291935851818275
0.23378965871499252 2 0.11315498653578566 0.9148936170212766 0.585379159847245 1.422213936965876
1.4798434184951597 5 0.690972492249503 0.882051282051282 0.6331236897274634 1.0779476053104469
0.6019209717449048 3 0.2512191368124944 0.6651718983557549 0.5331340308918784 1.3340246152714197
0.68531220727849 2 0.14576294170160267 1.0 0.6867469879518072 1.3011485087667025
1.2450128892631818 4 0.6332187666568979 0.8221614227086184 0.6406748746010031 1.1936769264742335
0.37676816126100815 2 0.12123748557405607 0.3462603878116344 0.2788550323176362 1.4538274219799712
1.0397177708449181 3 0.6441838505744445 0.71875 0.6429924242424242 0.8590670858987525
1.0369898685319887 4 0.57437655289362 0.7974910394265233 0.3918840579710145 1.1711335919369763
1.3156520704334047 6 0.5473055253730691 0.9921875 0.85 0.9075429146417114
1.5810887501853235 5 0.5180747131032605 0.8978723404255319 0.5957446808510638 1.0586842217729002
1.8779232281125515 9 0.8777827210320381 0.9006993006993007 0.7178992497320471 1.2470024492468614
1.555260503089304 5 1.0168745435464754 0.8065934065934066 0.6388278388278388 0.8779583034478945
1.7328619514198633 6 0.9904620824186099 0.9046321525885559 0.6450040617384241 1.2446481978434392
1.201736597914518 6 0.6168445698443347 0.9046858359957402 0.6118488253319714 0.9712951952976548
0.7789947493120368 3 0.7457554793938667 0.973172987974098 0.8751156336725254 0.4064392673914844
1.1182653098263078 4 0.6640842694849868 0.9175324675324675 0.6567099567099567 0.9439828174436654
2.0409838798632194 10 0.5591496683186024 0.9367088607594937 0.6944444444444444 0.8181245847278588
1.6556566399745676 7 0.6583817423963784 0.9305555555555556 0.7852684144818977 0.9580957041752731
0.562333144621475 2 0.33946495960735695 0.43169398907103823 0.1029143897996357 1.6236628228800534
1.4471461484980928 6 0.7136516952824566 0.8184818481848185 0.6787678767876788 1.0940560888705522
1.7710093688185238 7 0.7109947037325366 0.7319587628865979 0.2542955326460481 1.607204893874437
1.948044345886071 9 0.8375578028495339 0.9373695198329853 0.5168986083499006 1.1214231967686572
1.8091511844756083 7 0.8832193378288442 0.8580323785803238 0.6072446072446073 1.242147374395923
1.3098192051621536 4 0.6665037271700951 0.9448456992777413 0.6865912762520194 0.9897160246977668
1.6169123766758187 8 0.7307873027372179 0.9278538812785389 0.5795061728395061 1.1116671223087466
1.47696869428474 8 0.7403839370807465 0.8667917448405253 0.594047619047619 1.1793272840944737
1.4499994999630532 7 0.718597850704182 0.9205479452054794 0.5922374429223745 1.2211614244384503
1.7339902042218922 7 0.6567657577544616 0.8848368522072937 0.6171646162858817 1.0950353398347545
1.6994835025812505 10 0.6994117138645408 0.8905537459283388 0.4508741258741259 1.549930948909653
0.562333144621475 2 0.05657749326789283 0.8866120218579235 0.8306010928961749 0.8054220855207569
1.4205305386822276 6 0.7609268262154127 0.8275181040157998 0.5905200789993417 1.1914141134716565
1.943235258440351 9 0.7892411404762368 0.8786407766990292 0.5670225385527876 1.1255552761637546
1.3651618540035915 7 0.6216674457630419 0.9646827992151733 0.7272727272727273 0.8004212726416581
1.353586352154273 5 0.6257085203292171 0.8402130492676432 0.6054150022192633 1.104318515388848
2.069307077771924 12 0.7729500855496496 0.684238838084992 0.41920943134535366 1.5560042367429294
1.3068213878546275 4 0.43413851405574966 0.9060498220640569 0.40737430167597766 1.2382343403041842
1.4181568907909488 5 0.6015866132935939 0.9578853046594982 0.6872759856630825 0.9579770357151776
1.0063816698434762 4 0.6484816883505313 0.9331476323119777 0.6248839368616528 0.706273426629349
0.6645264386570353 2 0.2548629573298603 0.9711191335740073 0.7821901323706378 0.38627848689762667
1.3664214949572278 4 0.8375985596143681 0.8086816720257235 0.7309753483386924 1.0560374873443406
1.2674985321606063 6 0.6591392221400844 0.8318931657501963 0.5939944486500126 1.1439772000724708
1.187411769857752 4 0.9476001957218277 0.8798646362098139 0.46760710553814 1.3752782050125867
0.8037391073239946 3 0.36657399938783775 0.7016806722689075 0.35294117647058826 1.720481781293616
0.562333144621475 2 0.4849499422962243 0.8081081081081081 0.6891891891891891 1.3659589611888867
0.9502675392390678 3 0.28308319791305125 0.7989690721649485 0.48711340206185566 0.9344708469612538
1.0986092886726095 3 0.6206889355456923 1.0 0.6595238095238095 1.069242067841462
0.42532629337715094 2 0.303337912053355 0.9454912516823688 0.8488111260655002 0.5516557781537723
-9.999994999180668e-07 1 0.0 0.948051948051948 0.3203463203463203 1.241785341940322
0.37676816126100815 2 0.08089010988089465 0.9843342036553525 0.7493472584856397 0.7458777872492649
1.0237782771773971 6 0.3348058160189627 0.9483315392895587 0.7377108001435235 0.8687129451765433
0.37676816126100815 2 0.05657749326789283 0.45272969374167776 0.40612516644474034 1.8654255048953141
0.8544119816113698 3 0.3995777859101004 0.8535564853556485 0.47419804741980476 1.3235277892769712
1.460333084453388 6 0.793657287627611 0.9184171958964338 0.8421392793666181 1.0197620360423207
0.13579195876860908 2 0.026520699969324765 0.7348314606741573 0.5151061173533084 1.4401266636825785
1.0334931520236736 4 0.5214782700724861 0.8675417661097852 0.8277645186953063 0.7168644515818843
1.4013876466272654 5 0.8414191253014611 0.8720292504570384 0.6538695917123705 1.015445714455236
0.9987735091959307 5 0.40219103232170095 0.7664516129032258 0.6812631578947368 1.004118583136523
1.5259998634220002 5 0.7514224651389361 0.9788732394366197 0.8802816901408451 0.7952623932448298
1.1232447119802749 4 0.6587476815845577 0.8996815286624203 0.6969214437367304 1.2808507015150887
1.0695349234474043 4 0.7476697089733164 0.9039869812855981 0.767561703281801 0.9254562805949218
1.2130035659909044 4 0.652805293445095 0.764367816091954 0.6284403669724771 0.9649657515556528
0.4825755651802941 2 0.08148665700881592 0.68760907504363 0.7219313554392088 1.6530506792351347
1.499137318883047 6 0.5931737714300584 0.9167852062588905 0.741514360313316 0.9220085516135845
1.036624968863657 3 0.8514648304965768 0.8003300330033003 0.7612761276127613 0.8903514151923785
1.3203547391515642 4 0.9179981592162898 0.7483296213808464 0.35634743875278396 1.1528347570480433
0.9507449270676422 4 0.5880879064881145 0.8181818181818182 0.5523809523809524 1.3530755825444887
1.2416401331450746 4 0.7235993888708264 0.8280060882800608 0.5788939624556063 1.1653972535924584
1.1985886965015249 4 0.5351259742318345 0.7541095890410959 0.5842465753424657 1.174116945954768
1.4787465246662288 5 0.731461005628312 0.9236883942766295 0.5749867514573397 1.2201889491016153
1.4787465246662288 5 0.869568817354178 0.8213689482470785 0.43476070528967253 0.8462526230397336
0.6365121682970628 2 0.19982631347136331 0.783068783068783 0.6102292768959435 0.9770230803523994
1.008765523641566 4 0.467065053176789 0.9226006191950464 0.6563467492260062 1.1140866507348746
1.2622381675143337 5 0.8668556415031662 0.8738738738738738 0.7208073041806824 0.8930360885401846
0.6837359058583963 3 0.6113241351547456 0.8946047678795483 0.6193158953722334 0.8356367155414824
1.8705608894619614 8 1.0873633545212422 0.6850393700787402 0.48293963254593175 1.2623206643559584
1.1408206290134992 4 0.8202290776900918 0.76 0.6164444444444445 1.1807530671592563
1.189072841094811 4 0.8120797212007289 0.7713125845737483 0.5455570590888588 1.3575872528720416
0.6901789009268298 3 0.27371481123459596 0.6513618677042802 0.38495460440985735 1.5045736614631373
1.2736434290471896 4 0.732565960397881 0.9552238805970149 0.5990878938640133 0.9861761965342847
0.6210843745575724 2 0.3235604395235786 0.8536585365853658 0.6957026713124274 0.8985162240115723
0.562333144621475 2 0.4067225528129718 0.8514492753623188 0.38569357177380376 1.1564092340240102
1.283168648026101 4 1.0466882042654475 0.8071161048689138 0.4868913857677903 1.1513498549416816
1.0561791478014633 5 0.7007954041908739 0.7015570934256056 0.5279700115340253 1.3110212935401577
1.039905546447092 4 0.6310029634007998 0.9675236806495264 0.7483085250338295 0.91777195829575
0.6060212027675747 4 0.22376464100578497 0.9572573463935886 0.5844464232710003 1.223102560298553
1.1696977285230366 4 0.7666531569335174 0.9064587973273942 0.5953971789161099 0.9251415453559326
0.562333144621475 2 0.3235604395235786 0.8923357664233577 0.6867396593673966 0.7919457902108754
1.093766447265925 4 0.5742484645836322 0.9027777777777778 0.7449799196787149 0.9115540029097295
0.36220855714026556 2 0.15166895602667746 0.8568627450980392 0.5862745098039216 1.1970741498516944
1.2056937720254832 4 0.5698305123942563 0.7963246554364471 0.6089841755997958 1.5756520256869284
0.4825755651802941 2 0.34109759587592464 0.6711956521739131 0.2368659420289855 1.299864655416826
0.45055920886990464 2 0.6110100926607787 0.4782608695652174 0.1292270531400966 1.7345247988882528
1.0408358374387054 4 0.44080493191899056 0.7546897546897547 0.4896 1.040126528615369
0.8018155525515516 3 0.49347741119324695 0.865945945945946 0.6050450450450451 1.1878463457763917
1.1205421688116504 4 0.5417406365470058 0.8303886925795053 0.7153513937966235 0.8584176393629079
0.8576258592454152 4 0.36538265014480514 0.7586989409984871 0.5680786686838124 1.5026445093750624
1.325456971983653 5 0.8666275782389126 0.8277004638833665 0.5269382391590013 1.013538300588105
0.7902649680839791 3 0.6773413027595767 1.0 0.5860716037273173 1.5471156844679654
0.9743387807747892 3 0.28465329697522584 0.9672131147540983 0.3085988651243998 1.8658837580986434
1.1240297222316284 6 0.42993143540992307 0.7320261437908496 0.3243099787685775 1.3036613947905527
1.49132064919534 6 0.5433053412041552 0.7268232385661311 0.36629583848372477 1.3314275931972914
1.2696886679028714 6 0.4748281470551071 0.7186684073107049 0.4586597040905135 1.4701299303247268
1.3131626894987076 4 0.9382197925162156 0.8826429980276134 0.7315362699978084 1.0887864899483957
0.23378965871499252 2 0.19710002989057376 0.9411764705882353 0.8897058823529411 0.5161246037374694
1.6035489600182948 6 0.7084925512871197 0.9222672064777327 0.7047397047397047 1.0585319671686633
1.0433504269474334 3 0.8414147726414166 0.9464285714285714 0.7261904761904762 1.1763983213436031
0.9649599230141778 3 0.8698454157032725 0.4796511627906977 0.36143410852713176 1.4229691970800706
1.053259243314315 4 0.5642141702176243 0.8089260808926081 0.6413793103448275 1.119169963359385
1.2450128892631818 4 0.5575782620028527 1.0 0.860913280268119 0.9178330284618691
0.9737488448875712 3 0.614296216411195 1.0 0.9479982593559617 0.6577000275540413
2.175046940152059 11 0.8221794407512237 0.968540635013108 0.7952733485193622 0.820345277594993
1.4088081112930015 5 0.9070451841476402 0.7589519650655022 0.5438136826783115 1.1657735012484058
1.2711774802703297 4 0.7356837276079106 0.6234817813765182 0.42375168690958165 1.305698479913502
1.6770432046186894 6 0.683417468783693 0.8678899082568807 0.6928446771378709 1.0449502854961459
1.3016749820660072 5 0.8195713539068723 0.8872852233676976 0.5640320733104238 1.1125802111308056
1.0596806673901662 4 0.5039827500575284 0.88558352402746 0.6876404494382022 0.9459842389851275
1.039905546447092 4 0.4228507716317666 0.742749054224464 0.5388818831441782 1.3144012529792235
1.863241371081132 9 0.5812411034196662 0.7032871972318339 0.5776892430278885 1.220817091548348
1.650217087670622 7 0.7095830292223804 0.7086999022482894 0.3805799934832193 1.1774720439844384
1.2612003525742836 6 0.4161454499068261 0.8506787330316742 0.5349672512148743 1.3569101996195605
1.1348013488064268 7 0.4750965191105679 0.9255415162454874 0.5385078219013237 1.5376745406446966
1.6540858565436882 8 0.8469477211161833 0.8633776091081594 0.6511701454775458 1.0135216635296245
1.3052633840514702 6 0.4415227201453043 0.9921824104234528 0.8723675813656668 0.7322414954527227
0.8687166829249237 3 0.6167096042111984 0.675187969924812 0.379123584441162 1.3046956025737675
0.9832709442526746 3 0.9762604400057636 0.8605664488017429 0.7158073105785524 0.7245254226431638
0.9470541522889973 3 0.501597496201603 0.7924812030075188 0.43659147869674186 1.198702907806138
1.9603293901580072 8 0.9136104308485301 0.9531478770131772 0.7862100879222582 0.8433194073055879
0.6988080994658692 4 0.2753740807620492 0.6322451698867422 0.4390406395736176 1.296262374453053
0.8418522593529947 3 1.1393790099160837 0.7804878048780488 0.540650406504065 1.140381271103845
1.3895072440018894 6 0.6365046065496922 0.8155038759689922 0.6751937984496124 1.3134697530136692
1.1530156565569532 4 0.6173995820962782 0.9496402877697842 0.5908163265306122 1.3630072190610465
1.2440116958164495 5 0.6962334542622717 0.7792553191489362 0.7850177304964538 1.2204218929445132
-9.999994999180668e-07 1 0.0 1.0 0.8118466898954704 1.0696126448518448
1.3882203005665301 6 0.5476737304942013 0.8820960698689956 0.7596371882086168 0.6752508552043358
1.3945513191985557 6 0.7478288656760081 0.9215686274509803 0.6300653594771242 1.6381838356292153
1.033558054221353 4 0.4497665550577471 0.8432671081677704 0.6857983811626196 1.3992089022984036
1.3208843431586554 4 0.4335201243946264 0.8979591836734694 0.6190476190476191 0.9787288949771169
1.0373873246496352 5 0.745073274536778 0.9687092568448501 0.8498122653316645 0.9764357145838759
0.873897414276215 3 0.3759813730476866 0.7265625 0.4192708333333333 1.4235326874590821
0.9162577129110898 3 0.11649249709257352 0.9470198675496688 0.8866813833701251 0.7666145574903703
0.7860172224338556 3 1.152684065802748 1.0 0.5555555555555556 0.4513530918323407
0.2286298735916434 2 0.07583447801333873 0.847457627118644 0.6779661016949152 1.209256925270813
0.843568443814181 3 0.7280391371209289 0.8507890961262554 0.5839311334289814 1.3591374315881903
1.1407161964286858 4 0.6423490801902159 0.8252427184466019 0.6819232547387887 0.9255059459700519
1.023925799644203 3 0.5177229748844112 0.846441947565543 0.7278401997503121 0.9822624835592713
0.37676816126100815 2 0.3235604395235786 0.8118279569892473 0.5017921146953405 1.1367216986675257
1.4701971719950686 5 0.8392777836646811 0.7480916030534351 0.5665818490245971 1.1779810461731048
-9.999994999180668e-07 1 0.0 1.0 1.0 0.3006412628822299
0.7037110978154932 3 0.3216872831088135 0.869656622284513 0.562718990889979 1.4217251839052827
1.0947772260124813 3 0.8266096515545086 0.6839237057220708 0.3242506811989101 1.4223792421005166
1.0720129685817448 4 0.46998610186986783 0.8048048048048048 0.6196196196196196 1.2545727562242976
1.0700893336649184 6 0.43526734763639935 0.774859287054409 0.6919547262159682 1.430565523690643
1.5933159831482109 8 0.6772307234971108 0.6 0.3333333333333333 1.3318160890634778
1.7801459364930512 8 0.7658710416429387 0.8613569321533924 0.49000327761389706 1.3024108004071322
1.4019404593993534 5 0.6592560072424252 0.908675799086758 0.5224071702944942 1.2072541492505524
1.7980985026583158 7 0.8371769797458906 0.8582677165354331 0.6091205211726385 1.0803243309556054
0.887691275807461 3 0.6062689222277937 0.9264793783622236 0.609284718071329 1.098749911257885
1.676981774344167 6 0.9943176574144278 0.8100263852242744 0.45232067510548524 1.2671756942002004
1.4315233316877365 6 0.759507955409246 0.7993288590604026 0.5308724832214765 1.286101006866362
1.5263064861731233 9 0.5092108516018607 0.7778566359119943 0.5142136634571297 1.3999178451283472
2.202510716083812 11 0.7739814420757805 0.7657279808268425 0.3773809523809524 1.1305906183564916
1.149473312634499 4 0.6177770875377954 0.8271604938271605 0.51440329218107 1.3089844943581896
1.7272883429268358 11 0.7198190028529974 0.8538961038961039 0.5971922246220303 0.9624013374568336
1.788071458393108 8 0.7492593290008984 1.0 0.9259259259259259 1.3804248137041526
1.6747472292339292 6 0.8773392319455152 0.9122807017543859 0.7298245614035088 0.8646251417758735
1.5639363396999741 6 0.49906741470899113 0.7495462794918331 0.3546244251405212 1.530866135965193
1.353586352154273 5 0.4375507135778362 0.9285714285714286 0.5055555555555555 0.8276938028765264
1.4799367598711508 6 0.7566111630698802 0.9703977798334875 0.7187789084181314 1.0640428246471627
0.5115837519891798 3 0.1626453409357045 0.943109987357775 0.8588284871470713 0.5257167968516028
0.7356189397674613 3 0.28312234422776866 0.5776487663280117 0.34929850024189646 1.5338860677849229
1.3653672558318133 5 0.6772785967402936 0.953125 0.828125 0.7680104346327319
0.44375428427771485 3 0.12943514088441446 0.6293103448275862 0.39080459770114945 1.4787301040556173
1.0710138890401815 4 0.9025845910381838 0.6452095808383234 0.4341317365269461 1.4543537416285075
1.0336965498709902 4 0.6035553073445327 0.8131699846860643 0.6824910668708525 1.242061533824737
1.696678254590732 6 0.9266098814508066 0.8469387755102041 0.46695821185617103 1.0133118686214704
1.3180188017344843 5 0.5951413688285037 0.7503267973856209 0.4010874111250523 1.6373165671948962
0.36220855714026556 2 0.3033379120533549 1.0 1.0 0.20534180126147886
1.5284597100875874 6 0.9114353121722542 0.8614958448753463 0.7922437673130194 1.175624506985241
1.267506063648595 5 0.7600297275476328 0.9439071566731141 0.7021276595744681 0.8148517709522423
0.7214606867021781 3 0.34263166795291233 0.9461077844311377 0.6397205588822356 0.953350685488707
1.2148856539607453 4 0.690967537874061 0.6 0.3004694835680751 1.4631214259561993
1.0733806203412612 3 0.4449787583608989 0.9233333333333333 0.5573514077163713 1.1508904920460898
0.21455715518593435 2 0.049921317589317206 0.8856209150326797 0.6721132897603486 1.406544803746965
1.873444737583232 7 1.0452247267629227 1.0 0.9452054794520548 0.8775094657330819
1.138165249553222 5 0.8191309005298334 0.7828200972447326 0.5070912496655071 1.033955491043782
0.8491203246037411 4 0.3831861680943898 0.7508327781479014 0.5864978902953587 1.3639903770840323
0.68531220727849 2 0.3960424528752498 0.696 0.5973333333333334 1.3777747605445854
0.9180419180850247 4 0.8457783536482265 0.7475177304964539 0.5870624723083739 1.2381205017559787
0.7529716827772218 3 0.3669820844581847 1.0 0.6682808716707022 1.6505765820163827
1.0488690134319782 3 0.7772315953865171 0.8878424657534246 0.709189497716895 0.8956254195119874
0.9950239901849212 3 0.5157237098282386 0.7623318385650224 0.5964125560538116 1.0597318099216089
1.11201580126924 5 0.37329838553748124 0.9572127139364304 0.3197278911564626 1.2764289376442612
0.9095025527401217 4 0.2147185307697841 0.7207001522070016 0.4330092983939138 1.7154692963994154
1.07273564608474 4 0.6471047508796782 0.8540734109221128 0.5938144329896907 1.0198597930597717
0.8313995205030316 3 0.5177229748844111 0.9066455696202531 0.6835443037974683 0.8323663528396391
0.562333144621475 2 0.26760094422297903 0.6850393700787402 0.28978622327790976 1.394231960573722
0.562333144621475 2 0.3235604395235786 0.7425897035881436 0.49453978159126366 1.1588621060879862
1.3107796781094638 4 1.018818503217352 0.856 0.2826666666666667 1.4201426727273818
1.6299945591864449 6 0.8883031691854242 0.682258064516129 0.47258064516129034 1.680600819129961
1.0699133418346678 4 0.5353001693965462 0.8432732316227461 0.5589459084604715 1.099219473644515
0.8468113807451845 3 0.25459871970551773 0.8918918918918919 0.6351351351351351 1.2857843484017322
1.3270589098715162 7 0.4619028650281784 0.8661257606490872 0.6991210277214334 1.0215983122456724
1.1552102875587855 4 0.47329424395513664 0.7609912070343725 0.5337063682387423 1.4276766542189998
0.7038403284877608 3 0.37550344909129757 0.8892438764643238 0.711395101171459 1.3046329927779667
0.37676816126100815 2 0.1617802197617893 0.9025210084033614 0.646498599439776 0.9495497170570153
1.1246662892518389 4 0.6189351877944324 0.8125819134993447 0.5884665792922673 1.071341560664308
1.0861949723991349 3 0.8612153873450982 0.8535080956052429 0.5422770496016448 1.2022886450183625
1.0717270941171957 3 0.857540251324225 0.7149460708782742 0.3970210580380072 1.1153400860577782
0.5140926973765212 4 0.2509825569959214 0.6896984924623115 0.4932998324958124 1.796427811521646
1.2240643380200318 4 0.6014059144546294 0.7966305655836342 0.5856397914159647 0.9715996948262067
1.2123098802805643 4 0.9796464200352173 0.8536977491961415 0.5680600214362272 1.0225778140611834
0.9002530512753368 3 0.3324043550767714 0.911504424778761 0.6932153392330384 1.08282818308181
1.0074791248711104 4 0.844382666381858 0.8859764089121888 0.6461336828309305 1.021990266327499
0.7298399194925769 3 0.499615384558467 0.8172185430463577 0.4640176600441501 1.284549930509811
1.1032823105078455 4 0.5900303556251366 0.9769769769769769 0.7794461127794461 0.800859662654425
1.3321750402188721 4 0.5281704202182489 0.938337801608579 0.7667560321715817 1.0046712679284056
0.7194738101578686 4 0.29252096525687166 0.9045045045045045 0.7665876777251185 0.7144535314402606
-9.999994999180668e-07 1 0.0 0.9875259875259875 0.7574497574497574 0.7920722118273457
0.7529716827772218 3 0.60667582410671 0.9875 0.8325 0.8628521190776796
1.2130035659909044 4 0.9768398605315421 0.9183673469387755 0.6802721088435374 0.844728653179412
0.8815292611983065 3 0.3473251945093791 0.9165217391304348 0.6069565217391304 0.9111215343191005
0.4825755651802941 2 0.3235604395235786 0.7320872274143302 0.5472481827622014 1.0292558606008906
0.8953286659862907 4 0.5858043189707869 0.7803468208092486 0.535645472061657 1.3904130166724118
0.9950239901849212 3 0.6423490801902157 0.8662790697674418 0.5562015503875969 0.9869111122439778
0.30463409735528807 2 0.24267032964268392 0.7303370786516854 0.6292134831460674 0.9628943634643453
0.6829061047025133 2 0.4044505494044732 0.6666666666666666 0.4027777777777778 1.3645654348050673
0.4634105588430012 3 0.26480832946109495 0.747093023255814 0.2868217054263566 1.565987209967594
0.9097047103338318 3 0.2843018413379615 0.9585062240663901 0.44362745098039214 0.929150669622548
1.0408358374387054 4 0.587175674728831 0.9382022471910112 0.682896379525593 0.9542137217941024
1.1454858129986314 5 0.48533115035735813 0.8871128871128872 0.6090576090576091 1.5035343350889305
0.9984240905676025 4 0.393484898115357 0.9110889110889111 0.611055611055611 1.0576643913271213
1.251151983376565 4 0.935024332593343 0.8490909090909091 0.660188457008245 1.0388216011104476
1.1432712062088137 4 0.718571773278348 0.8855633802816901 0.5339366515837104 1.3218576852581132
0.7356189397674613 3 0.5921764536278228 0.8832335329341318 0.7604790419161677 1.001416005057385
0.9743117528756828 3 0.6064390827506065 0.6309523809523809 0.32043650793650796 1.7570066303446468
1.7540993310186213 6 0.701449434186779 0.7754172989377845 0.23472397808680995 1.2146817158484726
-9.999994999180668e-07 1 0.0 0.9852941176470589 0.5424836601307189 1.0042634032073796
0.9454525408721227 4 0.6927874742802728 0.7836198179979778 0.5190839694656488 1.1118173588834512
0.5929513174499546 2 0.4044505494044733 0.669109947643979 0.3797556719022688 1.0732542128235263
1.002714264531766 4 0.95410354574411 0.7950138504155124 0.5509300265721878 1.5569008910839586
0.7529716827772219 3 0.2652069996932476 0.8589743589743589 0.483974358974359 1.6203740659845476
0.562333144621475 2 0.9709065041137536 0.8333333333333334 0.4888888888888889 1.5176886449522329
1.3954936777351024 5 0.9656567369401561 0.660436137071651 0.37175493250259606 1.336777178690844
0.8872382356644503 4 0.38687843997281757 0.8731762065095399 0.3691895113230036 1.1604315582762508
1.522950067546318 5 0.7517651404973333 0.7669376693766937 0.45799457994579945 1.3049062774793407
0.6730096670113398 2 0.6789001029564208 0.7741935483870968 0.4869431643625192 1.420119317038999
2.1170522711359228 11 0.9289383184748707 0.8383838383838383 0.41274462235160925 1.091450491412094
1.0733806203412612 3 0.8190616218815935 0.9112149532710281 0.7554517133956387 0.5425962774061635
1.5643641029213848 6 0.7333866718271707 0.6666666666666666 0.31666666666666665 1.316267795723756
1.0699133418346678 4 0.7843467404250073 0.8158914728682171 0.7299741602067183 0.9382083557731692
1.6020499154853929 6 0.9728247130372606 0.8834688346883469 0.6878952122854561 1.0571021881771019
-9.999994999180668e-07 1 0.0 1.0 0.8863636363636364 0.6152609615126056
0.8964407917554894 4 0.2804460783315212 0.7477187332259796 0.3833140543666859 1.6547731054931312
0.6615612381601154 2 0.4853406592853679 0.7605042016806722 0.4026610644257703 0.8913374943773026
0.8416224854430985 4 0.6006331527387322 0.8518815052041633 0.6242327195089404 0.9854368091827713
0.8647370965378594 3 0.4117760888074375 0.8210382513661202 0.4052608114132858 1.25772926019218
1.5838637878236668 6 0.5868575093991871 0.869951534733441 0.5211428571428571 1.0867638438197669
1.3421207227714134 5 0.6579756907861048 0.8923556942277691 0.4763390535621425 1.058519440025062
0.8605452869815533 4 0.3455714964881275 0.926261319534282 0.6416558861578266 0.8775757120359355
0.8675602284882113 3 0.5281880159693876 0.8893280632411067 0.626701800614844 1.0395795879026837
1.2678816031610518 4 0.9594127112300145 1.0 0.9085365853658537 0.6481193108892419
0.9949206325772751 3 0.7432271438682546 0.7842778793418648 0.5060938452163315 1.084920851777275
1.4348692970656876 6 0.6076712911158414 0.862862010221465 0.5229982964224872 1.2894122695841241
0.6869595765993484 2 0.7583447801333874 0.7648725212464589 0.4164305949008499 1.138146181324011
0.9338208517207902 3 1.0757035349578044 0.9346049046321526 0.6793823796548593 0.9441467997010835
1.0687281266894433 4 0.6338181446877784 0.8005967180507211 0.5683739433117851 0.9462231087389098
1.3862968812485952 5 0.5270525693772928 0.8795088257866462 0.5381438817648337 0.8803015381682354
0.9214904308740949 3 0.7356024892330392 0.7744227353463587 0.6198934280639432 1.374927203691783
1.1885475159748258 6 0.6704904149188909 0.8568702290076335 0.7134223918575063 0.7856438668530388
-9.999994999180668e-07 1 0.0 0.8699861687413555 0.6454587367450438 0.8616115880938289
1.1858163126434926 4 0.7364340238370828 0.8993939393939394 0.7434343434343434 0.869865638727023
1.608738358021053 8 0.455500328643738 0.884113584036838 0.7466955058880077 0.7617437613619824
1.4013876466272654 5 0.7627333323516013 0.9059945504087193 0.5663033605812897 1.062434611668478
0.8568379950472417 3 0.3073289108598972 0.6709677419354839 0.432258064516129 1.7373291920973748
1.3733638979934453 6 0.7795249524350637 0.8860992039191672 0.7109614206981016 0.7044587106436397
0.8511941620946795 3 0.7801219377837934 0.6277511961722488 0.4328548644338118 1.6386966202070314
0.8792782907650571 3 0.6749514839874822 0.7255434782608695 0.5169082125603864 0.996118728121376
0.9832709442526746 3 0.8689999063149666 0.7744154057771664 0.3103448275862069 1.6552180885303311
0.9470541522889973 3 0.5138510158886294 0.8664495114006515 0.506514657980456 1.1808225107311814
1.0433504269474334 3 0.5043663958632377 0.8568840579710145 0.5778985507246377 0.8418588511396919
0.8305206914932463 3 0.5595725817736333 0.8314785373608903 0.4546899841017488 1.2124152356284268
0.7774591319216559 3 0.7118855102452438 0.8620689655172413 0.5105868118572293 1.0312724272560052
1.023925799644203 3 0.6484921864046546 0.88671875 0.8125 1.3838004028904758
0.6874327505165219 3 0.3551807272077466 0.8261648745519713 0.5925925925925926 1.0320532952471533
1.748149457267676 6 0.7498330572098364 0.8431372549019608 0.6447712418300654 1.085382464553057
1.0397177708449181 3 1.0193204710860142 0.7856049004594181 0.6294027565084227 0.9791489406095365
0.6890072384786752 2 0.5252226250880268 0.939810834049871 0.6239011641720124 0.9857541703815454
0.68531220727849 2 0.6471208790471573 0.9511201629327902 0.7684996605566871 1.0182687771441414
1.4845926005612167 5 0.5200852792361794 0.9201228878648233 0.799795186891961 0.9450347028438694
0.2771103575239885 3 0.13303316433753626 0.7537117903930131 0.6480349344978166 1.6341261501223712
1.124893487498558 4 0.9034192455493893 0.7800183318056828 0.4940421631530706 0.9796268320490832
-9.999994999180668e-07 1 0.0 0.7341772151898734 0.41824894514767935 1.6050794670830513
0.8587379130152242 3 0.5234718397629091 0.8347978910369068 0.4979496192149971 1.1400893927229714
0.45055920886990464 2 0.24267032964268392 0.9601449275362319 0.7137681159420289 0.8411960260293284
0.6210843745575724 2 0.4853406592853679 0.9155937052932761 0.7243681449690034 0.8230210485389137
0.9173991803699375 3 0.41519148762597474 0.6997635933806147 0.4097714736012608 1.283202800446733
2.26522783166141 11 0.8144664336593891 0.8682824025289779 0.6652616789603091 0.8156901425962273
0.8617861450627734 4 0.37250741132875603 0.8938321536905965 0.6107360977177756 0.9095894773518927
0.8919267943403122 4 0.4543796418253485 0.8601997146932953 0.4997622444127437 1.1855275793108266
0.7474329091895069 3 0.24752653304703112 1.0 0.6563967136150235 1.100921201928422
1.6869592019386646 8 0.7959660063286415 0.9291666666666667 0.6925 1.4021298745481814
1.4165417929225936 5 0.5431013007787849 0.9646596858638743 0.9044502617801047 0.6267515657378907
1.0768052827066699 5 0.7861952167788071 0.7860759493670886 0.7261603375527426 1.1462124544326662
2.17887203347061 12 0.8665733154725519 0.791095890410959 0.4740307242136064 1.3078139512825535
1.7767924158676263 8 0.5622147632053142 0.8106122448979591 0.6903401360544218 1.204629068363293
1.8696437816617877 9 0.8310665148898323 0.8859489051094891 0.6545977011494253 0.8913032033815064
1.5615468053817312 8 0.5445727845103023 0.8073836276083467 0.5599022004889975 1.3634134247717664
1.2730243365997505 4 0.6105870424583217 0.8451443569553806 0.46381322957198445 1.2169562536840848
1.2483329411339816 5 0.6612134925366917 0.891005291005291 0.6335097001763669 1.22074584749289
1.7721132344972597 11 0.9043421702008602 0.8050770625566637 0.614548616142588 1.310084789848912
1.5832524594456765 6 0.8011188270553091 0.7871559633027523 0.4728171334431631 1.2597685538447152
2.0336533437177353 9 0.6575625254273103 0.8122555410691004 0.6453715775749674 1.1434343772757278
1.9669249175878343 8 0.9157893056051993 0.8102981029810298 0.5561797752808989 1.1686989673174406
1.2227753162068027 4 0.513574214150559 0.8274509803921568 0.681045751633987 1.1245374581788825
1.0433504269474334 3 0.5824876060824977 0.83008356545961 0.6476323119777159 1.1107492758130721
0.6598680138109335 4 0.310793155842626 0.9595687331536388 0.8113207547169812 1.0051013997535938
1.1966077112492735 5 0.8454794000111664 0.90625 0.7397959183673469 0.8896718088443093
1.0208093432101668 4 0.5345890658134386 0.8767527675276753 0.6969249692496925 1.0628246446104
1.1034289096530807 4 0.5980343196047934 0.7082191780821918 0.391324200913242 1.5508646432637896
1.2480437027362796 5 0.71892444686987 0.8956692913385826 0.639763779527559 1.1960178092416254
0.37676816126100815 2 0.17333594974477423 1.0 1.0 0.3657837607641697
1.738305359871905 8 0.8961845474163614 0.8751642575558476 0.6701708278580815 1.0275987817830867
0.9779212266416395 4 0.45614557674302414 1.0 0.9077235772357723 0.731975342675467
0.9743117528756828 3 0.5614474503777799 0.8552097428958051 0.747406405051872 0.9692426202672304
1.162695833512044 4 0.7565359519522141 0.8475274725274725 0.581989247311828 1.1367206151240332
0.8313995205030316 3 0.40061221143507597 0.9565807327001357 0.8091361374943464 0.7278827111245292
0.7232515110158177 3 0.3375688277871254 0.9809644670050761 0.7504230118443317 1.1590218973780404
0.6019209717449048 3 0.3559427551226219 0.8884462151394422 0.6923417441345728 0.8582064420213146
0.8305148252944701 3 0.4044505494044732 0.8578680203045685 0.6491821771009588 0.9522308115033201
1.2637366793456122 4 0.9726142754466134 0.8472505091649695 0.5666460012399256 1.0604023886700278
1.1432712062088137 4 0.2722412770833003 0.888235294117647 0.6294117647058823 1.1021297928298392
1.3180198017196094 4 0.651641236373812 0.800557880055788 0.5820548582054859 1.0681194319960625
1.2770302594760556 4 0.7518154015513475 0.9272727272727272 0.5631629701060752 0.9212998682137274
2.2675393857177206 14 0.6463805997263002 1.0 0.8833333333333333 1.2053531055951257
0.8540117839887378 6 0.5872713532522537 0.7290480065093572 0.531326281529699 1.3939539063403932
0.8262115055513201 4 0.4947145612052581 0.6593471810089021 0.3363006923837784 1.360140493024039
0.9596117939179063 3 0.8880269345573505 1.0 0.7777777777777778 1.1314458557658023
1.9459021490955628 8 1.0850411548801775 0.0 -0.3333333333333333 2.5043799069381367
1.6957365341913013 6 1.0978861360861947 0.810126582278481 0.34177215189873417 1.609572007519952
2.0584836310765313 9 1.0507678005183432 0.7 0.6333333333333333 0.7072970362251491
1.7487102908745733 7 1.0809469457932648 1.0 0.7272727272727273 0.8925426480542942
1.959740292313669 8 0.9139293947125634 0.9582366589327146 0.7548337200309359 1.0595672343823932
1.7147341159010048 9 0.7968151584942924 0.2 0.13333333333333333 2.961004233964073
1.5544268269347878 6 0.6169496912213944 0.7391304347826086 0.5217391304347826 1.0621910079888948
1.7523125123537115 7 1.0697152853961611 0.9347826086956522 0.7050359712230215 1.1091768561319149
