0.4437542842777149 3 0.17883245631982908 0.7994428969359332 0.4503249767873723 1.1945096195721268
0.4361603253891046 2 0.13481684980149108 0.8356164383561644 0.4918460534898891 1.0893559353506514
0.5783222866734842 3 0.2578618549141193 0.5906593406593407 0.4152930402930403 1.1509294945009285
0.4361603253891046 2 0.13481684980149108 0.5384615384615384 0.23809523809523808 1.3126664346019163
0.9743117528756828 3 0.34502886762401186 0.6404833836858006 0.4431017119838872 1.1635980349177666
1.0397177708449181 3 0.29457343531883035 0.6370967741935484 0.6008064516129032 0.8978851239544176
0.6019209717449048 3 0.25059411320563385 0.7451923076923077 0.3293269230769231 1.4993694436711127
0.5004004235413129 2 0.16827479029167436 0.5523613963039015 0.3600273785078713 1.330688820627069
0.45441371136645237 4 0.16158900110672902 0.2878228782287823 0.03505535055350553 1.7336319287027626
0.4956176001571853 4 0.2300662644211001 0.3917525773195876 0.25773195876288657 1.8804687054493288
0.5115837519891798 3 0.1549203567718558 0.5531034482758621 0.4611494252873563 1.2085830983827401
0.3624980217649752 3 0.08941622815991454 0.508485639686684 0.2793733681462141 1.5461942743771866
0.708685028227737 3 0.12887587795198827 0.6916376306620209 0.4924506387921022 0.889576145904038
0.4045059418236606 4 0.14251267760363545 0.8022151898734177 0.5113396624472574 1.180502882854333
0.6019209717449048 3 0.19075462007448435 0.8382147838214784 0.49511854951185497 1.103289063215595
0.36220855714026556 2 0.15166895602667746 0.7100694444444444 0.16782407407407407 1.6253182763282188
0.37676816126100815 2 0.1617802197617893 0.7245337159253945 0.4294595887135342 1.2724293121497274
0.4374919573795919 3 0.07801968912256994 0.6582278481012658 0.4258790436005626 1.290301248837502
0.6019209717449048 3 0.19075462007448435 0.5839753466872111 0.5721623009758603 0.9270971850129991
0.30463409735528807 2 0.10619289888744178 0.5625 0.4739583333333333 1.2636367577465095
0.36933112165034665 2 0.037917239006669365 0.7966252220248667 0.5272350503256364 1.0315123059663496
1.4270560433975994 5 1.1806792659745593 0.4624277456647399 0.3554913294797688 1.017103738953727
0.9160641370329957 4 0.47781299548841666 0.5894886363636364 0.3143939393939394 1.7240515675966235
0.7356189397674613 3 0.1617802197617893 0.744 0.408 1.2146475822488692
0.6019209717449048 3 0.21972902038717942 0.8006756756756757 0.4757882882882883 1.1025246285588717
0.5982675885877072 2 0.09333474217026305 0.7727272727272727 0.5606060606060606 0.859576527387404
1.0397177708449181 3 0.34667189948954846 0.5990990990990991 0.16966966966966968 1.5484690665228096
0.5783222866734842 3 0.22126138335942624 0.6441441441441441 0.5765765765765766 1.1105826692290386
0.562333144621475 2 0.08089010988089465 0.6844036697247706 0.2966360856269113 1.420052058257945
0.45055920886990464 2 0.14532822797917333 0.6345177664974619 0.27411167512690354 1.5092842414034024
0.7029159307848437 3 0.13746760314878748 0.7282229965156795 0.3315911730545877 1.31995128726507
1.006210565960437 4 0.6901987932633002 0.13292117465224113 -0.1777434312210201 2.6878693850515094
1.0373873246496352 5 0.5518376926517782 0.7137042062415196 0.6436001809136137 1.0132740511428207
0.3707993581140392 3 0.13308998963309382 0.21138211382113822 0.07046070460704607 1.9292055298563258
0.4011878621912107 2 0.028546616210194758 0.390304026294166 -0.03642837578745549 1.8593619209839467
1.2130035659909044 4 0.42075069799489373 0.8676470588235294 0.35 1.2939974556233378
0.4825755651802941 2 0.1617802197617893 0.6468926553672316 0.5065913370998116 1.0676025266756373
0.4196467699406293 3 0.0766574725194465 0.5146579804560261 0.3503438291711907 1.800924831250658
0.7029159307848437 3 0.22654485095987584 0.4232209737827715 0.2034956304619226 1.9121416047849151
0.9002530512753368 3 1.1391443419659744 0.5955056179775281 0.352059925093633 1.5559372463874108
0.4563314323118595 3 0.12440518700509849 0.6225749559082893 0.33803644914756026 1.3714598109720337
0.6019209717449048 3 0.27505264524172723 1.0 1.0 0.43354708762740973
0.6019209717449048 3 0.27505264524172723 0 0 0
0.5004004235413129 2 0.17333594974477423 0.6133540372670807 0.40113871635610765 1.1531556775426983
0.5402021423916775 2 0.2022252747022366 0.6666666666666666 0.49775208734746307 1.0532279364980501
0.562333144621475 2 0.28288746633946416 0.8741258741258742 0.32867132867132864 1.452716527527213
0.6615612381601154 2 0.34667189948954846 0.6431095406360424 0.558303886925795 1.5596091881219094
0.6019209717449048 3 0.19075462007448435 0.8516746411483254 0.7267410951621478 0.7657468002283349
1.0397177708449181 3 0.32923018227364803 0.75 0.40226171243941844 0.9914801540841879
0.7029159307848437 3 0.1940450964166803 0.6649572649572649 0.5435897435897435 1.149627602400447
0.562333144621475 2 0.08089010988089465 0.42451154529307283 0.19715808170515098 1.5772224445181624
0.2286298735916434 2 0.07583447801333873 0.6067006554989075 0.47050254916241807 1.3632432137759276
0.7607512592674456 4 0.23260167812228152 0.6375198728139905 0.42342342342342343 1.5150275103452335
0.32643904098570775 3 0.07733295408425041 0.572663000785546 0.3524482848913328 1.4528420072059418
0.3111271548177342 2 0.07828075149763998 0.7189292543021033 0.4764181007010835 1.1114078468549642
0.36933112165034665 2 0.024978289183920414 0.5800904977375566 0.2711915535444947 1.3854799677635232
0.5067312576519971 4 0.14063910045068903 0.6680988184747583 0.46115288220551376 1.2463006233073823
0.45055920886990464 2 0.052754419487539984 0.7564870259481038 0.5402528276779773 1.0565900755095528
0.4563314323118595 3 0.143301535035117 0.8095238095238095 0.5335775335775336 1.088867025623275
0.8222613373494543 4 0.13977283246305758 0.7013177159590044 0.4454332552693208 1.1351889407318076
0.465997256964483 2 0.21238579777488356 0.36774193548387096 0.13548387096774195 1.8045172207667899
0.7774591319216559 3 0.4416522918832768 0.25105782792665726 0.10108133521391631 1.999880915473029
1.2130035659909044 4 0.5242413306769833 0.8867924528301887 0.7284595300261096 0.8853212081097988
0.9160641370329957 4 0.2819405336364622 0.8202846975088968 0.5931198102016607 1.0099520771851824
0.8539406982990978 4 0.4247226626563704 0.7044585987261146 0.5851380042462845 1.2705600052126436
0.7902307553651863 4 0.37795383521239606 0.648036253776435 0.3429003021148036 1.8463510946264021
0.43339687329453824 2 0.11828708275473279 0.5030250648228176 0.3186401613367906 1.5296020149784209
0.6019209717449048 3 0.27505264524172723 0.7009803921568627 0.43899782135076254 1.4799654610452773
0.2771103575239885 3 0.08407593760197359 0.5553372626064178 0.3837590045841519 1.5273199278773213
0.6330365116777676 3 0.11505345856392396 0.41929499072356213 0.35435992578849723 1.6980940002597018
0.7335377487880319 4 0.2322311858187233 0.5858854860186418 0.12339103417665336 1.79704242463691
0.6210843745575724 2 0.3398172764398137 0.3141683778234086 0.025325119780971937 2.3079966834041383
0.5763790666401709 3 0.11888714532963039 0.7338820301783264 0.3927754915409236 1.354385399228557
0.7029159307848437 3 0.11079843215036253 0.838160136286201 0.599004424778761 0.9673496259979737
0.562333144621475 2 0.08089010988089465 0.7214983713355049 0.5711183496199783 0.818941337257419
0.4374919573795919 3 0.06471757044220723 0.375 0.22905759162303665 2.028526029259618
0.7356189397674613 3 0.13746760314878748 0.5080763582966226 0.14586392559960842 1.7628458000815717
0.6210843745575724 2 0.6796345528796274 0.3576341127922971 0.11370930765703806 2.0206071714130838
0.5874969311367951 4 0.22632732194696187 0.6801470588235294 0.4190997566909976 1.778361710429968
0.347063825781606 3 0.08415645003286075 0.7947997189037245 0.42914031389084095 1.3007011331004803
0.6869595765993484 2 0.15166895602667746 0.4583333333333333 0.06944444444444445 1.8996037495834917
0.9950239901849212 3 0.25775175590397653 0.5596816976127321 0.11229000884173299 1.3878085488175183
0.2868339830627061 2 0.025815992515179142 0.5154769425142135 0.5704358812381554 1.280354061144765
0.3783830071663806 4 0.13029730523760955 0.6937062937062937 0.3214452214452214 1.4816707557311157
0.4825755651802941 2 0.1617802197617893 0.5313531353135313 0.07205720572057206 1.6884632796655523
0.562333144621475 2 0.08089010988089465 0.6653005464480874 0.5496357012750456 0.8754345309159548
0.4825755651802941 2 0.10657403385139377 0.5900537634408602 0.3378136200716846 1.4328916114800028
0.562333144621475 2 0.08089010988089465 0.5 0.48484848484848486 1.1327265942949378
0.3707993581140392 3 0.0834594767128598 0.5523012552301255 0.1889655172413793 1.7576153912594927
0.3707993581140392 3 0.09230062261668598 0.5470085470085471 0.17663817663817663 1.6690891974213686
0.7083425777317961 4 0.2983929598447624 0.32018561484918795 0.10402165506573859 2.3564360757905773
0.44705905435569215 3 0.10961847627090766 0.6016540317022743 0.41235929244199404 1.3483441622563737
0.4825755651802941 2 0.1617802197617893 0.7046875 0.5578125 1.0652763711353284
0.3111271548177342 2 0.05156808089583569 0.4125714285714286 0.2826666666666667 1.7561426985301563
0.3707993581140392 3 0.13308998963309382 0.7128874388254486 0.4325720500271887 1.2190122451829641
0.5195778391334851 2 0.18804613155880598 0.5256166982922201 0.2612270714737508 1.6644077854466737
0.4086947250958739 3 0.1528070251342929 0.5727773406766326 0.4731182795698925 1.1602075795155078
0.37676816126100815 2 0.1617802197617893 0.638676844783715 0.44359626802374896 1.252334885639118
0.9868954488573298 4 0.8947419938030284 0.3338068181818182 0.265625 1.8919547251310112
0.7356189397674613 3 0.4530897019197517 0.6470588235294118 0.6134453781512605 1.3477638317682539
0.6210843745575724 2 0.24445997102644776 0.18798955613577023 0.2724107919930374 1.716701239611732
0.5455925739719631 2 0.07583447801333873 0.6672473867595818 0.13530778164924506 1.526222326644146
0.5455925739719631 2 0.07583447801333873 0.6492957746478873 0.19436619718309858 1.5394405740719401
0.4825755651802941 2 0.10657403385139377 0.6648199445983379 0.20683287165281625 1.6501468307615599
0.3707993581140392 3 0.21575700091416744 0.519053876478318 0.34745948313622427 1.6666161645242028
0.37676816126100815 2 0.1617802197617893 0.7681159420289855 0.3843263553408481 1.2605242400649483
0.6019209717449048 3 0.27505264524172723 0.6894977168949772 0.27752409944190765 1.5139072069524457
0.9743117528756828 3 0.6587892018016509 0.9151943462897526 0.25206124852767964 1.4950230305288552
0.7774591319216559 3 0.3080315079686917 0.6399474375821288 0.5234340779675866 1.1291809168801903
0.8486825577339171 3 0.5157237098282386 0.6911764705882353 0.32107843137254904 1.2783429858217683
1.002714264531766 4 0.5700507104145418 0.62 0.4266666666666667 1.3825431084603268
0.4634105588430012 3 0.07828075149763998 0.6054054054054054 0.43453453453453456 1.4518943323412
0.4825755651802941 2 0.10657403385139377 0.5075862068965518 0.17333333333333334 1.8376930017454136
0.7774591319216559 3 0.30103746429434064 0.625585023400936 0.29381175247009883 1.6554206059804029
0.5297041990605473 2 0.09994625777641579 0.562753036437247 0.2285200179937022 1.7184922013971453
0.562333144621475 2 0.4044505494044732 0.35542168674698793 0.20883534136546184 1.224752147051636
0.7902649680839791 3 0.20805250432685318 0.5405405405405406 0.2594594594594595 1.6511204174481189
0.5402021423916775 2 0.2022252747022366 0.7068062827225131 0.581151832460733 1.1816753280809293
0.8313995205030316 3 0.4530897019197516 0.48863636363636365 0.29707792207792205 1.7578108058053137
0.30463409735528807 2 0.07583447801333873 0.4305239179954442 0.14527967603138445 1.8678776692321364
0.465997256964483 2 0.15166895602667746 0.8666666666666667 0.540952380952381 1.16220956920919
0.3336942451402726 3 0.07230154817868377 0.5128900949796472 0.4228855721393035 1.4747838050869628
1.2130035659909044 4 0.49357378066851043 0.8186813186813187 0.7298534798534798 1.1670751464273221
1.2130035659909042 4 1.6745776464066224 0.6056338028169014 0.15211267605633802 1.515583513814825
0.6931451805619453 2 0.17461426501889127 0.4973821989528796 0.20418848167539266 1.5394171139097257
0.6019209717449048 3 0.27505264524172723 0.46544428772919605 0.19746121297602257 1.5625010703736855
0.465997256964483 2 0.15278748189152985 0.10294117647058823 -0.3107843137254902 2.995058286666562
0.47413731306119833 2 0.24267032964268392 0.326271186440678 -0.1016949152542373 1.9020108263332165
0.4825755651802941 2 0.1617802197617893 0.5661764705882353 0.44950980392156864 1.1253675109940178
0.30463409735528807 2 0.04995657836784083 0.6004601226993865 0.2387525562372188 1.4908702516980157
0.562333144621475 2 0.08089010988089465 0.8033057851239669 0.4143250688705234 1.3911319565711846
0.36220855714026556 2 0.15166895602667746 0.7226386806596702 0.5397301349325337 1.156668869262998
0.6779057256561851 3 0.2123857977748836 0.7222222222222222 0.3148148148148148 1.7172602001401653
0.8037391073239946 3 0.28222262277594434 0.375 0.15625 1.8565203400199424
0.9830837585905354 4 0.6022531252953776 0.5037593984962406 0.09649122807017543 1.8053145565806659
0.8305206914932463 3 0.6681971428431527 0.5257731958762887 0.13402061855670103 1.8748970004416727
0.8675602284882113 3 0.236941278696471 1.0 1.0 0.3488754651871375
0.562333144621475 2 0.4074332850440796 0.6811594202898551 0.4975845410628019 1.3642605013944287
0.8548022849731731 4 0.39059475641769825 0.22347066167290885 -0.059092800665834375 2.3128363561471397
0.2868339830627061 2 0.10550883897507997 0.6307385229540918 0.20658682634730538 1.697704408231036
0.6615612381601154 2 0.22837292968155806 0.3416149068322981 0.2505175983436853 1.8528644270451464
-9.999994999180668e-07 1 0.0 0.33714285714285713 0.12571428571428572 1.4181573912147427
1.2130035659909042 4 0.6355587812833221 0.6215469613259669 0.3738489871086556 1.1580470804533634
1.0397177708449181 3 0.34667189948954846 0.3829787234042553 0.16312056737588654 1.5645137745588027
1.4270560433975994 5 0.7923950024698339 0.5824175824175825 0.2688927943760984 1.535767484276632
0.6019209717449048 3 0.21972902038717942 0.523117569352708 0.4007045354469397 1.2294510657086322
1.2440116958164493 5 0.8519682233427566 0.671484888304862 0.49540078843626806 1.5408372439469071
0.465997256964483 2 0.15166895602667746 0.649645390070922 0.375886524822695 1.1881044643650633
0.9830837585905353 4 0.3594753207344351 0.731203007518797 0.46867167919799496 1.3089440018410041
0.562333144621475 2 0.05328701692569689 0.7789904502046384 0.5634379263301501 1.0563664545050802
0.43339687329453824 2 0.11828708275473279 0.4441398217957505 0.28604066712360066 1.7497817264973874
0.7774591319216559 3 0.30103746429434064 0.6979405034324943 0.5736079328756675 1.3104566556473827
0.9347668978659793 3 0.7065072329794854 0.47648902821316613 0.296760710553814 1.8849361359165582
0.6598680138109335 4 0.3349405514220073 0.6777251184834123 0.4660347551342812 1.273121969478287
0.5783222866734842 3 0.23929087004958874 0.37317784256559766 0.3182701652089407 1.4307211173838499
0.9507449270676422 4 0.5096671951876445 0.7332242225859247 0.5051827605019095 1.3529758412152468
0.45055920886990464 2 0.09403591222181804 0.5448717948717948 0.19316239316239317 1.5361201387459238
1.0373873246496352 5 0.6482981924558303 0.5336322869955157 0.43099152964623816 1.4582820007627917
1.0408358374387054 4 0.7362120461475202 0.6144781144781145 0.43097643097643096 1.5011070578949754
0.6885633693268978 4 0.34136233529162646 0.5964432284541724 0.5098039215686274 1.5173794666865046
1.2130035659909044 4 0.5648897897255408 0.42382271468144045 0.1172668513388735 1.8289241220722703
0.562333144621475 2 0.34667189948954846 0.4659090909090909 0.24431818181818182 1.494488219371812
0.5783222866734842 3 0.2578618549141193 0.7204301075268817 0.33512544802867383 1.3097072989873344
0.8037391073239946 3 0.4247715955497671 0.5625 0.3932291666666667 1.5976336574121663
0.5297041990605473 2 0.3033379120533549 0.5787234042553191 0.2 1.6978540610775121
0.4533479617305936 3 0.20464641953164622 0.37552447552447554 0.3675990675990676 2.2116493888733983
0.41011431829249234 2 0.16990863821990684 0.37362637362637363 0.11465201465201465 1.8950058271384371
1.082192530043434 3 0.5456722448392287 0.5177111716621253 0.4087193460490463 1.7602533890407333
0.26176248291638804 2 0.06066758241067098 0.6821086261980831 0.4513667021654242 1.4432927113287206
0.44330369148740506 3 0.11922163754655273 0.6401480111008325 0.46130126426148627 1.2619040309780933
0.35538089625095043 2 0.035686813182747634 0.6831168831168831 0.4103896103896104 1.3090965572280227
0.5339586128086856 3 0.2284408406292811 0.1550632911392405 -0.23628691983122363 2.709956002874247
0.495549978707828 4 0.1702592527974582 0.3273809523809524 0.2585978835978836 2.2967570937274773
0.7029159307848437 3 0.21510744092340103 0.25136612021857924 0.042805100182149364 1.9593884585748713
0.4374919573795919 3 0.1061928988874418 0.18151815181518152 0.12101210121012101 2.8930439441792464
0.6210843745575724 2 0.24445997102644776 0.18556701030927836 -0.12886597938144329 1.7088338590059469
0.48691070946784487 2 0.06066758241067098 0.5125260960334029 0.2874043145441893 1.6383041239924458
0.5366615624993688 3 0.22921053770143937 0.5591531755915318 0.22498962224989622 1.6381049559721415
0.36933112165034665 2 0.037917239006669365 0.45502298095863425 0.29087327642810246 1.4495522350192889
0.2868339830627061 2 0.10550883897507997 0.6529680365296804 0.4964992389649924 1.212970168811432
0.43339687329453824 2 0.11828708275473279 0.5075046904315197 0.2223264540337711 2.0880395731045582
0.8222613373494543 4 0.44165229188327687 0.5123287671232877 0.18310502283105023 1.9807903417126203
0.6816052691015522 5 0.191528349543384 0.5978886756238004 0.29836168872085694 1.7846571864184242
0.394394691467998 3 0.06682959142720978 0.5778501628664495 0.4058631921824104 1.842478883913073
0.8222613373494543 4 0.44165229188327687 0.7786885245901639 0.7185792349726776 1.0505881022243926
0.6580269975809436 4 0.3450993966316501 0.3140223831468071 0.016458196181698487 2.1995416452441305
0.45055920886990464 2 0.05314347196227125 0.4300970873786408 0.18867313915857606 1.8409909461168485
0.3707993581140392 3 0.13308998963309382 0.6769130150425114 0.4950948332243296 1.3279757467157205
0.7356189397674613 3 0.11079843215036253 0.6031957390146472 0.36398467432950193 1.3367873267885577
0.5432666131751871 4 0.2789039410691908 0.13179128563743947 -0.0631163708086785 2.759700481665987
0.4113107786030171 3 0.11500896583422132 0.606405693950178 0.2830367734282325 1.4368404158518386
0.6159875783368298 3 0.28803410340213703 0.5752688172043011 0.37753882915173237 1.851836118220113
0.5010439137754297 3 0.14306596505586328 0.7994428969359332 0.6285979572887651 1.1239024855614204
0.41011431829249234 2 0.12133516482134196 0.5090252707581228 0.29843561973525873 1.6773950857881055
0.7902307553651863 4 0.3772440928322941 0.6543408360128617 0.5509110396570204 1.4810400052664798
0.33259221431728353 2 0.08666797487238712 0.4838963079340141 0.20319455354804922 1.6947656489853997
0.36220855714026556 2 0.09991315673568166 0.4230118443316413 -0.003948110547095319 2.090871008957211
0.8037391073239946 3 0.6371573933246507 0.39915966386554624 0.3473389355742297 1.8427501793197465
0.9002530512753368 3 1.1891243943497458 0.5351351351351351 0.26846846846846845 1.635885319285579
0.8979427248642798 3 0.37757475159979303 0.38144329896907214 0.03951890034364261 2.007585643634296
1.5607054090549066 5 1.130662982055571 0.5071428571428571 0.19404761904761905 1.374470701252122
0.30463409735528807 2 0.07583447801333873 0.8317631224764468 0.7270076267384478 0.7936312061938867
0.9002530512753368 3 0.4068233444117933 0.8928571428571429 0.33539094650205764 1.2538465290928738
0.37676816126100815 2 0.1617802197617893 0.8590078328981723 0.6240208877284595 0.9203873657716741
0.33259221431728353 2 0.08666797487238712 0.6512378902045209 0.3096519555077144 1.57240183677134
0.7774591319216559 3 0.3080315079686917 0.5299600532623169 0.3581890812250333 1.723103761497586
0.5297041990605473 2 0.39978503110566316 0.5034867503486751 0.3100883310088331 1.399039908863996
0.3734753806866975 4 0.08778275911970018 0.8676111382510991 0.7650219833903273 0.8639861817205878
0.5011438424154131 3 0.14111131138797217 0.550561797752809 0.3488139825218477 1.3721496298006728
0.3624980217649752 3 0.12893092745705964 0.37828162291169454 0.5155131264916468 1.5656641734808634
0.4634105588430012 3 0.19075462007448435 0.3912248628884826 0.4192565508836076 1.4415679374743358
0.3707993581140392 3 0.13308998963309382 0.4103225806451613 0.5105376344086021 1.4713604847943884
0.2286298735916434 2 0.07583447801333873 0.7816901408450704 0.6737089201877934 1.0416961071263684
0.2868339830627061 2 0.017006494763520282 0.28503184713375795 0.03821656050955414 2.044279651489376
0.29250646847877726 2 0.04701795611090902 0.6598860862489829 0.6129644697586113 1.0777280133377134
0.9743117528756828 3 0.484054218519636 0.6982758620689655 0.45871559633027525 1.1353691105492987
0.7029159307848437 3 0.13806415027670876 0.794066317626527 0.7230948225712623 1.0235049092526458
0.43494020230381375 4 0.20705264931239026 0.4779516358463727 0.47558084400189665 1.2082511274118517
0.5566439035962066 3 0.2426935105074064 0.5379537953795379 0.4658965896589659 1.3209021478228526
0.45055920886990464 2 0.14274725273099054 0.5924276169265034 0.18930957683741648 1.62339397511763
0.9180419180850247 4 0.6681971428431527 0.42424242424242425 0.1919191919191919 1.751243100595417
0.29250646847877726 2 0.07137362636549527 0.487062404870624 0.1202435312024353 1.756222392638643
0.5573148794913524 4 0.3037259740196148 0.5815068493150685 0.35182648401826483 1.3975691251979618
0.8082669580111548 3 0.6264348214154556 0.6057233704292527 0.40911499735029144 1.5747427063565245
0.5783222866734842 3 0.17883245631982908 0.5308848080133556 0.3361157484696717 1.5812118557917059
0.8486825577339171 3 0.5157237098282386 0.6005291005291006 0.4426807760141093 1.3926171423464948
0.2286298735916434 2 0.07583447801333873 0.718266253869969 0.2982456140350877 1.411004028765148
0.465997256964483 2 0.15166895602667746 0.7657657657657657 0.5385385385385385 0.988956359838259
0.5566439035962066 3 0.19387854740045243 0.8080301129234629 0.4462567963195316 1.2494681879991223
0.6598680138109335 4 0.2850253552072709 0.4251968503937008 0.2152230971128609 1.8290638313370158
0.23378965871499252 2 0.05156808089583569 0.6826666666666666 0.5648888888888889 1.1571640070349778
0.4374919573795919 3 0.06471757044220723 0.4939106901217862 0.2532701849345963 1.9325165108617814
0.36933112165034665 2 0.03819687047288246 0.4622568093385214 0.2801556420233463 1.8048212750569814
0.5010439137754297 3 0.20628948393129543 0.8656716417910447 0.6322553897180763 0.9109083595156293
0.4825755651802941 2 0.1617802197617893 0.5139372822299652 0.23519163763066203 1.2773831115235679
0.7356189397674613 3 0.1617802197617893 0.4927536231884058 0.15942028985507245 1.4994655733636402
0.5455925739719631 2 0.07639374094576493 0.398876404494382 0.10611735330836454 2.021137527826503
0.44705905435569215 3 0.10961847627090766 0.4844290657439446 0.23356401384083045 1.9159720061534937
0.9256979111429664 4 0.7894782298262015 0.571041948579161 0.33198015336039693 1.5138039236444598
0.759291102951306 4 0.5592137461268928 0.7773820124666073 0.705550608489166 0.9850213042570544
0.5851606824956601 4 0.1690333775729602 0.3674832962138085 0.13474387527839643 1.8885036702124547
0.7356189397674613 3 0.19416253536083256 0.7171532846715328 0.3400243309002433 1.1263669479048197
0.5146511654319375 2 0.06740842490074554 0.5462962962962963 0.33487654320987653 1.4603356777910776
0.36220855714026556 2 0.15166895602667746 0.7215686274509804 0.42549019607843136 1.3369281045751558
0.7902307553651863 4 0.2654271977135331 0.44716692189892804 0.35068912710566613 1.8746549044407779
0.7029159307848437 3 0.21510744092340103 0.501358695652174 0.21422101449275363 1.8364617988487333
1.0986092886726095 3 0.48534065928536785 0.644927536231884 0.2028985507246377 1.429902109708928
0.6019209717449048 3 0.27505264524172723 0.37806637806637805 0.1774891774891775 1.590279492726737
0.7998987794511166 4 0.5275240601393311 0.8010810810810811 0.4533333333333333 1.1159071035392139
0.36933112165034665 2 0.024978289183920414 0.6419316843345112 0.44876325088339225 1.2384920577636132
0.43339687329453824 2 0.11828708275473279 0.5809379727685325 0.41477559253656077 1.534987940378076
0.3624980217649752 3 0.08941622815991454 0.5772034459907224 0.43693395184448863 1.2105721857213434
0.6172397697326888 2 0.1011126373511183 0.21706864564007422 -0.4205318491032777 2.675879576112201
0.5004004235413129 2 0.15278748189152985 0.3674863387978142 0.13479052823315119 2.7479756436223197
0.9180419180850247 4 0.6681971428431527 0.10294117647058823 -0.14869281045751634 2.521727770985621
0.4739782656510051 3 0.04121980263300871 0.17799752781211373 0.0004079967360261118 2.5406604710005682
0.5898661618516983 3 0.4247715955497671 0.4366840731070496 0.3072236727589208 1.8031957139479484
0.39245920755453506 4 0.2130338080483401 0.3711374095989481 0.1875958799035722 1.8078624621753943
0.43339687329453824 2 0.07735212134375354 0.7647058823529411 0.7328431372549019 0.7150876295615808
0.44705905435569215 3 0.08053645328781414 0.708502024291498 0.45587044534412957 1.2165298066539747
0.7029159307848437 3 0.3263030542385732 0.48214285714285715 0.3333333333333333 1.4190074299697766
1.14905569698277 4 0.48620405867124994 0.6075581395348837 0.5174418604651163 1.207907503709232
0.30463409735528807 2 0.04995657836784083 0.6778242677824268 0.5348675034867504 1.2908445649656073
0.4634105588430012 3 0.19075462007448435 0.5641361256544503 0.5026178010471204 1.5412025549333679
0.30463409735528807 2 0.07583447801333873 0.46932114882506526 0.438207136640557 1.6134693440366936
0.2457969965926441 3 0.036709212192411 0.37197786192834253 0.28410525293717837 1.9106927164976144
0.36692299127744443 2 0.1011126373511183 0.5554585152838428 0.1671033478893741 1.672067923500606
0.5359580497226601 3 0.23844327509310545 0.2631578947368421 0.10931174089068826 1.842195585209448
0.44330369148740506 3 0.2095067469761013 0.4954128440366973 0.3743119266055046 1.4814500820201169
0.3111271548177342 2 0.10961847627090765 0.688659793814433 0.41214203894616264 1.2698765488260713
0.7335377487880319 4 0.19194535914886518 0.7494279176201373 0.4439359267734554 1.2364161417737383
0.6837359058583963 3 0.3852167897066282 0.3455233291298865 0.15426649852879362 2.2136068512209977
0.36692299127744443 2 0.1011126373511183 0.27854671280276816 0.1245674740484429 1.9385641342878852
0.3872103751907689 2 0.07266411398958667 0.43499511241446726 0.1928967090257413 1.707139539476972
0.342146747995549 4 0.11449627950212964 0.6043956043956044 0.4352510234863176 1.491456801778226
0.3100053008818622 3 0.06534947623842571 0.6308664259927798 0.3805655836341757 1.707476126404643
0.4533479617305936 3 0.06443793897599413 0.45445920303605314 0.1514864010120177 1.754775926525323
0.2286298735916434 2 0.07583447801333873 0.31205211726384363 0.1244299674267101 1.6552698272104795
0.6057954993747123 2 0.14986973510352247 0.6015037593984962 0.3829573934837093 1.388098501855886
0.2771103575239885 3 0.09230062261668598 0.8068264342774146 0.53280077463084 1.1154053571027138
0.6019209717449048 3 0.27505264524172723 0.6556390977443609 0.22155388471177945 1.5660248969564505
0.3624980217649752 3 0.12893092745705964 0.5344070278184481 0.47462176671547096 1.2427010194682542
0.4023555132460272 5 0.09636567616857154 0.3770819453697535 0.16855429713524317 2.055444115849335
0.29543719187841366 2 0.11030469529212907 0.7134146341463414 0.4715447154471545 1.2361696378326308
0.5818746450838639 4 0.22935213060309928 0.5627906976744186 0.33281653746770024 1.5931933940545435
0.31968859811691686 2 0.03055749637830597 0.5899280575539568 0.36330935251798563 1.3474174267600572
0.7774591319216559 3 0.4416522918832768 0.6409574468085106 0.4995567375886525 1.3541831393116741
0.6931451805619453 2 0.17461426501889127 0.7073170731707317 0.735191637630662 1.023208651443151
0.5892760636313863 4 0.15816914112315145 0.5283842794759825 0.28908296943231443 1.4734077649359334
0.9160641370329957 4 0.49044276458633695 0.4392156862745098 0.15294117647058825 2.0430122585768378
0.7595443914838008 3 0.4620472619530376 0.5253863134657837 0.3487858719646799 1.4017052156858445
0.6885633693268978 4 0.3683462462169482 0.380466472303207 0.12147716229348883 1.7798379279339225
1.0609541504576758 4 0.29659409793221697 0.4380704041720991 0.5315080399826162 1.583717561956039
0.36220855714026556 2 0.15166895602667746 0.7265625 0.4192708333333333 1.4235326874590821
0.3707993581140392 3 0.13590862406168658 0.39293598233995586 0.14716703458425312 1.5713724047125242
0.19490668719859305 2 0.03996526269427266 0.3333333333333333 0.4444444444444444 1.4324783161570298
0.4374919573795919 3 0.06289552819058977 0.3559322033898305 0.12429378531073447 1.3255295434016046
0.33259221431728353 2 0.08666797487238712 0.8981348637015782 0.6451458632233381 0.9107854342957528
0.5783222866734842 3 0.2578618549141193 0.7253814147018031 0.502542764678687 1.2105959560047719
0.562333144621475 2 0.08089010988089465 0.7659176029962547 0.5973782771535581 1.0986652559287762
0.6885633693268978 4 0.3040270455544223 0.8118279569892473 0.6272401433691757 0.892173305388878
0.49535588178927903 4 0.18897691760619803 0.47837150127226463 0.2090754877014419 1.5660549001662334
0.465997256964483 2 0.21238579777488356 0.7834890965732088 0.6391484942886813 0.9801292316335605
0.5225104163425978 3 0.15051873214717032 0.5494043447792571 0.41672506423732775 1.5790886400907724
0.8222613373494543 4 0.29659409793221697 0.37329700272479566 0.1298819255222525 1.8256420888089782
0.46924097783688745 3 0.17885119812621775 0.6246246246246246 0.5645645645645646 1.1678475922970688
0.47290644149363237 5 0.20690367844335011 0.41932457786116323 0.26454033771106944 1.778462933206663
0.6238440040368904 4 0.19343093343405454 0.2 0.4666666666666667 2.349038105676658
0.558329910622327 5 0.2982419466189907 0.528023598820059 0.18289085545722714 1.781813369670025
0.9881502243059441 4 0.5438923725651326 0.6270928462709284 0.3333333333333333 1.4331532244953007
0.6546665645411436 3 0.153314945038893 0.2821522309711286 0.20297462817147857 1.7586368665977996
0.6721664337300299 5 0.36696019691984605 0.37417812313209803 0.1079896393703925 1.9256158192984338
0.9368853075459159 3 1.2743147866493014 0.49604221635883905 0.3817062445030783 1.7399943469831642
0.6190946502613333 4 0.4067009062741038 0.3402684563758389 0.0044742729306487695 2.1558405800426232
0.38131348788055064 3 0.0531015962602726 0.34137686302342085 0.14431038561627632 2.175894232350253
0.42905105052599435 4 0.16986626610895264 0.4158178550029958 0.22927900938685838 1.9580045538165338
0.44705905435569215 3 0.10408424560809727 0.5403050108932462 0.3282498184458969 1.6779479984032877
0.1896801364914974 3 0.0789277216509362 0.19480519480519481 0.10714285714285714 2.246828980219726
0.3680449293688967 3 0.06384658399372713 0.6666666666666666 0.6666666666666666 1.0406694893093822
0.4634105588430012 3 0.21124791693589287 0.6575438596491228 0.5878362573099415 1.1477452862260316
0.33300809650848073 3 0.09155375849465809 0.8112522686025408 0.38052026618269813 1.5135830905464775
0.6019209717449048 3 0.27505264524172723 0.5267857142857143 0.36607142857142855 1.5785331847299746
0.26929079611488244 3 0.08595395163803976 0.3866790009250694 0.30126426148627816 1.6178204365346107
0.3707993581140392 3 0.10632049373573198 0.8381795195954488 0.8053097345132744 0.6477792308474732
0.8222613373494543 4 0.26361523520525243 0.49782293178519593 0.20561199806482824 1.8689780710583443
0.6057954993747123 2 0.6371573933246507 0.4296875 0.2916666666666667 1.5484807903353308
0.6057954993747123 2 0.22918122283729478 0.5344827586206896 0.3563218390804598 1.530426601345162
0.8852848344614438 4 0.341820938659298 0.561377245508982 0.32285429141716565 1.6528727105895482
0.8222613373494543 4 0.2766951475448947 0.5176110260336907 0.38437978560490044 1.6956604188532283
0.8852848344614439 4 0.6264348214154556 0.27405247813411077 -0.05830903790087463 2.1206106191503737
0.5783222866734842 3 0.26332295911951775 0.12549019607843137 -0.3115468409586057 2.544052521256452
0.6057954993747123 2 0.2275034340400162 0.25263157894736843 0.17017543859649123 1.4297962194079288
0.7529716827772219 3 0.28222262277594434 0.46814404432132967 0.42843951985226225 1.730998131696193
0.23378965871499252 2 0.07828075149763998 0.4622823984526112 0.23920051579626048 1.4934572720438963
0.37676816126100815 2 0.10550883897507997 0.6497005988023952 0.5958083832335329 1.2536897163794525
0.9649599230141778 3 0.577559077441297 0.2676056338028169 0.0028169014084507044 2.004228009547905
0.5783222866734842 3 0.2059959566129807 0.7033333333333334 0.44333333333333336 1.1037516237181046
0.5908402462780749 2 0.21569997443510097 0.44281045751633985 0.3681917211328976 1.2384567961578543
0.8222613373494543 4 0.28312234422776866 0.1421232876712329 0.19006849315068494 2.0861776382338997
0.5693046781446585 4 0.3132174107077278 0.4035656401944895 0.22717450027012426 1.7713522665103387
0.42532629337715094 2 0.11459061141864739 0.5902731512325117 0.4348212302909172 1.3261487614164582
0.8222613373494543 4 0.28087782306081893 0.5786666666666667 0.43377777777777776 1.4980106465928817
0.9180419180850247 4 0.6681971428431527 0.5985815602836879 0.41040189125295506 1.4785369377434576
0.8852848344614439 4 0.48487405489809354 0.7796610169491526 0.7699757869249395 1.0941022892551087
0.2286298735916434 2 0.07583447801333873 0.613013698630137 0.3627283105022831 1.3150739306045285
0.6869595765993484 2 0.15166895602667746 0.47533632286995514 0.04932735426008968 1.435233287221291
0.6631754532386603 4 0.20223024587697763 0.4229828850855746 0.28117359413202936 1.6767680883495424
0.8034906502381156 5 0.3264580647178656 0.5426179604261796 0.3744292237442922 1.7605349117701778
0.33259221431728353 2 0.08666797487238712 0.88272157564906 0.474783646672635 1.085588440105616
0.6019209717449048 3 0.27505264524172723 0.8449367088607594 0.5938818565400844 1.065676329554564
1.3208843431586554 4 1.334870615716248 0.6811023622047244 0.30446194225721784 1.619626446249551
0.6210843745575724 2 0.24445997102644776 0.5616224648985959 0.3016120644825793 1.4472287777521298
0.9368853075459159 3 0.2588702817688289 0.64 0.30933333333333335 1.1219846590369975
0.8852848344614438 4 0.4308444487029832 0.6564516129032258 0.3827956989247312 1.867791322973053
0.9214904308740949 3 0.6796345528796274 0.3273231622746186 0.077207582061951 2.046016477813015
0.5488723844877506 2 0.1833449782698358 0.6103603603603603 0.487987987987988 1.2711699837630512
0.4113107786030171 3 0.06933437989790969 0.7234617985125085 0.5771917962587334 1.0830092332626826
0.5573148794913524 4 0.3037259740196148 0.2829736211031175 0.14921396216360244 2.3434185507281837
0.8950671356705588 4 0.44583576629660665 0.531416400425985 0.40717074902378414 1.6348458237768817
0.7356189397674613 3 0.13746760314878748 0.6252100840336134 0.3764705882352941 1.2719300476268511
0.562333144621475 2 0.08089010988089465 0.40498034076015726 0.2996941896024465 1.5334390844398582
0.3707993581140392 3 0.10632049373573198 0.7039321511179646 0.26676946800308404 1.5025599025539758
0.4825755651802941 2 0.1617802197617893 0.6825885978428351 0.4447868515665126 1.1982068722628019
0.5442807329860391 3 0.09004183713698398 0.4108040201005025 0.2282244556113903 1.9108107360224644
0.4227070878099124 2 0.12772122612772838 0.6197352587244284 0.3305254713196951 1.3410316650766412
0.7029159307848437 3 0.11079843215036253 0.8295819935691319 0.4231974921630094 1.3440039067263683
0.9743117528756828 3 0.35666143598889116 0.7581120943952803 0.400196656833825 1.1726425340282995
0.31449020128721317 2 0.12133516482134196 0.8689384010484927 0.4705111402359109 1.2806805064065176
0.6336592570052559 4 0.26825915784213733 0.6622516556291391 0.3443708609271523 1.3819640156887893
0.44330369148740506 3 0.11922163754655273 0.7657657657657657 0.5782449115782449 0.9518255831511409
0.8018155525515516 3 0.45842107540287874 0.7024128686327078 0.67828418230563 0.8796377682667507
0.2286298735916434 2 0.07583447801333873 0.8081081081081081 0.627927927927928 0.9361202193909431
0.2286298735916434 2 0.07583447801333873 0.9449064449064449 0.7286902286902287 0.8166838229188768
0.5783222866734842 3 0.2059959566129807 0.93 0.795 0.8430973096060584
0.6615612381601154 2 0.34667189948954846 0.7993197278911565 0.5532879818594104 1.0343112716959504
0.4825755651802941 2 0.1617802197617893 0.7530434782608696 0.48927536231884056 1.1754084225703916
0.7029159307848437 3 0.10986451019358971 0.7009345794392523 0.5887850467289719 0.9939285695562633
0.5195778391334851 2 0.1866694843405261 0.5433526011560693 0.2466281310211946 1.681587722976056
0.6365121682970628 2 0.3033379120533549 0.6918604651162791 0.38953488372093026 1.2560431346653684
0.8599642810436239 3 0.2496630051922238 0.601123595505618 0.37640449438202245 1.4059030563362191
1.153737942712465 4 0.7600676138860557 0.5833333333333334 0.25 1.51362169602129
0.37676816126100815 2 0.1617802197617893 0.6308139534883721 0.20736434108527133 1.6884778886769674
0.4361603253891046 2 0.13481684980149108 0.648686030428769 0.3715998155832181 1.299685386762513
0.37676816126100815 2 0.1617802197617893 0.6123595505617978 0.1348314606741573 1.8081422261672226
0.5115837519891797 3 0.2137027218790049 0.1938061938061938 -0.005994005994005994 2.257617213159375
0.5115837519891797 3 0.2137027218790049 0.1938061938061938 -0.005994005994005994 2.257617213159375
0.4825755651802941 2 0.1617802197617893 0.5963636363636363 0.4915151515151515 1.2237268205312097
0.8647370965378594 3 0.3080315079686917 0.448943661971831 0.2746478873239437 1.8547426763232848
0.6615612381601154 2 0.4854532520568767 0.7275449101796407 0.20658682634730538 2.122218283829366
0.9743117528756828 3 1.6990863821990685 0.5595238095238095 0.20337301587301587 1.904404399735384
0.37676816126100815 2 0.1617802197617893 0.7921092564491654 0.2994436014162873 1.366341144901444
0.6019209717449048 3 0.27505264524172723 0.9191176470588235 0.41911764705882354 1.176453893744735
0.6159875783368298 3 0.1473208491146718 0.7199191102123357 0.3845388188453882 1.261667479325605
0.44330369148740506 3 0.11922163754655273 0.7329842931937173 0.45165794066317627 1.1727086207760464
1.2730243365997507 4 0.9808855291726739 0.4515235457063712 0.04986149584487535 1.9636639498675306
0.9160641370329957 4 0.47781299548841666 0.42467948717948717 0.2077991452991453 1.7723698732309758
0.6615612381601154 2 0.5238427950566737 0.6833333333333333 0.3277777777777778 1.7516398445753847
0.7902307553651863 4 0.3772440928322941 0.29595015576323985 -0.014537902388369679 2.2673664390599626
0.5010439137754297 3 0.16479676529038456 0.34231200897867564 -0.010101010101010102 2.0823648578973604
1.14905569698277 4 0.4752842571482191 0.4065040650406504 0.1915085817524842 1.8801518113746696
0.8979427248642797 3 0.23010691712784792 0.4769585253456221 0.22887864823348694 1.4793039593342732
0.30833569037650993 3 0.10314474196564771 0.5634118967452301 0.3374485596707819 1.4933373911202912
0.5455925739719631 2 0.07583447801333873 0.4174454828660436 0.416926272066459 1.2535367160987343
0.8037391073239946 3 0.4247715955497671 0.36666666666666664 0.027777777777777776 1.8861359120393952
0.6019209717449048 3 0.27505264524172723 0.46511627906976744 0.32170542635658916 1.4191409089269456
0.4825755651802941 2 0.1617802197617893 0.516260162601626 0.33739837398373984 1.332719123981114
0.6019209717449048 3 0.27505264524172723 0.8693181818181818 0.7234848484848485 0.7861203484645221
0.24299573043156286 3 0.06294935768231273 0.5823939881910897 0.1846484165324745 1.7900775974225231
0.37676816126100815 2 0.1617802197617893 0.48739495798319327 0.4474789915966387 1.2337176323797507
0.29843381270932157 2 0.07353646352808604 0.7485988791032826 0.5137443287963704 1.238891763704815
0.6019209717449048 3 0.27505264524172723 0.7240437158469946 0.4198542805100182 1.3467120540462212
0.4045059418236606 4 0.14251267760363545 0.7051696284329564 0.42703284868066776 1.2731436257569642
0.37676816126100815 2 0.1617802197617893 0.7987519500780031 0.3036921476859074 1.5228418799964294
0.6060212027675745 4 0.16517134001663322 0.6778783958602846 0.3835034013605442 1.2518633761775577
0.45055920886990464 2 0.14274725273099054 0.7351778656126482 0.4927536231884058 1.1544830445413243
0.731511108439154 4 0.3323916490354203 0.8262195121951219 0.7672764227642277 0.7944125993982806
0.36933112165034665 2 0.037917239006669365 0.7943327239488117 0.4579524680073126 1.2658645132853852
0.4634105588430012 3 0.06651658216876814 0.5672913117546848 0.2680295286768881 1.7089941147241987
0.9368853075459159 3 0.3120787564902798 0.6543909348441926 0.3408876298394712 1.436164034373942
0.45055920886990464 2 0.14274725273099054 0.771117166212534 0.40099909173478654 1.3459624228582538
0.25731664055136994 2 0.02206093905842581 0.6190949776230731 0.48582794629537546 1.3462292338513488
0.2019329571923369 3 0.04708479008296702 0.6500383729854182 0.4635456638526477 1.2982456311507358
0.7029159307848437 3 0.20019792022001995 0.3463587921847247 0.23031379514505623 1.9330359858699344
0.29543719187841366 2 0.07266411398958667 0.5744274809160306 0.5038167938931297 1.2552061004819095
0.37676816126100815 2 0.1617802197617893 0.7717842323651453 0.5532503457814661 0.9465285541984453
0.45055920886990464 2 0.14274725273099054 0.553939393939394 0.40404040404040403 1.3138631150081774
0.30463409735528807 2 0.07583447801333873 0.6431312356101304 0.47966231772831924 1.3376212364282793
0.7356189397674613 3 0.1617802197617893 0.49727520435967304 0.167574931880109 1.5499815692053953
0.5181832130658008 3 0.23196458414893117 0.4403225806451613 0.41451612903225804 2.132618791309255
0.28139983959812925 2 0.06740842490074554 0.7593386405388854 0.5294958154725454 1.0206075840985993
0.347063825781606 3 0.08415645003286075 0.7598086124401914 0.6494417862838916 0.8633734348855695
0.36933112165034665 2 0.037917239006669365 0.5869565217391305 0.266304347826087 1.4113050046230906
0.9507449270676422 4 0.34348941751442386 0.42778541953232463 0.17514901421366347 2.0307059041283972
0.9180419180850247 4 0.6681971428431527 0.43159609120521175 0.22095548317046687 1.6025546673977602
0.6019209717449048 3 0.28087782306081893 0.8967391304347826 0.625 0.8949469352818933
0.7356189397674613 3 0.13746760314878748 0.739268680445151 0.32485426603073664 1.3232747698287801
0.6019209717449048 3 0.19075462007448435 0.9364791288566243 0.48336358136721114 1.1539962655053648
0.8305206914932463 3 0.6796345528796274 0.5 0.3697916666666667 1.6134480849101795
0.19851324335639875 2 0.062223161446842035 0.7688172043010753 0.503584229390681 1.1601108654913936
0.37676816126100815 2 0.10550883897507997 0.6941176470588235 0.25915032679738564 1.4892617095108522
0.4825755651802941 2 0.1617802197617893 0.7672281776416539 0.37366003062787134 1.193582005519075
0.3624980217649752 3 0.08941622815991454 0.6208082545141874 0.5035826884494125 0.9877117347182526
1.0373873246496352 5 0.39982257819070205 0.5661914460285132 0.43538767395626243 0.9771058231681008
0.6605758876622089 3 0.1858495806078128 0.48847926267281105 0.5453149001536098 1.3172558736977713
0.44705905435569215 3 0.14385189544623503 0.5790393013100437 0.3834061135371179 1.7350405653047154
0.41955289234104554 3 0.1586842184086888 0.7305224564619615 0.3736633058356248 1.2123517332206286
0.9180419180850247 4 0.39330774499627 0.4525316455696203 0.20727848101265822 1.561788940540384
0.937151853082673 4 0.3539029302847108 0.5518453427065027 0.2694786174575278 1.6876919935666308
1.0114012647128516 3 0.4993260103844476 0.5978260869565217 0.30917874396135264 1.5506011019347934
0.7029159307848437 3 0.11079843215036253 0.6180257510729614 0.23543123543123542 1.3848168019160645
0.4361603253891046 2 0.13481684980149108 0.6087470449172577 0.4720252167060678 1.1875629511218313
0.48691070946784487 2 0.03996526269427266 0.3171759747102213 0.09553916403231472 2.141240553901559
0.48510150040801914 3 0.1685801016071819 0.7472194135490394 0.5133131108864173 1.156002121078388
0.3250809733970037 2 0.08429654173325785 0.4322396576319544 0.3668568711364717 1.4811170870728954
0.6060212027675745 4 0.15465597017908086 0.37588028169014087 0.35710093896713613 1.3727323871863033
0.7118995417755891 3 0.3585124015390017 0.4175 0.23027777777777778 1.9292756590493805
0.4141200569230351 4 0.14710986075213983 0.49214659685863876 0.5159249563699826 1.176820509372625
0.6159875783368298 3 0.19632878106152649 0.6443037974683544 0.5831223628691983 1.4911249181968218
0.36692299127744443 2 0.1011126373511183 0.5428082191780822 0.2591324200913242 1.6755283234581615
0.4293210219344571 2 0.05617433182117572 0.2897959183673469 0.11673469387755102 2.4384113342598255
0.6238440040368904 4 0.15671165919097332 0.45072992700729925 0.3765206812652068 1.5311824966255512
0.2509528043654067 2 0.08666797487238712 0.3996789727126806 0.37025147137506687 1.731097672509446
1.002714264531766 4 0.5700507104145418 0.6587926509186351 0.46019247594050744 1.2707250792327327
0.8461407967471423 4 0.6710564953522713 0.491005291005291 0.3001763668430335 1.6416726727594946
0.4710285787473014 4 0.27390061034786584 0.45648232094288305 0.26261710486551826 1.809893933943156
1.1269247948151757 4 1.2201027188223115 0.46972477064220186 0.14067278287461774 1.851156894013634
0.5783222866734842 3 0.23929087004958874 0.5319426336375489 0.297696653628857 1.714346068346503
0.3619430334988224 4 0.06025910884465529 0.7025745257452575 0.279810298102981 1.6423656165234364
0.4825755651802941 2 0.1617802197617893 0.5934640522875817 0.09193899782135076 2.070308954937211
0.7774591319216559 3 0.2730160373128763 0.5626740947075209 0.18198700092850512 1.785398338299396
0.7902307553651863 4 0.2654271977135331 0.7587601078167115 0.5835579514824798 0.9692897019729962
0.6779057256561851 3 0.12579105638117954 0.59375 0.3958333333333333 1.2561981992554827
0.3445952481273678 3 0.043872639302804516 0.5749077490774908 0.21476014760147602 1.7539144879698065
0.6019209717449048 3 0.23601214225005465 0.4520547945205479 0.19315068493150686 2.0237682381586346
0.6698902216239291 3 0.4633871951452005 0.3612204724409449 0.2339238845144357 2.0239573329196605
0.6931451805619453 2 0.17333594974477423 0.8784530386740331 0.712707182320442 1.3795721826051346
0.3707993581140392 3 0.13308998963309382 0.6517739816031537 0.4296977660972405 1.303406777432141
0.21455715518593435 2 0.09403591222181804 0.768944099378882 0.768944099378882 1.0081740325187198
0.7774591319216559 3 0.30103746429434064 0.7415426251691475 0.5299954894000902 1.013262031478862
0.562333144621475 2 0.21314806770278755 0.8131868131868132 0.4015567765567766 1.4378279916202723
0.4634105588430012 3 0.19075462007448435 0.8697421981004071 0.7611940298507462 0.7477562523102276
0.9183393121479937 4 0.3618308337515625 0.6230964467005076 0.46277495769881555 1.493689981998234
0.6019209717449048 3 0.27505264524172723 0.8260292164674635 0.6038069942452412 1.0438775502102484
0.9251260835783115 3 0.3050520462502266 0.5820642978003384 0.359278059785674 1.1025354905832043
0.562333144621475 2 0.08089010988089465 0.505091649694501 0.10047522063815342 1.6039280024523803
0.6019209717449048 3 0.27505264524172723 0.5352941176470588 0.00718954248366013 1.9928813421542133
0.465997256964483 2 0.15166895602667746 0.5718270571827058 0.2928870292887029 1.5305835031388793
0.6829061047025133 2 0.2022252747022366 0.5818181818181818 0.22727272727272727 1.6130095130353996
0.4563314323118595 3 0.2892061927147351 0.631578947368421 0.38596491228070173 1.7184379279705855
0.5586438570154086 4 0.14645290844736245 0.43449959316517495 0.21236777868185516 1.7609207781893241
0.454939753514987 4 0.09569472374733652 0.48130563798219583 0.27497527200791294 1.7503852223559186
1.1187393359986095 4 0.6150663168866746 0.3333333333333333 -0.3333333333333333 0.888888888888889
0.5982675885877072 2 0.09402306577940299 1.0 1.0 0.3496793685588863
0.6390288596608019 3 0.31792436679080727 0.5443037974683544 0.18565400843881857 1.897556109138286
0.40333149660463563 3 0.09439368789994826 0.2 -0.16666666666666666 2.288675134594812
0.6428539131201454 4 0.1570462029399806 0.2 0.26666666666666666 1.9493587371177714
0.44705905435569215 3 0.10961847627090766 0.3294663573085847 0.24980665119876258 1.877296959374024
0.5297041990605473 2 0.071899991478367 1.0 1.0 0.30064126288222853
0.6631754532386603 4 0.31546592277376917 0.9130434782608695 0.717391304347826 1.021555535854209
0.47875033043020265 3 0.07396293764823683 0.34782608695652173 0.37681159420289856 1.6453662596226741
