-9.999994999180668e-07 1 0.0 0.83008356545961 0.4373259052924791 1.17814531534466
-9.999994999180668e-07 1 0.0 0.7906066536203522 0.5322896281800391 0.9739337002948144
-9.999994999180668e-07 1 0.0 0.7706043956043956 0.6277472527472527 0.952933477452123
-9.999994999180668e-07 1 0.0 0.5659340659340659 0.2667887667887668 1.357834882031512
-9.999994999180668e-07 1 0.0 0.7129909365558912 0.47935548841893255 1.0228474087300943
-9.999994999180668e-07 1 0.0 0.8064516129032258 0.7419354838709677 0.7887407062684947
-9.999994999180668e-07 1 0.0 0.7764423076923077 0.34294871794871795 1.5685650796327257
-9.999994999180668e-07 1 0.0 0.5523613963039015 0.3750855578370979 1.330688820627069
-9.999994999180668e-07 1 0.0 0.2656826568265683 -0.007995079950799507 1.843561900361982
-9.999994999180668e-07 1 0.0 0.4549828178694158 0.311340206185567 1.8944988703406913
-9.999994999180668e-07 1 0.0 0.6751724137931034 0.6342528735632184 1.0091346141574908
-9.999994999180668e-07 1 0.0 0.5013054830287206 0.24369016536118362 1.6061327516043231
-9.999994999180668e-07 1 0.0 0.4878048780487805 0.5615563298490128 1.1726697074950083
-9.999994999180668e-07 1 0.0 0.8393987341772152 0.510548523206751 1.203250514937199
-9.999994999180668e-07 1 0.0 0.9191073919107392 0.4281729428172943 1.2862707517531367
-9.999994999180668e-07 1 0.0 0.7517361111111112 0.23726851851851852 1.6935830472929558
-9.999994999180668e-07 1 0.0 0.793400286944046 0.5117168818747011 1.1904076505831953
-9.999994999180668e-07 1 0.0 0.7687763713080169 0.5265822784810127 1.1628410272746776
-9.999994999180668e-07 1 0.0 0.7442218798151001 0.6599897277863379 0.9142837829086342
-9.999994999180668e-07 1 0.0 0.5625 0.4739583333333333 1.2636367577465095
-9.999994999180668e-07 1 0.0 0.8756660746003553 0.5855535820011841 0.9794069896541211
-9.999994999180668e-07 1 0.0 0.23121387283236994 0.3766859344894027 1.830371573771223
-9.999994999180668e-07 1 0.0 0.48295454545454547 0.25946969696969696 1.9820834856866172
-9.999994999180668e-07 1 0.0 0.936 0.6262222222222222 0.9399842397527627
-9.999994999180668e-07 1 0.0 0.8209459459459459 0.455518018018018 1.1617556339888737
-9.999994999180668e-07 1 0.0 0.9545454545454546 0.6666666666666666 0.8879953811300989
-9.999994999180668e-07 1 0.0 0.7657657657657657 0.5345345345345346 1.113660719522111
-9.999994999180668e-07 1 0.0 0.7117117117117117 0.6861861861861862 0.9614605171276193
-9.999994999180668e-07 1 0.0 0.7064220183486238 0.38470948012232414 1.4260643683612615
-9.999994999180668e-07 1 0.0 0.6345177664974619 0.28426395939086296 1.4872282661316922
-9.999994999180668e-07 1 0.0 0.8118466898954704 0.3501742160278746 1.2296273702128748
-9.999994999180668e-07 1 0.0 0.0 -0.21432251416795467 3.316022887818007
-9.999994999180668e-07 1 0.0 0.8900949796472184 0.80958842152872 0.7340617649627935
-9.999994999180668e-07 1 0.0 0.2032520325203252 0.051490514905149054 1.9678103822367676
-9.999994999180668e-07 1 0.0 0.4182415776499589 -0.006847439057792386 1.890623644343104
-9.999994999180668e-07 1 0.0 0.9558823529411765 0.3480392156862745 1.2348110396759364
-9.999994999180668e-07 1 0.0 0.6638418079096046 0.506120527306968 1.0641926334834004
-9.999994999180668e-07 1 0.0 0.50814332247557 0.3630112196887441 1.845945571332241
-9.999994999180668e-07 1 0.0 0.37453183520599254 0.21161048689138576 1.8827546541386126
-9.999994999180668e-07 1 0.0 0.2696629213483146 -0.21722846441947566 2.662413450955881
-9.999994999180668e-07 1 0.0 0.6843033509700176 0.3821281599059377 1.3983589879741896
-9.999994999180668e-07 1 0.0 1.0 1.0 0.43354708762740973
-9.999994999180668e-07 1 0.0 0 0 0
-9.999994999180668e-07 1 0.0 0.6863354037267081 0.4337474120082816 1.1882828890454544
-9.999994999180668e-07 1 0.0 0.5048169556840078 0.3127809890815671 1.386348798650928
-9.999994999180668e-07 1 0.0 0.8741258741258742 0.42424242424242425 1.1525619466557246
-9.999994999180668e-07 1 0.0 0.6042402826855123 0.7102473498233216 1.032788482160825
-9.999994999180668e-07 1 0.0 0.8708133971291866 0.6964380648591175 0.7784132876562089
-9.999994999180668e-07 1 0.0 0.75 0.6074074074074074 1.0431552732912848
-9.999994999180668e-07 1 0.0 0.6649572649572649 0.5168091168091168 1.1385733062237602
-9.999994999180668e-07 1 0.0 0.5950266429840142 0.36767317939609234 1.3738272300914267
-9.999994999180668e-07 1 0.0 0.640203932993445 0.4862830784170915 1.3417543938896073
-9.999994999180668e-07 1 0.0 0.6375198728139905 0.4621091679915209 1.3975739237073292
-9.999994999180668e-07 1 0.0 0.6040848389630793 0.3713013877978528 1.4499455716946985
-9.999994999180668e-07 1 0.0 0.6902485659655831 0.48534098151688976 1.039357840024115
-9.999994999180668e-07 1 0.0 0.6126696832579186 0.3435897435897436 1.4391381956866356
-9.999994999180668e-07 1 0.0 0.7422126745435016 0.6093805943430004 0.9691753762206642
-9.999994999180668e-07 1 0.0 0.8143712574850299 0.5076513639387891 1.112556352354409
-9.999994999180668e-07 1 0.0 0.8168498168498168 0.5388685388685389 1.053585187255761
-9.999994999180668e-07 1 0.0 0.6998535871156661 0.38555392874572963 1.276775673739209
-9.999994999180668e-07 1 0.0 0.42795698924731185 0.33906810035842294 1.504134911808517
-9.999994999180668e-07 1 0.0 0.2002820874471086 0.15749882463563705 2.111925638960368
-9.999994999180668e-07 1 0.0 0.6765498652291105 0.48247978436657685 1.139908553888318
-9.999994999180668e-07 1 0.0 0.7882562277580071 0.5616844602609727 1.0021848774086208
-9.999994999180668e-07 1 0.0 0.6636942675159235 0.6008492569002123 1.421213246507263
-9.999994999180668e-07 1 0.0 0.5619335347432024 0.4425981873111782 2.095647091489127
-9.999994999180668e-07 1 0.0 0.5488331892826275 0.34687409968308847 1.536296215953687
-9.999994999180668e-07 1 0.0 0.6421568627450981 0.41230936819172115 1.4855522730603574
-9.999994999180668e-07 1 0.0 0.6182056319580878 0.44662737393582186 1.42712683997695
-9.999994999180668e-07 1 0.0 0.3784786641929499 0.2937538651824366 1.7952432544632533
-9.999994999180668e-07 1 0.0 0.5725699067909454 0.09764758100310697 1.8794226023459353
-9.999994999180668e-07 1 0.0 0.45790554414784396 0.23887748117727584 1.8447795601815429
-9.999994999180668e-07 1 0.0 0.7818930041152263 0.43712848651120256 1.3060892560900432
-9.999994999180668e-07 1 0.0 0.959114139693356 0.7700170357751278 0.6948739102385408
-9.999994999180668e-07 1 0.0 0.760586319218241 0.762214983713355 0.8162730074477227
-9.999994999180668e-07 1 0.0 0.343586387434555 0.22905759162303665 2.066202219954429
-9.999994999180668e-07 1 0.0 0.5256975036710719 0.23201174743024963 1.6772397069660971
-9.999994999180668e-07 1 0.0 0.38239339752407153 0.2902338376891334 2.082795314740752
-9.999994999180668e-07 1 0.0 0.6801470588235294 0.42953431372549017 1.7883995428519475
-9.999994999180668e-07 1 0.0 0.7955024595924104 0.45186226282501757 1.2554196438182545
-9.999994999180668e-07 1 0.0 0.625 0.2361111111111111 1.5702591256792975
-9.999994999180668e-07 1 0.0 0.6551724137931034 0.2696728558797524 1.4849775587473237
-9.999994999180668e-07 1 0.0 0.48515476942514213 0.5954937881659297 1.2317105604194203
-9.999994999180668e-07 1 0.0 0.7433566433566433 0.38741258741258744 1.4030548807177612
-9.999994999180668e-07 1 0.0 0.6138613861386139 0.21177117711771176 1.6443778192158895
-9.999994999180668e-07 1 0.0 0.8278688524590164 0.5701275045537341 0.9927552500433786
-9.999994999180668e-07 1 0.0 0.5577956989247311 0.3055555555555556 1.5398912017415398
-9.999994999180668e-07 1 0.0 0.5 0.3484848484848485 1.4423692443633027
-9.999994999180668e-07 1 0.0 0.5941422594142259 0.2524407252440725 1.6621553302711
-9.999994999180668e-07 1 0.0 0.6239316239316239 0.25925925925925924 1.5757231861107943
-9.999994999180668e-07 1 0.0 0.3062645011600928 0.09474091260634183 2.4227666030948054
-9.999994999180668e-07 1 0.0 0.5685733976567884 0.4206294509533655 1.4455149721970075
-9.999994999180668e-07 1 0.0 0.7796875 0.6953125 0.9297355368886239
-9.999994999180668e-07 1 0.0 0.4 0.2773333333333333 1.7733155893205894
-9.999994999180668e-07 1 0.0 0.7495921696574225 0.44208809135399674 1.2234640552884555
-9.999994999180668e-07 1 0.0 0.349146110056926 0.20999367488931056 1.9730396660843403
-9.999994999180668e-07 1 0.0 0.5924468922108576 0.5245213742460005 1.159049681925825
-9.999994999180668e-07 1 0.0 0.638676844783715 0.41306191687871074 1.3317633597082612
-9.999994999180668e-07 1 0.0 0.26704545454545453 0.17613636363636365 2.148320784084195
-9.999994999180668e-07 1 0.0 0.6974789915966386 0.7310924369747899 1.1050689606252961
-9.999994999180668e-07 1 0.0 0.2506527415143603 0.2523933855526545 1.8117466586284467
-9.999994999180668e-07 1 0.0 0.7073170731707317 0.062137049941927994 1.5876647468400171
-9.999994999180668e-07 1 0.0 0.6492957746478873 0.15023474178403756 1.4332936626000101
-9.999994999180668e-07 1 0.0 0.6398891966759003 0.21606648199445982 1.7234124458373583
-9.999994999180668e-07 1 0.0 0.4799605781865966 0.34384581690757776 1.748010860997438
-9.999994999180668e-07 1 0.0 0.8454106280193237 0.46162104133118625 1.234420801203385
-9.999994999180668e-07 1 0.0 0.7290715372907154 0.30187721968543885 1.5426505922810512
-9.999994999180668e-07 1 0.0 1.0 0.5465253239104829 1.175113155654941
-9.999994999180668e-07 1 0.0 0.5295663600525624 0.4971528690319755 1.3829259405206191
-9.999994999180668e-07 1 0.0 0.7794117647058824 0.24754901960784315 1.4951840230038733
-9.999994999180668e-07 1 0.0 0.952 0.6786666666666666 0.9369282032302737
-9.999994999180668e-07 1 0.0 0.6783783783783783 0.4762762762762763 1.3964517902859666
-9.999994999180668e-07 1 0.0 0.5406896551724137 0.2 1.8769304178193051
-9.999994999180668e-07 1 0.0 0.516380655226209 0.2698907956318253 1.7815476207130978
-9.999994999180668e-07 1 0.0 0.4493927125506073 0.1763382816014395 1.8538326485483616
-9.999994999180668e-07 1 0.0 0.6445783132530121 0.2389558232931727 1.5457753321547767
-9.999994999180668e-07 1 0.0 0.6666666666666666 0.34114114114114114 1.6474225279341728
-9.999994999180668e-07 1 0.0 0.8324607329842932 0.7731239092495636 0.8380386604235684
-9.999994999180668e-07 1 0.0 0.48863636363636365 0.32305194805194803 1.6371065378305187
-9.999994999180668e-07 1 0.0 0.4085041761579347 0.1569222981523665 1.9351197329523753
-9.999994999180668e-07 1 0.0 0.8628571428571429 0.5231746031746032 1.155133672746359
-9.999994999180668e-07 1 0.0 0.574400723654455 0.5254032865973165 1.2978555662817406
-9.999994999180668e-07 1 0.0 0.8708791208791209 0.7847985347985348 0.7394319024249557
-9.999994999180668e-07 1 0.0 0.3183098591549296 -0.30140845070422534 2.524309192139654
-9.999994999180668e-07 1 0.0 0.3717277486910995 0.24607329842931938 1.92870417711642
-9.999994999180668e-07 1 0.0 0.6657263751763046 0.44287729196050774 1.1370478412512284
-9.999994999180668e-07 1 0.0 0.10294117647058823 -0.35784313725490197 3.131738119520382
-9.999994999180668e-07 1 0.0 0.5042372881355932 0.00423728813559322 1.9268592283879535
-9.999994999180668e-07 1 0.0 0.5838235294117647 0.5906862745098039 1.09645537270307
-9.999994999180668e-07 1 0.0 0.5544478527607362 0.19887525562372188 1.5097264305846103
-9.999994999180668e-07 1 0.0 0.8727272727272727 0.4027548209366391 1.4199242857550631
-9.999994999180668e-07 1 0.0 0.775112443778111 0.5257371314342829 1.2059248584868756
-9.999994999180668e-07 1 0.0 0.8888888888888888 0.48148148148148145 1.3685541442342026
-9.999994999180668e-07 1 0.0 0.375 0.16666666666666666 2.0064401821596705
-9.999994999180668e-07 1 0.0 0.22932330827067668 -0.07769423558897243 2.3784881876907766
-9.999994999180668e-07 1 0.0 0.4587628865979381 0.18213058419243985 1.948656799806406
-9.999994999180668e-07 1 0.0 1.0 1.0 0.3488754651871375
-9.999994999180668e-07 1 0.0 0.4927536231884058 0.36231884057971014 1.790807226145972
-9.999994999180668e-07 1 0.0 0.1198501872659176 -0.0986267166042447 2.597540909825832
-9.999994999180668e-07 1 0.0 0.5958083832335329 0.11610113107119095 1.8293719380498887
-9.999994999180668e-07 1 0.0 0.2546583850931677 0.22567287784679088 2.115075726644611
-9.999994999180668e-07 1 0.0 0.5885714285714285 0.20761904761904762 1.5930017440615003
-9.999994999180668e-07 1 0.0 0.38950276243093923 0.212707182320442 1.8379957403282265
-9.999994999180668e-07 1 0.0 0.5957446808510638 0.5673758865248227 1.6416460039702774
-9.999994999180668e-07 1 0.0 0.489010989010989 0.10256410256410256 1.949100002810374
-9.999994999180668e-07 1 0.0 0.5865257595772787 0.4852487890797006 1.2884356439169042
-9.999994999180668e-07 1 0.0 0.8922470433639947 0.6425755584756899 1.0251730244120265
-9.999994999180668e-07 1 0.0 0.6170212765957447 0.37163120567375885 1.3118734808993477
-9.999994999180668e-07 1 0.0 0.8515037593984962 0.7255639097744361 0.8993806658721065
-9.999994999180668e-07 1 0.0 0.7871759890859482 0.6016371077762619 1.050101818699212
-9.999994999180668e-07 1 0.0 0.46675805346127486 0.2874114690427233 1.7773862438021113
-9.999994999180668e-07 1 0.0 0.5331807780320366 0.5049580472921434 1.2906692086976563
-9.999994999180668e-07 1 0.0 0.45454545454545453 0.3730407523510972 1.6650308821069875
-9.999994999180668e-07 1 0.0 0.7883096366508688 0.5323854660347551 1.2155203285774399
-9.999994999180668e-07 1 0.0 0.5335276967930029 0.4334305150631681 1.4156032044185467
-9.999994999180668e-07 1 0.0 0.6366612111292962 0.46372067648663395 1.3850140041404597
-9.999994999180668e-07 1 0.0 0.5653846153846154 0.17863247863247864 1.628260179410279
-9.999994999180668e-07 1 0.0 0.5351270553064275 0.46736422521175885 1.4629521885848857
-9.999994999180668e-07 1 0.0 0.5841750841750841 0.5347923681257014 1.3093342787913125
-9.999994999180668e-07 1 0.0 0.6621067031463749 0.5590515275877793 1.4449023639320115
-9.999994999180668e-07 1 0.0 0.45706371191135736 0.25761772853185594 1.8559288625320085
-9.999994999180668e-07 1 0.0 0.5284090909090909 0.4659090909090909 1.3408924847011507
-9.999994999180668e-07 1 0.0 0.7939068100358423 0.3225806451612903 1.2469356253228199
-9.999994999180668e-07 1 0.0 0.625 0.4140625 1.307189012597794
-9.999994999180668e-07 1 0.0 0.5063829787234042 0.0014184397163120568 1.9418643062280618
-9.999994999180668e-07 1 0.0 0.37552447552447554 0.3787878787878788 2.158360222131414
-9.999994999180668e-07 1 0.0 0.37362637362637363 0.19377289377289378 2.1639153415834422
-9.999994999180668e-07 1 0.0 0.5149863760217984 0.3651226158038147 1.936623064519286
-9.999994999180668e-07 1 0.0 0.6437699680511182 0.41302804401845933 1.4694645085036995
-9.999994999180668e-07 1 0.0 0.6012950971322849 0.4372494603761949 1.4348255880828846
-9.999994999180668e-07 1 0.0 0.7227272727272728 0.45216450216450216 1.2952247462628559
-9.999994999180668e-07 1 0.0 0.1962025316455696 -0.189873417721519 2.5882544554492
-9.999994999180668e-07 1 0.0 0.30158730158730157 0.2976190476190476 2.271884279471799
-9.999994999180668e-07 1 0.0 0.18579234972677597 -0.11020036429872496 2.4824092942093046
-9.999994999180668e-07 1 0.0 0.26732673267326734 0.20902090209020902 2.6237461980340497
-9.999994999180668e-07 1 0.0 0.4896907216494845 -0.00859106529209622 2.0770386219330397
-9.999994999180668e-07 1 0.0 0.5375782881002088 0.2585247042449548 1.734698205062001
-9.999994999180668e-07 1 0.0 0.5217932752179327 0.28725612287256125 1.6725511004775504
-9.999994999180668e-07 1 0.0 0.4819435325016415 0.36944626833005034 1.4571393238382828
-9.999994999180668e-07 1 0.0 0.6831050228310502 0.5044140030441401 1.2046888484560656
-9.999994999180668e-07 1 0.0 0.5187617260787992 0.2298311444652908 2.069148864498745
-9.999994999180668e-07 1 0.0 0.5780821917808219 0.2273972602739726 1.8532950450459034
-9.999994999180668e-07 1 0.0 0.5057581573896354 0.1801023672424824 1.9584440193167443
-9.999994999180668e-07 1 0.0 0.6403908794788273 0.45798045602605864 1.7442044528483058
-9.999994999180668e-07 1 0.0 0.8866120218579235 0.8515482695810564 0.7404543339852259
-9.999994999180668e-07 1 0.0 0.24292297564186965 -0.052666227781435156 2.4263656648941634
-9.999994999180668e-07 1 0.0 0.5 0.23915857605177993 1.8561440482086802
-9.999994999180668e-07 1 0.0 0.6847612818835841 0.5291039895356442 1.333207924609769
-9.999994999180668e-07 1 0.0 0.62982689747004 0.39014647137150466 1.395537499280689
-9.999994999180668e-07 1 0.0 0.1689080150618612 -0.038192576654115115 2.856357187002586
-9.999994999180668e-07 1 0.0 0.606405693950178 0.2830367734282325 1.4475352766643856
-9.999994999180668e-07 1 0.0 0.543010752688172 0.38799283154121866 1.9745661928288845
-9.999994999180668e-07 1 0.0 0.8662952646239555 0.7771587743732591 0.680444335925893
-9.999994999180668e-07 1 0.0 0.5379061371841155 0.32731648616125153 1.8381282017708425
-9.999994999180668e-07 1 0.0 0.6157556270096463 0.5123258306538049 1.6878090676504034
-9.999994999180668e-07 1 0.0 0.4838963079340141 0.15998952605394082 1.8479189764600958
-9.999994999180668e-07 1 0.0 0.4433164128595601 -0.03666102650874224 2.1670239914086866
-9.999994999180668e-07 1 0.0 0.39915966386554624 0.24929971988795518 2.1480673771102494
-9.999994999180668e-07 1 0.0 0.5540540540540541 0.4135135135135135 1.3800026163853854
-9.999994999180668e-07 1 0.0 0.31958762886597936 0.03951890034364261 2.1113871661796377
-9.999994999180668e-07 1 0.0 0.325 0.21785714285714286 1.9389156888093604
-9.999994999180668e-07 1 0.0 0.8324360699865411 0.743606998654105 0.6982918137657769
-9.999994999180668e-07 1 0.0 0.948051948051948 0.3203463203463203 1.241785341940322
-9.999994999180668e-07 1 0.0 0.8903394255874674 0.6344647519582245 0.8380984349664639
-9.999994999180668e-07 1 0.0 0.7373519913885899 0.44599928238249015 1.325502342216427
-9.999994999180668e-07 1 0.0 0.5619174434087882 0.374167776298269 1.673600546402726
-9.999994999180668e-07 1 0.0 0.3737796373779637 0.2496513249651325 1.6118079365701141
-9.999994999180668e-07 1 0.0 0.8891060087933561 0.8151766813222602 0.6927988485178262
-9.999994999180668e-07 1 0.0 0.5153558052434457 0.34581772784019976 1.4545329298029508
-9.999994999180668e-07 1 0.0 0.418854415274463 0.5513126491646778 1.479310585002259
-9.999994999180668e-07 1 0.0 0.56672760511883 0.5947592931139549 1.2378647823697493
-9.999994999180668e-07 1 0.0 0.4270967741935484 0.5591397849462365 1.4770282719536534
-9.999994999180668e-07 1 0.0 0.7816901408450704 0.6737089201877934 1.0416961071263684
-9.999994999180668e-07 1 0.0 0.28503184713375795 0.01910828025477707 2.1082862636274435
-9.999994999180668e-07 1 0.0 0.6696501220504475 0.6324925413615405 1.0696995602919093
-9.999994999180668e-07 1 0.0 0.632183908045977 0.5603448275862069 1.15902027400317
-9.999994999180668e-07 1 0.0 0.8324607329842932 0.7207678883071553 0.8474427289879215
-9.999994999180668e-07 1 0.0 0.4694167852062589 0.5225225225225225 1.211973029401239
-9.999994999180668e-07 1 0.0 0.7095709570957096 0.7007700770077008 1.0285472544400296
-9.999994999180668e-07 1 0.0 0.5167037861915368 0.27245731254639943 1.7529144662944207
-9.999994999180668e-07 1 0.0 0.36363636363636365 0.21212121212121213 1.8633448805080748
-9.999994999180668e-07 1 0.0 0.487062404870624 0.1141552511415525 1.7738101190790219
-9.999994999180668e-07 1 0.0 0.5739726027397261 0.3735159817351598 1.4564790769862204
-9.999994999180668e-07 1 0.0 0.6232114467408585 0.3857975622681505 1.6612412143823787
-9.999994999180668e-07 1 0.0 0.5208681135225376 0.3478018920422927 1.663967487139281
-9.999994999180668e-07 1 0.0 0.8465608465608465 0.6781305114638448 0.9613010822917074
-9.999994999180668e-07 1 0.0 0.7623839009287926 0.3253353973168215 1.4100537538729008
-9.999994999180668e-07 1 0.0 0.7477477477477478 0.6086086086086087 1.0209362525424597
-9.999994999180668e-07 1 0.0 0.8808030112923463 0.49393559180259305 1.2137848445958905
-9.999994999180668e-07 1 0.0 0.4251968503937008 0.2388451443569554 1.8200911691663015
-9.999994999180668e-07 1 0.0 0.6826666666666666 0.5857777777777777 1.2374892506025839
-9.999994999180668e-07 1 0.0 0.4776725304465494 0.2153811456923771 2.026232008644101
-9.999994999180668e-07 1 0.0 0.4622568093385214 0.2801556420233463 1.848218451558431
-9.999994999180668e-07 1 0.0 0.835820895522388 0.6467661691542289 0.8589995131775803
-9.999994999180668e-07 1 0.0 0.6515679442508711 0.3983739837398374 1.2538885902570815
-9.999994999180668e-07 1 0.0 0.6213768115942029 0.2530193236714976 1.4065095076719514
-9.999994999180668e-07 1 0.0 0.49625468164794007 0.07116104868913857 2.0501457320526577
-9.999994999180668e-07 1 0.0 0.4740484429065744 0.2577854671280277 1.8508158572990896
-9.999994999180668e-07 1 0.0 0.46414073071718537 0.3053676138926477 1.7133195611784
-9.999994999180668e-07 1 0.0 0.9269813000890472 0.8800831107153458 0.5079589897942366
-9.999994999180668e-07 1 0.0 0.30178173719376394 0.06792873051224944 1.9337686740503013
-9.999994999180668e-07 1 0.0 0.7755474452554745 0.3655717761557178 1.1464399406055472
-9.999994999180668e-07 1 0.0 0.6851851851851852 0.4609053497942387 1.340109640420878
-9.999994999180668e-07 1 0.0 0.7784313725490196 0.48366013071895425 1.266325445715683
-9.999994999180668e-07 1 0.0 0.44869831546707506 0.35324144971924454 1.8835795289949404
-9.999994999180668e-07 1 0.0 0.4361413043478261 0.2078804347826087 1.9173824071592427
-9.999994999180668e-07 1 0.0 0.7318840579710145 0.5543478260869565 1.219678975391821
-9.999994999180668e-07 1 0.0 0.4906204906204906 0.3564213564213564 1.5702846782093471
-9.999994999180668e-07 1 0.0 0.654054054054054 0.33441441441441444 1.4815186529266566
-9.999994999180668e-07 1 0.0 0.6419316843345112 0.4711425206124853 1.2520487349641227
-9.999994999180668e-07 1 0.0 0.5363086232980333 0.37065052950075644 1.5642813992600166
-9.999994999180668e-07 1 0.0 0.6408217362491716 0.43693395184448863 1.23125832906738
-9.999994999180668e-07 1 0.0 0.21706864564007422 -0.5658627087198516 2.961603738072218
-9.999994999180668e-07 1 0.0 0.3674863387978142 0.13479052823315119 2.7479756436223197
-9.999994999180668e-07 1 0.0 0.14705882352941177 -0.05827886710239651 2.5732814321368336
-9.999994999180668e-07 1 0.0 0.20024721878862795 0.02018953440461475 2.5406604710005682
-9.999994999180668e-07 1 0.0 0.48368146214099217 0.3703220191470844 1.694347161034019
-9.999994999180668e-07 1 0.0 0.3435239973701512 0.16392724085031776 1.9192188507085772
-9.999994999180668e-07 1 0.0 1.0 0.8897058823529411 0.5543787585281228
-9.999994999180668e-07 1 0.0 0.6696356275303643 0.42672064777327934 1.2989195140985381
-9.999994999180668e-07 1 0.0 0.4642857142857143 0.3392857142857143 1.4677940515335064
-9.999994999180668e-07 1 0.0 0.625 0.5687984496124031 1.1961556854625632
-9.999994999180668e-07 1 0.0 0.7112970711297071 0.5609019060901906 1.2453225904013285
-9.999994999180668e-07 1 0.0 0.5641361256544503 0.5235602094240838 1.3953574949304772
-9.999994999180668e-07 1 0.0 0.46932114882506526 0.469538729329852 1.4594725761162282
-9.999994999180668e-07 1 0.0 0.37197786192834253 0.29808719293135255 1.8203120355985134
-9.999994999180668e-07 1 0.0 0.5641921397379913 0.1304221251819505 1.7751547447487845
-9.999994999180668e-07 1 0.0 0.21862348178137653 0.17408906882591094 2.061671791556145
-9.999994999180668e-07 1 0.0 0.5614678899082569 0.48073394495412847 1.3801245189662934
-9.999994999180668e-07 1 0.0 0.7134020618556701 0.4561282932416953 1.2735261698043552
-9.999994999180668e-07 1 0.0 0.7425629290617849 0.463768115942029 1.1587521761041257
-9.999994999180668e-07 1 0.0 0.3240857503152585 0.1353509878100042 2.471403405316034
-9.999994999180668e-07 1 0.0 0.2984429065743945 0.24884659746251442 2.0406069753147618
-9.999994999180668e-07 1 0.0 0.43499511241446726 0.20821114369501467 1.7378517430811193
-9.999994999180668e-07 1 0.0 0.6425339366515838 0.4968756733462616 1.4761942187580779
-9.999994999180668e-07 1 0.0 0.6195848375451264 0.3963598074608905 1.6918976518853721
-9.999994999180668e-07 1 0.0 0.4089184060721063 0.1514864010120177 1.8110305203156845
-9.999994999180668e-07 1 0.0 0.3745928338762215 0.1973941368078176 1.5934774808362702
-9.999994999180668e-07 1 0.0 0.6255639097744361 0.3744360902255639 1.4425779672591323
-9.999994999180668e-07 1 0.0 0.8198983297022513 0.5255386105059308 1.1300339653376077
-9.999994999180668e-07 1 0.0 0.6917293233082706 0.3558897243107769 1.4252746182486158
-9.999994999180668e-07 1 0.0 0.5468521229868228 0.5185456320156173 1.2855808360799754
-9.999994999180668e-07 1 0.0 0.3810792804796802 0.14990006662225183 2.0580675816544707
-9.999994999180668e-07 1 0.0 0.6829268292682927 0.266260162601626 1.503533336897719
-9.999994999180668e-07 1 0.0 0.5720930232558139 0.33901808785529713 1.5299614410455102
-9.999994999180668e-07 1 0.0 0.6187050359712231 0.3932853717026379 1.3474174267600567
-9.999994999180668e-07 1 0.0 0.6090425531914894 0.48359929078014185 1.4324884288773956
-9.999994999180668e-07 1 0.0 0.5818815331010453 0.7212543554006968 0.8936723638604336
-9.999994999180668e-07 1 0.0 0.5685589519650655 0.34934497816593885 1.5023610350005334
-9.999994999180668e-07 1 0.0 0.5163398692810458 0.2357298474945534 1.8964432402206384
-9.999994999180668e-07 1 0.0 0.6313465783664459 0.4915378955114054 1.245809332958694
-9.999994999180668e-07 1 0.0 0.3629737609329446 0.1564625850340136 1.8020944136371748
-9.999994999180668e-07 1 0.0 0.7183833116036505 0.7183833116036505 1.076627503345925
-9.999994999180668e-07 1 0.0 0.7265625 0.3880208333333333 1.2699369527884234
-9.999994999180668e-07 1 0.0 0.39293598233995586 0.094186902133922 1.5433979005863658
-9.999994999180668e-07 1 0.0 0.3333333333333333 0.4444444444444444 1.4324783161570298
-9.999994999180668e-07 1 0.0 0.7966101694915254 0.6610169491525424 1.0426446029162002
-9.999994999180668e-07 1 0.0 0.9325681492109039 0.6905786704925873 0.7438942295268687
-9.999994999180668e-07 1 0.0 0.7253814147018031 0.5607951918631531 1.1826575461026234
-9.999994999180668e-07 1 0.0 0.8220973782771536 0.6903870162297129 0.9100594983083139
-9.999994999180668e-07 1 0.0 0.8118279569892473 0.6057347670250897 0.9341294751592726
-9.999994999180668e-07 1 0.0 0.37150127226463103 0.1734520780322307 1.8209090392241771
-9.999994999180668e-07 1 0.0 1.0 1.0 0.3006412628822299
-9.999994999180668e-07 1 0.0 0.49964961457603363 0.41976173791170285 1.6448885381631881
-9.999994999180668e-07 1 0.0 0.24795640326975477 0.14305177111716622 1.9633561608790702
0.11924492641625754 2 0.044666442053599605 0.6276276276276276 0.5665665665665666 1.164245914407826
-9.999994999180668e-07 1 0.0 0.48592870544090055 0.3317698561601001 1.6253914014167776
-9.999994999180668e-07 1 0.0 0.2 0.4666666666666667 2.349038105676658
-9.999994999180668e-07 1 0.0 0.4365781710914454 0.10062274664044575 1.9222612067549485
-9.999994999180668e-07 1 0.0 0.4885844748858447 0.3373921867072552 1.780131505380351
-9.999994999180668e-07 1 0.0 0.25065616797900264 0.20778652668416447 1.8590271849861582
-9.999994999180668e-07 1 0.0 0.3532576210400478 0.1163578402072126 1.8514911556207623
-9.999994999180668e-07 1 0.0 0.2770448548812665 0.01759014951627089 2.149050144883588
-9.999994999180668e-07 1 0.0 0.37986577181208053 0.08299776286353468 2.1320227420977256
-9.999994999180668e-07 1 0.0 0.34137686302342085 0.14431038561627632 2.175894232350253
-9.999994999180668e-07 1 0.0 0.37267825044937086 0.21250249650489314 2.138142327624556
-9.999994999180668e-07 1 0.0 0.4880174291938998 0.3137254901960784 1.7206104050248552
-9.999994999180668e-07 1 0.0 0.19480519480519481 0.10714285714285714 2.246828980219726
0.11251393414115086 2 0.04139816580577524 0.6666666666666666 0.6666666666666666 1.0406694893093822
-9.999994999180668e-07 1 0.0 0.7221052631578947 0.6390643274853801 1.0320928013370545
-9.999994999180668e-07 1 0.0 0.7894736842105263 0.3799153055051422 1.5148226780272256
-9.999994999180668e-07 1 0.0 0.625 0.4642857142857143 1.455769162986029
-9.999994999180668e-07 1 0.0 0.3866790009250694 0.30126426148627816 1.6178204365346107
-9.999994999180668e-07 1 0.0 0.8381795195954488 0.8053097345132744 0.6477792308474732
-9.999994999180668e-07 1 0.0 0.5079825834542816 0.2312530237058539 1.876064241506835
-9.999994999180668e-07 1 0.0 0.359375 0.328125 1.5478013433632787
-9.999994999180668e-07 1 0.0 0.4827586206896552 0.3448275862068966 1.5838417084374599
-9.999994999180668e-07 1 0.0 0.5688622754491018 0.3413173652694611 1.637806997887145
-9.999994999180668e-07 1 0.0 0.5068912710566615 0.42368555385400714 1.6423325697509907
-9.999994999180668e-07 1 0.0 0.22886297376093295 -0.08357628765792031 2.2471469629367333
-9.999994999180668e-07 1 0.0 0.25098039215686274 -0.2906318082788671 2.501196822314198
-9.999994999180668e-07 1 0.0 0.5 0.5 1.0245190528383263
-9.999994999180668e-07 1 0.0 0.5249307479224377 0.48799630655586335 1.5168028393193922
-9.999994999180668e-07 1 0.0 0.5183752417794971 0.32495164410058025 1.4836456996499905
-9.999994999180668e-07 1 0.0 0.6497005988023952 0.5958083832335329 1.2536897163794525
-9.999994999180668e-07 1 0.0 0.2676056338028169 0.0 2.41439584598059
-9.999994999180668e-07 1 0.0 0.7233333333333334 0.43 1.1295951206608577
-9.999994999180668e-07 1 0.0 0.23366013071895425 0.2995642701525055 1.592811918371471
-9.999994999180668e-07 1 0.0 0.20376712328767124 0.2243150684931507 2.048776399620499
-9.999994999180668e-07 1 0.0 0.4319286871961102 0.2782279848730416 1.6446355950445144
-9.999994999180668e-07 1 0.0 0.654230512991339 0.4881190317566067 1.1775401756620119
-9.999994999180668e-07 1 0.0 0.5466666666666666 0.4262222222222222 1.4361542401323377
-9.999994999180668e-07 1 0.0 0.5134751773049645 0.3479905437352246 1.60223806135129
-9.999994999180668e-07 1 0.0 1.0 1.0 0.34967936855888543
-9.999994999180668e-07 1 0.0 0.6823630136986302 0.3975456621004566 1.3031762811616057
-9.999994999180668e-07 1 0.0 0.6636771300448431 0.273542600896861 1.4707801274795673
-9.999994999180668e-07 1 0.0 0.33618581907090467 0.24857375713121435 1.8175070124487283
-9.999994999180668e-07 1 0.0 0.5692541856925418 0.3949771689497717 1.8474964068434225
-9.999994999180668e-07 1 0.0 0.9149507609668756 0.4891077290361086 1.057103273867821
-9.999994999180668e-07 1 0.0 0.8449367088607594 0.6350210970464135 0.9176048334945326
-9.999994999180668e-07 1 0.0 0.5511811023622047 0.2125984251968504 1.6874001910519723
-9.999994999180668e-07 1 0.0 0.592823712948518 0.3468538741549662 1.5100602765783286
-9.999994999180668e-07 1 0.0 0.408 0.168 1.9426742137827406
-9.999994999180668e-07 1 0.0 0.8016129032258065 0.4827956989247312 1.639758889885786
-9.999994999180668e-07 1 0.0 0.31484049930651875 0.0545538603791031 2.151019611546216
-9.999994999180668e-07 1 0.0 0.6351351351351351 0.527027027027027 1.3060582293863996
-9.999994999180668e-07 1 0.0 0.6930358350236646 0.572684246112238 1.1328577475574206
-9.999994999180668e-07 1 0.0 0.302158273381295 0.226751931787903 2.3570069926711437
-9.999994999180668e-07 1 0.0 0.582534611288605 0.4852680156194533 1.32075785577518
-9.999994999180668e-07 1 0.0 0.746218487394958 0.4773109243697479 1.1795782360373375
-9.999994999180668e-07 1 0.0 0.3577981651376147 0.22629969418960244 1.7183300369558798
-9.999994999180668e-07 1 0.0 0.6861989205859677 0.23952711385248007 1.5548598400020597
-9.999994999180668e-07 1 0.0 0.7519260400616333 0.5156651258346173 1.208283373596331
-9.999994999180668e-07 1 0.0 0.36683417085427134 0.1884422110552764 2.018088686066334
-9.999994999180668e-07 1 0.0 0.6353790613718412 0.23906939430405133 1.5126604214227615
-9.999994999180668e-07 1 0.0 0.8745980707395499 0.3665594855305466 1.431406699890494
-9.999994999180668e-07 1 0.0 0.9646017699115044 0.5575221238938053 1.2543510597416112
-9.999994999180668e-07 1 0.0 0.9134993446920052 0.4600262123197903 1.2811708816244998
-9.999994999180668e-07 1 0.0 0.6847682119205298 0.33774834437086093 1.3995602466252306
-9.999994999180668e-07 1 0.0 0.7777777777777778 0.5862529195862529 1.0062056260458654
-9.999994999180668e-07 1 0.0 0.5442359249329759 0.5397676496872207 1.0948639630510189
-9.999994999180668e-07 1 0.0 0.8405405405405405 0.6636636636636637 0.8808094387660445
-9.999994999180668e-07 1 0.0 0.9875259875259875 0.7574497574497574 0.7920722118273457
-9.999994999180668e-07 1 0.0 0.93 0.8333333333333334 0.7451323375728468
-9.999994999180668e-07 1 0.0 0.9387755102040817 0.6235827664399093 0.8798917261157663
-9.999994999180668e-07 1 0.0 0.7234782608695652 0.47884057971014493 1.0885797530546333
-9.999994999180668e-07 1 0.0 0.7258566978193146 0.5420560747663551 1.139188448362335
-9.999994999180668e-07 1 0.0 0.661849710982659 0.3236994219653179 1.6630029824780441
-9.999994999180668e-07 1 0.0 0.7965116279069767 0.3817829457364341 1.232481745809218
-9.999994999180668e-07 1 0.0 0.7303370786516854 0.550561797752809 1.1059511141111862
-9.999994999180668e-07 1 0.0 0.6666666666666666 0.16666666666666666 1.6497862457059171
-9.999994999180668e-07 1 0.0 0.6642441860465116 0.22335271317829458 1.7200519824713312
-9.999994999180668e-07 1 0.0 0.7773167358229599 0.46426924850161366 1.2647223420569011
-9.999994999180668e-07 1 0.0 0.6123595505617978 0.17103620474406991 1.6301936097198189
-9.999994999180668e-07 1 0.0 0.12287712287712288 -0.029304029304029304 2.4237891531829465
-9.999994999180668e-07 1 0.0 0.12287712287712288 -0.029304029304029304 2.4237891531829465
-9.999994999180668e-07 1 0.0 0.6581818181818182 0.5157575757575757 1.1284043767113587
-9.999994999180668e-07 1 0.0 0.528169014084507 0.46830985915492956 1.597711159009298
-9.999994999180668e-07 1 0.0 0.8802395209580839 0.6107784431137725 1.083804477604596
-9.999994999180668e-07 1 0.0 0.6994047619047619 0.3244047619047619 1.8595923326816846
-9.999994999180668e-07 1 0.0 0.7754172989377845 0.22812341932220537 1.4384386875288442
-9.999994999180668e-07 1 0.0 0.9852941176470589 0.5424836601307189 1.0042634032073796
-9.999994999180668e-07 1 0.0 0.7087967644084934 0.358948432760364 1.3545263467089617
-9.999994999180668e-07 1 0.0 0.7832460732984293 0.4342059336823735 1.188085302410189
-9.999994999180668e-07 1 0.0 0.4376731301939058 0.24469067405355494 1.9396236492171053
-9.999994999180668e-07 1 0.0 0.32371794871794873 0.22115384615384615 1.887796738137677
-9.999994999180668e-07 1 0.0 0.4666666666666667 0.26666666666666666 2.035630163949433
-9.999994999180668e-07 1 0.0 0.3894080996884735 0.1142263759086189 2.2651373189952952
-9.999994999180668e-07 1 0.0 0.3939393939393939 -0.05873550317994763 2.1459458175994985
-9.999994999180668e-07 1 0.0 0.3875338753387534 0.14272809394760613 1.8869396009955606
-9.999994999180668e-07 1 0.0 0.6175115207373272 0.16897081413210446 1.8049523115729817
-9.999994999180668e-07 1 0.0 0.5303030303030303 0.34249906472128694 1.488801353953162
-9.999994999180668e-07 1 0.0 0.34890965732087226 0.37279335410176534 1.3901337461506862
-9.999994999180668e-07 1 0.0 0.16666666666666666 -0.06666666666666667 2.2239741849974717
-9.999994999180668e-07 1 0.0 0.5348837209302325 0.28294573643410853 1.655038759689911
-9.999994999180668e-07 1 0.0 0.6666666666666666 0.4078590785907859 1.337802170992004
-9.999994999180668e-07 1 0.0 1.0 0.8863636363636364 0.6152609615126056
-9.999994999180668e-07 1 0.0 0.5823939881910897 0.1846484165324745 1.8555427204644266
-9.999994999180668e-07 1 0.0 0.5714285714285714 0.49369747899159666 1.2303522721862543
-9.999994999180668e-07 1 0.0 0.7710168134507606 0.5393648251934882 1.2044650938348227
-9.999994999180668e-07 1 0.0 0.6584699453551912 0.2996357012750455 1.4700026432620206
-9.999994999180668e-07 1 0.0 0.6954765751211631 0.37318255250403876 1.3606918637408627
-9.999994999180668e-07 1 0.0 0.8736349453978159 0.3536141445657826 1.4245059658048687
-9.999994999180668e-07 1 0.0 0.6946959896507116 0.44933160845191894 1.2789800497853954
-9.999994999180668e-07 1 0.0 0.8142292490118577 0.575318401405358 1.0920467035780106
-9.999994999180668e-07 1 0.0 0.8262195121951219 0.7672764227642277 0.744306104513318
-9.999994999180668e-07 1 0.0 0.8043875685557587 0.4250457038391225 1.3254465043628256
-9.999994999180668e-07 1 0.0 0.6073253833049403 0.24559909142532652 1.7737178682903483
-9.999994999180668e-07 1 0.0 0.6543909348441926 0.3182247403210576 1.4438521427407307
-9.999994999180668e-07 1 0.0 0.8555858310626703 0.47411444141689374 1.3092416069504065
-9.999994999180668e-07 1 0.0 0.6424664346096469 0.4883142715067131 1.3218314315910982
-9.999994999180668e-07 1 0.0 0.6500383729854182 0.494116142235866 1.30542662579788
-9.999994999180668e-07 1 0.0 0.2824156305506217 0.18058022498519835 2.016576520500116
-9.999994999180668e-07 1 0.0 0.6545801526717557 0.5610687022900763 1.2075328903415783
-9.999994999180668e-07 1 0.0 0.8699861687413555 0.6454587367450438 0.8616115880938289
-9.999994999180668e-07 1 0.0 0.6703030303030303 0.5058585858585859 1.2276347043859865
-9.999994999180668e-07 1 0.0 0.6983883346124329 0.5533384497313891 1.2315396411532546
-9.999994999180668e-07 1 0.0 0.6607629427792916 0.39645776566757496 1.4167670529728513
-9.999994999180668e-07 1 0.0 0.43870967741935485 0.4129032258064516 2.016195962966459
-9.999994999180668e-07 1 0.0 0.8242498469075321 0.5968565013268013 0.9675314984796188
-9.999994999180668e-07 1 0.0 0.7473684210526316 0.6708133971291866 0.7645976323921524
-9.999994999180668e-07 1 0.0 0.5760869565217391 0.22705314009661837 1.4291132057443263
-9.999994999180668e-07 1 0.0 0.4442916093535076 0.218707015130674 2.0601350189752172
-9.999994999180668e-07 1 0.0 0.18729641693811075 0.021715526601520086 2.0594565976320895
-9.999994999180668e-07 1 0.0 0.875 0.5917874396135265 0.9338321640524082
-9.999994999180668e-07 1 0.0 0.8251192368839427 0.2888182299947006 1.4386001265306236
-9.999994999180668e-07 1 0.0 0.9582577132486388 0.4960677555958863 1.0558734005251993
-9.999994999180668e-07 1 0.0 0.66015625 0.6080729166666666 1.1361740475174689
-9.999994999180668e-07 1 0.0 0.7974910394265233 0.548984468339307 1.1131329585909264
-9.999994999180668e-07 1 0.0 0.7049019607843138 0.35490196078431374 1.4768771444740865
-9.999994999180668e-07 1 0.0 0.9295558958652373 0.46911689637570186 1.1473651966607838
-9.999994999180668e-07 1 0.0 0.6870163370593293 0.5732301519059902 0.9618678152133856
-9.999994999180668e-07 1 0.0 0.7128309572301426 0.6496945010183299 0.8213992950951211
-9.999994999180668e-07 1 0.0 0.5161290322580645 0.5883256528417818 1.1589757468898554
-9.999994999180668e-07 1 0.0 0.5685589519650655 0.4096069868995633 1.674335249827553
-9.999994999180668e-07 1 0.0 0.7525206232813932 0.4026886648334861 1.1417718417007148
-9.999994999180668e-07 1 0.0 0.3813291139240506 0.19567510548523206 1.7135243345475104
-9.999994999180668e-07 1 0.0 0.4446397188049209 0.13005272407732865 1.9101104112482432
-9.999994999180668e-07 1 0.0 0.7898550724637681 0.4867149758454106 1.0918095344166114
-9.999994999180668e-07 1 0.0 0.7195994277539342 0.39914163090128757 1.2005791530420928
-9.999994999180668e-07 1 0.0 0.7316784869976359 0.6107171000788022 1.0937757408071398
-9.999994999180668e-07 1 0.0 0.34141201264488935 0.1095890410958904 2.2373775394329614
-9.999994999180668e-07 1 0.0 0.723963599595551 0.4661274014155713 1.256710016865283
-9.999994999180668e-07 1 0.0 0.4657631954350927 0.3777936281502615 1.4822219644663879
-9.999994999180668e-07 1 0.0 0.3336267605633803 0.3911384976525822 1.3671956226907314
-9.999994999180668e-07 1 0.0 0.4866666666666667 0.3055555555555556 1.65415592754969
-9.999994999180668e-07 1 0.0 0.4607329842931937 0.5026178010471204 1.2827425121469749
-9.999994999180668e-07 1 0.0 0.5759493670886076 0.5755274261603376 1.3947970452843406
-9.999994999180668e-07 1 0.0 0.5539383561643836 0.2773972602739726 1.6874883753857577
-9.999994999180668e-07 1 0.0 0.3289795918367347 0.1439455782312925 2.291946927116802
-9.999994999180668e-07 1 0.0 0.5237226277372263 0.45924574209245744 1.324281065960574
-9.999994999180668e-07 1 0.0 0.4044943820224719 0.38469769930444087 1.816254267827687
-9.999994999180668e-07 1 0.0 0.7532808398950132 0.2755905511811024 1.5511751629267654
-9.999994999180668e-07 1 0.0 0.5280423280423281 0.37142857142857144 1.6278614394327804
-9.999994999180668e-07 1 0.0 0.4134179510426111 0.2126019945602901 1.9894295727712614
-9.999994999180668e-07 1 0.0 0.4972477064220184 0.26666666666666666 1.772184060928043
-9.999994999180668e-07 1 0.0 0.5632333767926988 0.28205128205128205 1.9060453134531383
-9.999994999180668e-07 1 0.0 0.6944444444444444 0.27439024390243905 1.6312308398823336
-9.999994999180668e-07 1 0.0 0.5934640522875817 0.18518518518518517 1.8689948068372815
-9.999994999180668e-07 1 0.0 0.5626740947075209 0.1991643454038997 1.6302094443687427
-9.999994999180668e-07 1 0.0 0.7008086253369272 0.633423180592992 0.9482929186925501
-9.999994999180668e-07 1 0.0 0.75 0.6145833333333334 0.9705879462654621
-9.999994999180668e-07 1 0.0 0.5749077490774908 0.21476014760147602 1.7539144879698065
-9.999994999180668e-07 1 0.0 0.4849315068493151 0.27442922374429224 2.1340338571097934
-9.999994999180668e-07 1 0.0 0.5374015748031497 0.39829396325459315 1.5867424512334642
-9.999994999180668e-07 1 0.0 0.8784530386740331 0.8784530386740331 0.5649207721972151
-9.999994999180668e-07 1 0.0 0.6557161629434954 0.39947437582128775 1.3421243879645166
-9.999994999180668e-07 1 0.0 0.768944099378882 0.768944099378882 0.9708416612351716
-9.999994999180668e-07 1 0.0 0.6914749661705006 0.5723951285520974 1.0681061454426102
-9.999994999180668e-07 1 0.0 0.8021978021978022 0.41620879120879123 1.4203820897112056
-9.999994999180668e-07 1 0.0 0.8914518317503393 0.7792853912256897 0.7672416011668582
-9.999994999180668e-07 1 0.0 0.6535532994923858 0.47419627749576987 1.35661885206367
-9.999994999180668e-07 1 0.0 0.8579017264276229 0.5931828242585214 0.9915194813626999
-9.999994999180668e-07 1 0.0 0.6632825719120136 0.34743372814438805 1.3774084757687506
-9.999994999180668e-07 1 0.0 0.49287169042769857 0.2668024439918534 1.669771084787198
-9.999994999180668e-07 1 0.0 0.7176470588235294 0.2934640522875817 1.702707328314598
-9.999994999180668e-07 1 0.0 0.6220362622036262 0.3700604370060437 1.41416868457321
-9.999994999180668e-07 1 0.0 0.8303030303030303 0.5595959595959596 1.1878555439954428
-9.999994999180668e-07 1 0.0 0.9473684210526315 0.9122807017543859 0.48279364713099737
-9.999994999180668e-07 1 0.0 0.4532139951179821 0.22511526986710062 1.6880548348043876
-9.999994999180668e-07 1 0.0 0.47062314540059347 0.2880316518298714 1.7825803032496639
-9.999994999180668e-07 1 0.0 0.3333333333333333 0.2222222222222222 2.02179471363407
0.41011431829249234 2 0.1958451690042444 1.0 1.0 0.3496793685588863
-9.999994999180668e-07 1 0.0 0.5443037974683544 0.15611814345991562 1.9892525260478566
-9.999994999180668e-07 1 0.0 0.3 0.06666666666666667 1.9748396842794425
-9.999994999180668e-07 1 0.0 0.3 0.3333333333333333 1.7944549265501055
-9.999994999180668e-07 1 0.0 0.4408352668213457 0.4725444702242846 1.3552671560704135
-9.999994999180668e-07 1 0.0 1.0 1.0 0.30064126288222853
-9.999994999180668e-07 1 0.0 0.41304347826086957 0.391304347826087 2.084907804986902
-9.999994999180668e-07 1 0.0 0.34782608695652173 0.47101449275362317 1.80393644731963
