-9.999994999180668e-07 1 0.0 0.83008356545961 0.4373259052924791 1.17814531534466
-9.999994999180668e-07 1 0.0 0.8140900195694716 0.30919765166340507 1.427675387359567
0.6779057256561851 3 0.1713048049915854 0.625 0.5581501831501832 0.8533504326101229
0.8392665558008312 3 0.2022252747022366 0.6648351648351648 0.3669108669108669 1.0268429905755163
0.562333144621475 2 0.5200078492343227 0.8549848942598187 0.622356495468278 0.8138766283225706
-9.999994999180668e-07 1 0.0 0.8064516129032258 0.7419354838709677 0.7887407062684947
0.562333144621475 2 0.3235604395235786 0.8028846153846154 0.5576923076923077 1.2275851598089942
1.0549171679911442 3 0.45985863638091923 0.8418891170431212 0.6208076659822039 0.9165593252673985
1.594478796372009 8 0.43568135387271634 0.7306273062730627 0.6199261992619927 0.9610817411357621
1.389125212253012 6 0.4334675146484634 0.7085910652920963 0.4733104238258877 1.4997963725884627
1.0770172486799863 5 0.2700537175799079 0.8310344827586207 0.6942528735632184 1.2766839966160055
0.8674946326814362 3 0.4322688395104146 0.8668407310704961 0.7262837249782419 0.9335526981539297
1.0368233468392005 3 0.4398892318148998 0.8327526132404182 0.5383275261324042 1.1102646411610582
0.6554797739035534 2 0.1137517170200081 0.625 0.292457805907173 1.4623140495639246
0.68531220727849 2 0.4853406592853679 0.603905160390516 0.4188749418874942 1.1725152113170496
0.22371607607486488 2 0.09547032697824667 0.703125 0.22337962962962962 1.5904806487704608
1.023925799644203 3 0.2845601407678208 0.8206599713055954 0.5848876135820181 0.975585973833223
0.9354327742433544 3 0.24268264447706772 0.7586497890295358 0.5158931082981716 1.17377262052845
1.0947772260124813 3 0.4207073863207083 0.7812018489984591 0.5130970724191063 1.1887014580074524
0.5011438424154131 3 0.0856524024957927 0.796875 0.6458333333333334 1.0558509127804394
-9.999994999180668e-07 1 0.0 0.8756660746003553 0.5855535820011841 0.9794069896541211
0.6837359058583963 3 0.2588702817688289 0.8121387283236994 0.5481695568400771 0.966454474667403
1.2341063432959554 5 0.5985998364351626 0.7840909090909091 0.6008522727272727 1.5179234538983903
0.23378965871499252 2 0.1617802197617893 0.9213333333333333 0.6386666666666667 0.9172117290979999
-9.999994999180668e-07 1 0.0 0.8209459459459459 0.455518018018018 1.1617556339888737
0.6829061047025133 2 0.28000422651078916 0.6136363636363636 0.5151515151515151 0.8902777310484423
0.37676816126100815 2 0.06408926200600258 0.8648648648648649 0.49942857142857144 1.0604891725641332
-9.999994999180668e-07 1 0.0 0.7117117117117117 0.6861861861861862 0.9614605171276193
1.1034289096530807 4 0.4692151806025598 0.8311926605504587 0.4776758409785933 1.5170662830208357
0.562333144621475 2 0.4633871951452006 0.8324873096446701 0.44839255499153974 1.4299106672188282
0.23378965871499252 2 0.08089010988089465 0.8519163763066202 0.4372822299651568 1.1285606792869909
0.708685028227737 3 0.13450403343328565 0.6043276661514683 0.11276948590381426 2.052650950891187
0.9840835030884701 3 0.15287178829049336 0.8032564450474898 0.6652751423149905 1.2262145281637993
0.6434895530215068 2 0.08987112370630716 0.4715447154471545 0.19241192411924118 0.7821137208411205
0.4596910199720059 2 0.028546616210194758 0.666392769104355 0.31306491372226786 0.9763459866077088
-9.999994999180668e-07 1 0.0 0.9558823529411765 0.3480392156862745 1.2348110396759364
-9.999994999180668e-07 1 0.0 0.326271186440678 0.09180790960451977 1.6985444522063653
0.931440178172213 3 0.0609106545338421 0.6080347448425625 0.4505971769815418 1.5021335323799558
-9.999994999180668e-07 1 0.0 0.795880149812734 0.42134831460674155 1.4940447175081528
-9.999994999180668e-07 1 0.0 0.2696629213483146 -0.21722846441947566 2.5013252025186574
0.8028157820456696 3 0.13841002598479019 0.3783068783068783 0.01969429747207525 1.0653770198665464
1.7001589424372459 6 0.5498456246094271 1.0 0.7 1.0528312163512972
0.9743117528756828 3 0.5501052904834545 0 0 0
0.5799131714206577 2 0.08666797487238712 0.5481366459627329 0.458592132505176 1.0746454205386
0.6870890273903714 3 0.20750193078806412 0.8747591522157996 0.5472061657032755 1.1095288400422452
-9.999994999180668e-07 1 0.0 0.8741258741258742 0.41025641025641024 1.243038426632492
0.6931451805619453 2 0.17333594974477423 0.9187279151943463 0.8539458186101295 0.6895679973263948
0.37676816126100815 2 0.08089010988089465 0.23444976076555024 0.020202020202020204 1.4092507068475075
0.6615612381601154 2 0.34667189948954846 0.9333333333333333 0.7074074074074074 0.6752333141695258
1.2123098802805643 4 0.42196354853605034 0.6478632478632479 0.4256410256410256 1.129675626839833
0.6210843745575724 2 0.20367003088692623 0.7460035523978685 0.5968028419182948 1.1077154951020747
1.0892677228922862 4 0.3532944904211958 0.6860888565185724 0.5506190823015294 1.2094518988395824
1.2919020073540448 4 0.239722000757024 0.6089030206677265 0.4621091679915209 1.4918785599942226
0.20619005064325946 2 0.06558657557910377 0.6747839748625295 0.465566902330453 1.3341153240247534
0.8688104128049416 3 0.14875885201972763 0.8116634799235182 0.6389420012746972 1.064274862467857
0.8753614152741767 3 0.18502196516800007 0.9565610859728507 0.7054298642533937 0.7522442788969769
0.9558495133393369 3 0.1330899896330938 0.8002148227712137 0.45936269244539923 1.3294532156913346
0.6519478373883025 3 0.15392096233699218 0.9011976047904192 0.5671989354624085 0.8990083465894786
0.17320320676169862 2 0.10550883897507997 0.8095238095238095 0.5942205942205943 0.9924894773161281
0.6615612381601154 2 0.08089010988089465 0.6603221083455344 0.36847242557345045 1.2866114303342016
0.9238377056376721 3 0.4398892318148998 0.7677419354838709 0.45663082437275987 1.100187706829232
0.9214904308740949 3 0.3963947697077066 0.6840620592383639 0.4513399153737659 1.1342316949286335
-9.999994999180668e-07 1 0.0 0.6765498652291105 0.48247978436657685 1.139908553888318
0.9586888593311804 3 0.25158211276235914 0.7882562277580071 0.536773428232503 1.0318887475770224
0.20619005064325946 2 0.0679055475073466 0.6318471337579618 0.40084925690021234 1.5534241421510246
0.6914140776191252 2 0.07583447801333873 0.8716012084592145 0.5468277945619335 1.7960314536612518
-9.999994999180668e-07 1 0.0 0.8072601555747623 0.48163353500432154 1.5487439955736113
0.68531220727849 2 0.4853406592853679 0.8382352941176471 0.6595860566448801 1.0752106880553125
0.6615612381601154 2 0.16357720184832653 0.8055009823182712 0.5974678017900021 1.1265693974918214
-9.999994999180668e-07 1 0.0 0.601113172541744 0.4236239950525665 1.0451524463341053
0.6581079875452631 2 0.1887873757998965 0.6178428761651131 0.26453617399023527 1.6054659584740585
0.6931451805619453 2 0.3055050463303894 0.9034907597535934 0.7221081451060917 0.6050651969749856
0.3983051138095297 2 0.1155572998298495 0.8285322359396433 0.4673068129858253 1.2063236059441909
-9.999994999180668e-07 1 0.0 0.959114139693356 0.7700170357751278 0.6948739102385408
0.8647370965378594 3 0.4368328650035165 0.8501628664495114 0.6921824104234527 0.9289266366250689
1.4166503824376673 5 0.46762527533227777 0.875 0.7397469458987783 0.8139711921411417
0.6210843745575724 2 0.08089010988089465 0.7312775330396476 0.3935389133627019 1.1773265167384217
1.3208843431586554 4 0.4414418865713661 0.6258596973865199 0.37505731315910135 1.6823788179609882
0.6881368137156086 2 0.13344455940258215 0.6783088235294118 0.4730392156862745 1.5665921344893732
1.0528746127252744 3 0.2640940079846938 0.8067463106113844 0.5244788006558914 1.132901212935771
0.848682557733917 3 0.6673926658549161 0.75 0.4583333333333333 1.2972000418203604
1.14905569698277 4 0.6003613658871474 0.8461538461538461 0.5738284703801945 1.2083551650796749
0.9181463956650635 3 0.40276302150915905 0.7384712571067593 0.5731732996420299 0.9386816342485238
1.0918354213446193 3 0.36055003474628133 0.8916083916083916 0.6123543123543124 1.2529756858547856
0.8305206914932463 3 0.6148699216815409 0.7772277227722773 0.5016501650165016 1.4007030719061884
0.8313995205030316 3 0.4368328650035166 0.9357923497267759 0.7604735883424408 0.7993247597205034
1.3704983899271759 4 0.43017467761088723 0.7795698924731183 0.4175627240143369 1.0932977335632452
1.3421217227574136 4 0.379896191020534 0.8321678321678322 0.5594405594405595 0.970565784742241
1.0397177708449181 3 0.42370845485222347 0.899581589958159 0.8270571827057183 0.7938932893651631
1.0585045732421394 3 0.2777703514748548 0.9487179487179487 0.811965811965812 0.8437139417078307
1.3195414632584204 4 0.44813864270500625 0.6473317865429234 0.46597061098221193 1.4644307518950737
0.9832709442526746 3 0.1533024277851832 0.6960716747070985 0.5522628072593614 1.3397875905140049
0.23378965871499252 2 0.10183501544346311 0.3671875 -0.21458333333333332 2.0917506589373387
1.750770937017543 7 0.34302608767526005 0.7097142857142857 0.47085714285714286 1.2664879281299086
0.5941280227273119 2 0.029689646412730607 0.5766721044045677 0.249010989010989 1.2942921304209056
1.1973361340098452 4 0.41056767251361875 0.7115749525616698 0.5635673624288425 1.3122436678185816
0.6829061047025133 2 0.4493894993383037 0.7600314712824547 0.5447154471544715 1.1023127000313646
0.6210843745575724 2 0.08495431910995345 0.7608142493638677 0.361323155216285 1.1617095453972641
0.6615612381601154 2 0.05657749326789283 0.5980113636363636 0.46448863636363635 1.5458642683687354
0.6210843745575724 2 0.5916042133514476 0.453781512605042 0.20448179271708683 1.4034645427853492
0.562333144621475 2 0.05657749326789283 0.6266318537859008 0.4186248912097476 1.0376841062712618
0.22371607607486488 2 0.07583447801333873 0.5313588850174216 0.4024390243902439 1.2326057789353386
0.22371607607486488 2 0.04995657836784083 0.6492957746478873 0.3173708920187793 1.4088344718904857
0.6019209717449048 3 0.23315370927883747 0.7714681440443213 0.35743334839584273 1.397422309382167
1.4369332627818583 6 0.30580518613575963 0.8708935611038108 0.6003105590062112 1.4099369899351053
0.23378965871499252 2 0.20367003088692623 0.6714975845410628 0.3977455716586151 0.8652729943692333
-9.999994999180668e-07 1 0.0 0.6133942161339422 0.16641298833079654 1.6956449445257096
0.6615612381601154 2 0.34667189948954846 0.8551236749116607 0.3309776207302709 1.4208252662952299
0.6931451805619453 2 0.08089010988089465 0.6254927726675427 0.3123083661848445 1.8518938415471642
-9.999994999180668e-07 1 0.0 0.6948529411764706 0.2757352941176471 1.4833627351025054
0.3488300958480944 2 0.05607810425525226 0.952 0.6632124352331606 0.8042727895054057
0.8305206914932463 3 0.4227414822614676 0.8027027027027027 0.5597597597597598 1.2350952617338473
0.7029159307848437 3 0.3941440845858165 0.6772413793103448 0.327816091954023 1.3869971154200584
0.4825755651802941 2 0.05657749326789283 0.641185647425897 0.3234529381175247 1.3871784379147158
1.0608539471628964 3 0.23260167812228152 0.8070175438596491 0.394961763382816 1.6122726828854508
0.562333144621475 2 0.4044505494044732 0.927710843373494 0.6164658634538153 1.1290926314626646
1.230927623059839 4 0.3699969385053696 0.7081081081081081 0.46606606606606604 1.3780458334408896
0.7902649680839791 3 0.2427031692010407 0.8534031413612565 0.682955206515416 0.9319082439123121
0.8305206914932463 3 0.23601214225005462 0.8457792207792207 0.7429653679653679 1.2238012724255354
1.4166760979787827 5 0.530559663678046 0.7357630979498861 0.5401164262212098 1.1703094470660862
0.8738974142762149 3 0.1628971291038238 0.4990476190476191 0.06857142857142857 2.1089705617599477
-9.999994999180668e-07 1 0.0 0.8575305291723202 0.777174732398613 1.3163596305609597
-9.999994999180668e-07 1 0.0 0.8708791208791209 0.7847985347985348 0.9988094560263228
0.6615612381601154 2 0.17150126533486584 0.8591549295774648 0.21840873634945399 1.4560129676691684
0.9002530512753368 3 0.5821820018384869 0.7486910994764397 0.581151832460733 1.1871768908791875
-9.999994999180668e-07 1 0.0 0.3342736248236953 0.2689233662435355 2.5106395564188153
-9.999994999180668e-07 1 0.0 0.8970588235294118 0.5509803921568628 0.6395154258395209
0.30463409735528807 2 0.15275252316519466 0.6991525423728814 0.3601694915254237 1.0127357532187145
0.8647370965378594 3 0.4368328650035166 0.8602941176470589 0.7676470588235295 0.8793323171154197
1.325338877051337 4 0.5353595587931465 0.8006134969325154 0.5040899795501023 1.090017044092125
-9.999994999180668e-07 1 0.0 0.9619834710743802 0.3888429752066116 1.2958263851080456
-9.999994999180668e-07 1 0.0 0.775112443778111 0.5257371314342829 1.2059248584868756
0.465997256964483 2 0.05304139993864953 0.8888888888888888 0.5185185185185185 1.5045405653404273
1.2056937720254832 4 0.41404902364057206 0.625 0.4322916666666667 1.6409354189501197
-9.999994999180668e-07 1 0.0 0.5112781954887218 0.13533834586466165 2.18918807839575
0.6210843745575724 2 0.10183501544346311 0.7680412371134021 0.3539518900343643 1.349942185916663
0.7214606867021781 3 0.3856242670467598 1.0 0.47596153846153844 2.14254648235124
-9.999994999180668e-07 1 0.0 0.6666666666666666 0.45893719806763283 1.7451968737252472
0.5566439035962066 3 0.12013478071749983 0.7465667915106118 0.26176470588235295 1.423012725386796
1.3169911845752362 4 0.4018213590631845 0.6776447105788423 0.3669328010645376 1.3118533270562531
1.082192530043434 3 0.35354623485619463 0.5962732919254659 0.2489451476793249 1.7261051575979571
-9.999994999180668e-07 1 0.0 0.64 0.16714285714285715 1.4259348695037874
0.37676816126100815 2 0.12123748557405607 0.585635359116022 0.24033149171270718 1.3333430592382567
0.562333144621475 2 0.18110333061779008 0.6382978723404256 0.375886524822695 1.503279912174295
0.6837359058583963 3 0.3213284674049014 0.7747252747252747 0.36338028169014086 1.5372445688196361
-9.999994999180668e-07 1 0.0 0.5865257595772787 0.4852487890797006 1.2884356439169042
-9.999994999180668e-07 1 0.0 0.9224704336399474 0.662724485326325 1.21218945411435
1.0283911667196848 3 0.8190616218815936 0.8312056737588652 0.6368794326241135 0.8589832882720885
-9.999994999180668e-07 1 0.0 1.0 0.6343984962406015 1.5449337480397962
-9.999994999180668e-07 1 0.0 0.5839017735334243 0.09777171441564347 1.4771873177347732
0.7774591319216559 3 0.054752412839896285 0.5044551062371487 0.27393191683801693 1.769656156713717
-9.999994999180668e-07 1 0.0 0.9862700228832952 0.5148741418764302 1.3641880169333054
0.6890072384786752 2 0.16990863821990684 0.5391849529780565 0.4096133751306165 1.379813694360545
0.6057954993747123 2 0.15166895602667746 0.7693522906793049 0.4286466561348078 1.1934518599337829
0.7529716827772218 3 0.1664318386651092 0.7536443148688047 0.5009718172983479 0.8105567563670567
0.4634105588430012 3 0.14109238088952822 0.7937806873977087 0.21003818876159303 1.8895091475794312
0.5908402462780749 2 0.0706181680790624 0.6576923076923077 0.14631650750341063 1.5454905755032662
0.9002530512753368 3 0.13806415027670876 0.7488789237668162 0.6223218734429496 1.4261981418463003
-9.999994999180668e-07 1 0.0 0.5841750841750841 0.5347923681257014 1.3093342787913125
0.6210843745575724 2 0.4225744381081769 0.8221614227086184 0.640218878248974 1.0322374181411864
0.6615612381601154 2 0.16823783785222096 0.739612188365651 0.3591874422899354 1.741963086693441
0.6931451805619453 2 0.7281798780853153 0.875 0.4441287878787879 0.9584533598417742
-9.999994999180668e-07 1 0.0 0.7939068100358423 0.3225806451612903 1.2469356253228199
0.846362829637054 3 0.4349227078516362 1.0 0.8828125 0.6362171050908195
0.6365121682970628 2 0.19094065395649334 0.8978723404255319 0.7446808510638298 0.9294085024072067
0.9782756923975616 4 0.44367190321460664 0.7034965034965035 0.6139860139860139 1.3777931093362938
0.9285815074457138 3 0.16990863821990687 0.7406593406593407 0.452014652014652 1.228513603773653
0.562333144621475 2 0.24496795854682318 0.7384196185286104 0.8038147138964578 1.2330467744431854
0.7820381023098844 3 0.6553478161803452 0.8248136315228967 0.5896343627973021 0.9364379084855745
0.16794214774719357 2 0.14159053184992237 0.6456984273820536 0.507554733271662 1.343805879622748
1.1519427206414672 5 0.5528333655554382 0.9538961038961039 0.6580976863753213 0.9215724498279022
1.672744893526697 6 0.2714297634400443 0.8860759493670886 0.676530612244898 1.2746301317567408
1.6198275533830044 6 0.3694192181438886 0.9424603174603174 0.8459563543003851 0.6965334788619616
0.68531220727849 2 0.05657749326789283 0.43169398907103823 0.1092896174863388 1.8496487913482786
1.9110000892892467 8 0.3351712486006499 0.9537953795379538 0.6899791231732777 1.030061013058978
1.5268731472912596 5 0.2844474293532423 0.7216494845360825 0.2413793103448276 1.5753756352662127
1.1424680168194024 4 0.29164828397560977 0.6931106471816284 0.44258872651356995 1.3602527299639933
1.0132660262553095 3 0.30454187554059625 0.663760896637609 0.42507264425072644 1.1889797840663667
0.8832823412615883 3 0.6638168045842852 0.8227183191070256 0.6469687021230028 1.0031247012936588
1.1901926293004768 4 0.2978881727450644 0.7872146118721461 0.5847072200113701 1.1148148101205502
1.5222573992199162 7 0.435608185947869 0.7091932457786116 0.5015634771732332 1.3991723943791936
1.2130035659909044 4 0.33256098703608605 0.8356164383561644 0.5232876712328767 1.2135147879462487
1.3208843431586557 4 0.26323362733322214 0.736084452975048 0.39775160599571735 1.5094692598783863
1.60260672469343 7 0.41756116768321744 0.8592833876221498 0.7292069632495164 0.8965183495148665
-9.999994999180668e-07 1 0.0 0.8866120218579235 0.7868852459016393 1.0108348293463336
0.8060385049550861 3 0.08854906971761795 0.47662936142198814 0.1184990125082291 1.727869139107614
1.3244353666748145 4 0.19752560912042444 0.7854368932038835 0.37605177993527505 1.2439854793662704
1.0685627297674354 4 0.3080014994503184 0.8862001308044474 0.5926372963186481 1.0354612512750738
0.23378965871499252 2 0.10183501544346311 0.5326231691078562 0.2725255215268531 1.5417187163052763
1.2780133030690635 5 0.35711122792910305 0.4061323292092523 0.05146135915366685 2.0912750257359582
0.6089308553332711 3 0.11787970510359735 0.6612099644128114 0.3361803084223013 1.3759374445241068
1.14370438944065 4 0.3886398374674666 0.8413978494623656 0.6227598566308243 1.213604220211731
0.41011431829249234 2 0.16990863821990684 0.9665738161559888 0.9331476323119777 0.4489001697615972
-9.999994999180668e-07 1 0.0 0.5379061371841155 0.32731648616125153 1.8381282017708425
0.22371607607486488 2 0.05304139993864953 0.6157556270096463 0.4742765273311897 1.7687637767701843
0.6877848229941343 2 0.3640899390426576 0.802827965435978 0.500916470280178 1.1369466154340855
-9.999994999180668e-07 1 0.0 0.5228426395939086 0.008037225042301184 1.621300310412192
1.0053834327751212 4 0.3722318948660279 0.7016806722689075 0.453781512605042 1.4163124332036368
-9.999994999180668e-07 1 0.0 0.8081081081081081 0.6045045045045045 1.3724419813895234
0.6108623020572744 2 0.14085814603605898 0.5618556701030928 0.313573883161512 1.5400373571889663
0.6365121682970628 2 0.2535446628649062 0.7785714285714286 0.44642857142857145 1.353943259622471
0.42532629337715094 2 0.303337912053355 0.9454912516823688 0.8488111260655002 0.5516557781537723
-9.999994999180668e-07 1 0.0 0.948051948051948 0.3203463203463203 1.241785341940322
0.37676816126100815 2 0.05328701692569689 0.9843342036553525 0.6866840731070496 0.79912140303363
0.49679336986552636 3 0.17333594974477423 0.8858988159311088 0.6569788302834589 1.0521832577052388
-9.999994999180668e-07 1 0.0 0.8748335552596538 0.2809587217043941 1.7783144424839428
0.21455715518593435 2 0.17970885078258197 0.9274755927475593 0.502556950255695 1.3446238056070623
0.8491671277098771 4 0.15357188251644122 0.8661455788959452 0.6130923302393747 1.598522773370601
0.6037449613673687 3 0.2174613539258181 0.7685393258426966 0.5013732833957553 1.426650079273495
0.7985174440277224 3 0.0856524024957927 0.4630071599045346 0.28202068416865556 1.1611573755455853
0.6615612381601154 2 0.05328701692569689 0.4369287020109689 0.30591102985984153 1.1492104828553886
0.8949195153041534 3 0.1839377094152281 0.6967741935483871 0.6391397849462366 1.1438938494231465
1.3849393737065605 4 0.543530010445217 1.0 0.8990610328638498 0.9899851756012465
1.2870223306838764 5 0.5967937461191584 0.8407643312101911 0.6735668789808917 1.1925128798533533
0.7973875684312233 3 0.28549450546198113 0.8258746948738812 0.7442365066449688 0.9005056544910889
1.0397177708449181 3 0.8321251515464253 0.7270114942528736 0.43773946360153254 0.9581794139210345
0.68531220727849 2 0.08089010988089465 0.9162303664921466 0.6300174520069808 1.5713714234258191
0.7563290349355778 3 0.32828217633556855 0.9210526315789473 0.8779042200094832 1.0047049049273178
-9.999994999180668e-07 1 0.0 0.7095709570957096 0.7007700770077008 1.0285472544400296
0.6682464776666426 2 0.09994625777641579 0.5835189309576837 0.30066815144766146 1.6492853220716126
0.23378965871499252 2 0.05657749326789283 0.45454545454545453 0.3838383838383838 1.4408799425962633
1.067483200139145 3 0.5782190970194014 0.7115677321156774 0.4809741248097412 1.217609107183926
0.5779197946854657 2 0.04628864338339233 0.5561643835616439 0.27945205479452057 1.9014614996904684
1.401271648665611 5 0.4363612305884803 0.6804451510333863 0.4094969440526563 1.5736569695652052
0.8760888930740542 3 0.3067468935224921 0.8814691151919867 0.4428213689482471 0.7744462910903429
-9.999994999180668e-07 1 0.0 0.8465608465608465 0.6781305114638448 0.9613010822917074
1.175043383366878 4 0.12690984559674912 0.6911764705882353 0.41368078175895767 1.2362918767021946
0.873897414276215 3 0.7735855647423578 0.8738738738738738 0.7217217217217218 0.9302457254151896
0.5566439035962066 3 0.4282417581929717 0.9096612296110415 0.6545378502718527 1.0176643963133167
1.0710138890401815 4 0.33438433891936814 0.6929133858267716 0.38414634146341464 1.1449714179497432
-9.999994999180668e-07 1 0.0 0.6826666666666666 0.5857777777777777 1.2374892506025839
1.483256175629732 6 0.4391710896180114 0.8044654939106901 0.5577356788452864 1.332202112218162
0.13579195876860908 2 0.03819687047288246 0.51284046692607 0.27444876783398187 1.5601094186738063
-9.999994999180668e-07 1 0.0 0.835820895522388 0.6467661691542289 0.8589995131775803
-9.999994999180668e-07 1 0.0 0.5975609756097561 0.17334494773519163 1.1003622786324778
0.7356189397674613 3 0.4692151806025598 0.7717391304347826 0.4867149758454106 1.1173815712996067
1.1491483765482018 4 0.41404902364057206 0.7172284644194756 0.2908863920099875 1.683444309554619
0.9126273869037353 3 0.08841538322146343 0.5795847750865052 0.1980968858131488 1.743977541474357
-9.999994999180668e-07 1 0.0 0.7456021650879567 0.45737483085250336 1.6664748284486157
0.16794214774719357 2 0.03536093329243302 1.0 0.9287622439893143 0.7766796443501781
0.6037449613673687 3 0.10613784938237042 0.5356347438752784 0.0716406829992576 1.721777586697353
0.6210843745575724 2 0.4044505494044733 0.8923357664233577 0.6867396593673966 0.7919457902108754
0.8246563237743261 3 0.4988442373044215 0.9120370370370371 0.7325102880658436 0.9575367282525279
0.36220855714026556 2 0.15166895602667746 0.8568627450980392 0.5862745098039216 1.1970741498516944
0.465997256964483 2 0.05304139993864953 0.7595712098009189 0.5773353751914242 1.628229037428358
0.68531220727849 2 0.08451488762163538 0.7051630434782609 0.2884963768115942 1.490150498105008
0.45055920886990464 2 0.33981727643981374 0.5253623188405797 0.15579710144927536 1.2655656355546363
0.7356189397674613 3 0.18969328219364653 0.7027417027417028 0.3826151560178306 1.0719406687323776
1.0486507893643942 3 0.13664987662556433 0.7351351351351352 0.16972972972972972 1.5112811879379282
0.981909763250999 4 0.3393104194660312 0.8115429917550059 0.5516293678837848 1.0763627959928612
0.7873951574638087 4 0.2235403479836415 0.7420574886535553 0.49193141704488147 1.5912271805997502
0.978330860434713 3 0.3015713456362064 0.6964877402253148 0.44842058758559755 1.1218321508880926
-9.999994999180668e-07 1 0.0 0.21706864564007422 -0.5658627087198516 2.961603738072218
-9.999994999180668e-07 1 0.0 0.3674863387978142 0.13479052823315119 2.7479756436223197
1.6843669712365308 6 0.4261738737880324 0.7908496732026143 0.4019607843137255 0.9384682616514464
1.257872182447877 6 0.22700778937084418 0.7119901112484549 0.3827770910589205 1.200953937066768
0.13579195876860908 2 0.026520699969324765 0.6716710182767625 0.46431679721496955 1.6505231148438588
1.1286082713557608 4 0.6187400396461382 0.7728468113083498 0.6321499013806706 1.0682638333116508
0.4825755651802941 2 0.04089430046208164 0.6323529411764706 0.3897058823529412 1.5290282341181054
0.9630250186118312 3 0.05795367825483076 0.49554655870445347 0.19190283400809716 1.611790425732057
0.9470541522889973 3 0.6919002025416733 0.8214285714285714 0.6011904761904762 1.1303742093937932
0.6365121682970628 2 0.3033379120533549 0.6133720930232558 0.31976744186046513 1.3725200119593384
0.9024581433592995 3 0.3109583043578401 0.7545327754532776 0.5794979079497908 1.1136210482128461
1.0433504269474334 3 0.5296821666675886 0.93717277486911 0.81239092495637 0.8109846760587284
0.9737488448875712 3 0.614296216411195 1.0 0.9479982593559617 0.6577000275540413
1.7481731932953626 6 0.48264573552082884 0.8645499563064375 0.7007359705611775 0.8741091897792085
0.685927800254402 2 0.49556686147472834 0.834061135371179 0.4759825327510917 1.1880436404544794
0.4293210219344571 2 0.14144373316973208 0.6477732793522267 0.2550607287449393 1.3614486676766047
0.6592116182305436 3 0.09636502582245321 0.5926605504587156 0.22431192660550459 1.2956766973538956
0.43339687329453824 2 0.02935528181161499 0.8144329896907216 0.2634020618556701 1.6451488545262416
0.765934336590651 3 0.22362854467765253 0.8867276887871853 0.5545385202135774 1.0803140684744799
1.5859281132214615 6 0.37219384506959613 0.8108448928121059 0.4158200290275762 1.1349393633858036
2.1234222589867526 10 0.6978108654467466 0.7102076124567474 0.42963752665245203 1.275096278630342
1.288914123561139 5 0.5341271407138035 0.7917888563049853 0.47996089931573804 1.1652456644914233
1.703127153600974 6 0.26579057470691914 0.8196509372979961 0.49364361129067014 1.407012972739716
0.7729515698702707 5 0.09578669287385562 0.6304151624548736 0.3053602811950791 1.6449871339238833
1.1394686672102585 4 0.14015910053420597 0.5 0.2729285262492094 1.4570190125253677
0.97793689251451 3 0.12887587795198824 0.4996742671009772 0.3667752442996743 1.22424340908481
1.05509861817353 3 0.7128687229941517 0.7789473684210526 0.5177944862155388 1.0265684342548855
0.9158787471819968 4 0.7847194098214721 0.9360929557007989 0.7298203592814372 0.7763178333925551
0.9868954488573299 4 0.44161208764736204 0.924812030075188 0.37092731829573933 1.1983224462230624
1.3801995554588928 6 0.4894376537688759 0.9106881405563689 0.7042459736456809 0.8450211448747375
0.8333593876547242 4 0.09562414740799033 0.6628914057295137 0.28803020208749724 1.4657332691014962
-9.999994999180668e-07 1 0.0 0.4268292682926829 0.39227642276422764 1.364325245318927
0.9705439443700209 4 0.19913722477212686 0.8054263565891473 0.539480259870065 1.2160131021554768
0.923734045872221 4 0.17627521482660424 0.697841726618705 0.45323741007194246 1.342331491807091
-9.999994999180668e-07 1 0.0 0.6090425531914894 0.6520390070921985 1.5087482911695065
-9.999994999180668e-07 1 0.0 1.0 1.0 0.950936929443246
1.229840321211042 4 0.3343901256307183 0.8820960698689956 0.6931549960660897 0.6798106413155673
0.8082669580111547 3 0.12943514088441446 0.4222222222222222 0.3812636165577342 1.699363089640453
0.9164618855472628 3 0.26177099437428125 0.8432671081677704 0.6158940397350994 1.3348229526582798
0.9002530512753368 3 0.3080315079686917 0.8279883381924198 0.5966958211856171 0.8702769936830246
1.331655286845175 5 0.4105327939138724 0.7809647979139505 0.5723598435462842 1.2377401097156426
-9.999994999180668e-07 1 0.0 0.7265625 0.3880208333333333 1.2699369527884234
0.13905879847125688 2 0.025784040447917846 0.9492273730684326 0.5084621044885945 1.216215215573962
0.685690588450206 2 0.03169308285811327 1.0 0.5555555555555556 0.5679128813519702
0.36933112165034665 2 0.037917239006669365 0.847457627118644 0.6779661016949152 1.209256925270813
1.0499236578727902 3 0.10401564394330316 0.7704447632711621 0.44380679100908654 1.1438371520924604
0.8082669580111547 3 0.3033379120533549 0.6435506241331485 0.31761442441054094 1.1038476822035492
0.4825755651802941 2 0.05328701692569689 0.9438202247191011 0.7715355805243446 0.8269212480779817
-9.999994999180668e-07 1 0.0 0.8118279569892473 0.6057347670250897 0.9341294751592726
0.6926859734444768 2 0.15846541429056635 0.7150127226463104 0.39609838846480067 1.4564841146773566
-9.999994999180668e-07 1 0.0 1.0 1.0 0.3006412628822299
1.011051298313063 4 0.17458356439292017 0.869656622284513 0.6288250408782995 1.3954901721551425
0.6615612381601154 2 0.3235604395235786 0.6852861035422343 0.279291553133515 1.5657631477310872
0.6421468591082082 4 0.3127026246714205 0.8948948948948949 0.8148148148148148 1.2041492657749
1.0862143612050679 5 0.1878223249831933 0.7551594746716698 0.6275797373358349 1.531530969398521
1.803025494472489 8 1.036672547669596 0.6 0.6 0.9228844493157737
1.5903398421722825 7 0.356864672368612 0.6745329400196657 0.41822353326778106 1.370400230215841
1.2105538441904176 4 0.45217258276779465 0.8645357686453576 0.5088787417554541 1.0396243151505662
1.5670514424514175 5 0.4891887424057702 0.7493438320209974 0.4300087489063867 1.0275576255480658
1.1302340371875093 4 0.6396192146942398 0.9515839808726838 0.57083084279737 0.8771222603598722
1.002714264531766 4 0.6399187589258067 0.6886543535620053 0.5021987686895338 1.265425139181064
1.179067566191937 4 0.5057933774066646 0.7409395973154362 0.42348993288590603 1.0760814453765772
1.63899462043681 7 0.41339757894968937 0.6621717530163236 0.3863058061531344 1.3885799724021601
1.830770676636336 8 0.3560074216483344 0.7890952666267226 0.3700440528634361 1.073295450848594
1.240533293573986 4 0.3858103085771923 0.7770515613652869 0.4807552650689906 1.2125694113621912
1.9430098276138774 14 0.4742348219849979 0.6168831168831169 0.22425249169435216 1.6473556717924132
1.266738023816729 7 0.3159910851084761 1.0 0.7941176470588235 1.2663460352255527
1.2967891069595292 5 0.5639797361434422 0.7157894736842105 0.36678362573099416 1.626613741519091
0.8973121607490232 4 0.32410134820798864 0.8511796733212341 0.3932244404113733 1.5542013358827689
0.562333144621475 2 0.08089010988089465 0.6339285714285714 0.5148809523809523 1.1464590343244916
1.4917752993758295 6 0.17863960724185754 0.6956521739130435 0.5149552883132902 1.1604406838785382
0.43339687329453824 2 0.03685835806667228 0.7926675094816688 0.04424778761061947 2.1354512762843054
0.562333144621475 2 0.1132724254799379 0.5747460087082729 0.2709240445089502 1.6979453446707962
1.1407161964286858 4 0.47590582599449105 0.953125 0.8489583333333334 1.1533269039740597
0.22371607607486488 2 0.05304139993864953 0.6551724137931034 0.5747126436781609 1.5717837991768207
0.22371607607486488 2 0.05304139993864953 0.8203592814371258 0.5209580838323353 1.6105864482388559
0.9840835030884703 3 0.2992478229105767 0.8683001531393568 0.6380806533945891 1.3221491368039864
1.676690132615511 6 0.3260680629059681 0.7142857142857143 0.2631578947368421 1.161768265232238
1.5626579831128324 6 0.6667075374586706 0.8130718954248366 0.6595566708490171 0.8833666323282038
0.5783222866734842 3 0.1386738300570964 0.5 0.3851132686084142 0.8267863192506845
1.2341063432959554 5 0.610475833192861 0.9321329639889196 0.9547553093259464 1.0065673241940374
1.3946181453166686 5 0.5169961583602543 0.746615087040619 0.7040618955512572 0.9851072595550147
0.6365121682970628 2 0.22047361988252706 0.7979041916167665 0.5279441117764471 1.5504448803478497
0.848682557733917 3 0.3229338162635712 0.6338028169014085 0.19599303135888502 1.7052101588651387
0.6914140776191252 2 0.3791723900666937 0.8233333333333334 0.5461111111111111 1.1383726963223393
0.5908402462780749 2 0.049921317589317206 0.7124183006535948 0.5751633986928104 1.4602537263687558
1.2440116958164493 5 0.7437396425454286 0.8373287671232876 0.7611111111111111 1.2618359490336724
0.6037449613673687 3 0.10083161293284423 0.5032414910858996 0.17774176121015667 1.6053391546638536
1.5056399496740371 6 0.399500620783037 0.8134576948700866 0.5636242504996669 1.212373109402833
0.4825755651802941 2 0.20367003088692623 0.7106666666666667 0.5782222222222222 1.503937131564457
-9.999994999180668e-07 1 0.0 0.8141843971631205 0.6278959810874705 1.554126148230434
0.22371607607486488 2 0.07583447801333873 1.0 0.6666666666666666 1.8213672050459284
0.952604043673246 3 0.4095308109407968 0.836472602739726 0.6598173515981736 1.0046142234539104
0.3488300958480944 2 0.15166895602667746 0.5291479820627802 0.4080717488789238 0.9557212722362319
-9.999994999180668e-07 1 0.0 0.8887530562347188 0.5419722901385493 1.6747283949687035
0.6318740819103837 4 0.10109239866347224 0.4071537290715373 0.3143074581430746 1.724748882147509
0.6193742897437827 2 0.3466718994895485 0.8137869292748433 0.5332736496568189 0.9832575382486121
1.0947772260124813 3 0.35594275512262186 0.7389240506329114 0.439873417721519 1.1795944450915945
0.37676816126100815 2 0.1811033306177901 0.7755905511811023 0.30183727034120733 1.591031861134177
0.4825755651802941 2 0.08089010988089465 0.4539781591263651 0.14924596983879354 1.3204420439339013
-9.999994999180668e-07 1 0.0 0.912 0.386 1.4552191638672118
0.8687166829249237 3 0.30673614118529935 0.8790322580645161 0.5548387096774193 1.454701516361348
0.9002530512753368 3 0.16984991874783076 0.7836338418862691 0.44244105409153955 1.1715009811518118
1.1537379427175691 4 0.21527202239301246 0.5709459459459459 0.13963963963963963 1.8204572473475893
1.2735673092024054 5 0.23302707247386667 0.8262339418526031 0.5330178048230787 1.361222974332842
1.1470457461274528 4 0.27754081941557357 0.7434052757793765 0.555289102051692 1.4727768834803066
0.6592116182305436 3 0.10907124765595051 0.6666666666666666 0.2896698615548456 1.3393151628881028
0.9214904308740949 3 0.6471208790471573 0.8756302521008403 0.6913165266106442 0.8846132785517611
0.562333144621475 2 0.40734006177385246 0.7496723460026212 0.4635211882918305 1.0238963728890689
0.6615612381601154 2 0.15656150299527996 0.630686198920586 0.3469545104086353 1.276428082367861
0.7029159307848437 3 0.19416253536083256 0.7550077041602465 0.2696456086286595 1.2347443343908386
0.562333144621475 2 0.05314347196227125 0.32663316582914576 0.2537688442211055 1.7281305481947289
0.9433453923362892 3 0.15328621212697308 0.6510228640192539 0.46169273967107904 1.1215050334106695
0.23378965871499252 2 0.0800339238229374 0.882636655948553 0.27377049180327867 1.2957384692857827
0.562333144621475 2 0.17333594974477423 0.9646017699115044 0.6017699115044248 1.2011891142115474
0.9302968331909088 3 0.24267032964268392 0.7863695937090432 0.4338138925294889 1.388098449038896
0.21455715518593435 2 0.0999462577764158 0.7086092715231788 0.49094922737306845 1.441292372110867
0.8731696364331774 3 0.5157237098282385 0.8048048048048048 0.6286286286286287 0.8715035914085967
0.9502675392390678 3 0.45842107540287874 0.9544235924932976 0.8212689901697945 0.8484357454700934
0.9136304974858285 3 0.3185171224904065 0.9243243243243243 0.7258258258258258 0.8631979760250519
-9.999994999180668e-07 1 0.0 0.9875259875259875 0.7574497574497574 0.7920722118273457
0.6492463548730875 2 0.07583447801333873 0.7225 0.5983333333333334 0.9381536307586421
0.9743117528756828 3 0.5893985255179869 0.6564625850340136 0.4036281179138322 1.0692165964916978
0.6615612381601154 2 0.22654485095987584 0.5373913043478261 0.30782608695652175 1.1080049649419386
-9.999994999180668e-07 1 0.0 0.7757009345794392 0.48701973001038423 0.9604530214739646
0.8982023397133163 3 0.22403369464711448 0.7427745664739884 0.4113680154142582 1.4974346518054733
0.6365121682970628 2 0.19094065395649334 0.9011627906976745 0.6143410852713178 0.84876081557666
0.6554797739035534 2 0.15275252316519466 0.797752808988764 0.4157303370786517 1.3098908342753615
0.5982675885877072 2 0.2545875386086578 0.7083333333333334 0.3055555555555556 1.3029290157285438
1.0336965498709902 4 0.4265885492228842 0.7645348837209303 0.4108527131782946 1.4054610880527367
0.9173991803699375 3 0.6336610871059127 0.8672199170124482 0.6758875057630245 0.9630252226914722
0.9002530512753368 3 0.4044505494044733 0.8951310861423221 0.6691635455680399 1.013243496203635
1.035801284203238 3 0.1588934837435511 0.6593406593406593 0.2963702963702964 1.2689532484129078
1.035801284203238 3 0.1588934837435511 0.6593406593406593 0.2963702963702964 1.2689532484129078
0.4825755651802941 2 0.3055050463303894 0.6272727272727273 0.5557575757575758 1.0717617536464612
1.0336965498709902 4 0.29588011186014346 0.7816901408450704 0.4647887323943662 1.4687043810569242
-9.999994999180668e-07 1 0.0 0.9461077844311377 0.6087824351297405 1.2513155523633486
0.562333144621475 2 0.12123748557405607 0.3898809523809524 0.3462301587301587 1.8366966597403365
-9.999994999180668e-07 1 0.0 0.7223065250379362 0.2812341932220536 1.1982033301402593
0.68531220727849 2 0.11327242547993792 0.6299019607843137 0.24754901960784315 1.3987773560195713
0.6365121682970628 2 0.36936660482588446 0.5015166835187057 0.3188405797101449 1.1944393507557625
0.5929513174499546 2 0.1011126373511183 0.7172774869109948 0.3643979057591623 1.1090225541660876
0.9368853075459159 3 0.48796410779028576 0.6648199445983379 0.43028624192059095 1.331262825152489
0.22371607607486488 2 0.07923270714528316 0.46314102564102566 0.18108974358974358 1.218094876885414
0.6931451805619453 2 0.6018678409411684 0.6 0.24444444444444444 1.432068963108449
0.6914140776191252 2 0.21238579777488356 0.5560747663551402 0.20768431983385255 1.7567870532201564
0.6645264386570353 2 0.042433119950919626 0.510662177328844 0.005611672278338945 2.074911063717175
0.6869595765993484 2 0.15166895602667746 0.6368563685636857 0.2204155374887082 1.7961772041221922
-9.999994999180668e-07 1 0.0 0.3617511520737327 -0.0030721966205837174 1.6278785930666844
1.4327296078155543 6 0.3405344517769832 0.7384960718294051 0.5061569564418306 1.1012624359171699
1.0950748621250341 3 0.45500686808003243 0.8348909657320872 0.6303219106957425 0.6433309744465762
0.44375428427771485 3 0.10299797830649035 0.3 0.18888888888888888 1.6072683985799232
1.2440116958164495 5 0.5459174359284611 0.5968992248062015 0.3953488372093023 1.3598430843377451
0.9840835030884701 3 0.2552435947195613 0.7845528455284553 0.6124661246612466 0.9593864808010074
-9.999994999180668e-07 1 0.0 1.0 0.8863636363636364 0.6152609615126056
1.2721398102238606 5 0.09849511388504663 0.47396672034353193 0.36553945249597425 1.6938808549749615
0.562333144621475 2 0.10183501544346311 0.5777310924369747 0.17647058823529413 1.4215280347059833
1.1437494208394063 4 0.5572983052380563 0.7694155324259407 0.4675740592473979 1.246348133692394
0.6019209717449048 3 0.2223167921689676 0.7090163934426229 0.3702185792349727 1.2024760065235254
1.0549731516120477 4 0.41844408799650956 0.8982229402261712 0.594776521270867 0.985901250025123
0.9832709442526746 3 0.5177229748844111 0.8549141965678627 0.5117004680187207 1.2217520263233326
0.9007213623751444 3 0.15241463993657905 0.7218628719275549 0.2789995687796464 1.172475102178601
-9.999994999180668e-07 1 0.0 0.48089591567852435 0.22090469916556874 1.344642062015031
-9.999994999180668e-07 1 0.0 0.8262195121951219 0.7672764227642277 0.744306104513318
0.36933112165034665 2 0.07583447801333873 0.4515539305301645 0.23065204143814746 1.2147993490807545
1.0361029705335534 3 0.3757984555370953 0.7955706984667802 0.4730266893810335 1.4462719772015014
0.9649599230141778 3 0.5335502639396641 0.773371104815864 0.336166194523135 1.26540516015629
0.5297041990605473 2 0.2854945054619811 0.8392370572207084 0.5358764759309719 1.249914118588756
0.5418506439196834 2 0.1323656343505549 0.6991546494281452 0.5290900049726505 1.1160008022329926
1.0188968362854713 4 0.08939664126261532 0.4635456638526477 0.23842414939882323 1.5736446103502655
0.6210843745575724 2 0.10183501544346311 0.5808170515097691 0.32918886915334516 1.577651847734772
1.1055249287925206 5 0.23103123437721107 0.8301526717557252 0.6936070686070686 0.8384237421287474
-9.999994999180668e-07 1 0.0 0.8699861687413555 0.6454587367450438 0.8616115880938289
0.9009058732325901 3 0.21412087909648583 0.7563636363636363 0.5430303030303031 0.8812629513549122
0.553856229495151 2 0.10619289888744178 0.9009976976208749 0.8848810437452034 0.6753557131832253
0.23378965871499252 2 0.1617802197617893 0.726158038147139 0.46185286103542234 1.3205258865540805
1.161116818298989 4 0.37129802479503743 0.6532258064516129 0.543010752688172 1.7583506775760718
1.217708884471433 4 0.28433029458982484 0.7985303123086344 0.6009389671361502 0.93691054300571
0.6660751598272967 3 0.13563307095916344 0.8545454545454545 0.5661881977671451 1.2770827459816965
1.0460977282437556 4 0.09506737431182069 0.6630434782608695 0.4104882459312839 1.3333490601414595
-9.999994999180668e-07 1 0.0 0.7909215955983494 0.3081155433287483 1.8015204673994134
0.37676816126100815 2 0.20367003088692623 0.8257328990228013 0.44462540716612375 1.6474080286821773
1.023925799644203 3 0.3883250707216651 0.7065217391304348 0.3743961352657005 1.2895734141166826
-9.999994999180668e-07 1 0.0 0.8060413354531002 0.3449920508744038 1.143483167803104
-9.999994999180668e-07 1 0.0 0.8711433756805808 0.48880822746521474 1.0066568503073448
-9.999994999180668e-07 1 0.0 0.931640625 0.8046875 1.2167642144900273
0.9540148245440481 3 0.11824421570798863 0.6732377538829152 0.5318598168060533 1.0207996812733047
0.8570322476879568 3 0.30600990039297377 0.734313725490196 0.5611111111111111 1.2244945602072694
-9.999994999180668e-07 1 0.0 0.6064318529862175 0.2879019908116386 1.066612060325244
0.6704756487994897 2 0.07583447801333873 0.7876182287188306 0.652909143020923 0.996646697277066
-9.999994999180668e-07 1 0.0 0.8085539714867617 0.7135098438560761 0.9580780475807358
1.0198622142834715 3 0.3933535704167578 0.9032258064516129 0.8115719406041987 0.8532247740334256
0.6747044674287963 3 0.18073545950068887 0.3799126637554585 0.2995633187772926 1.5027739605431647
0.844483734772292 3 0.3453537027492149 0.8322639780018332 0.41796516956920254 1.008406014952744
-9.999994999180668e-07 1 0.0 0.7341772151898734 0.41824894514767935 1.6050794670830513
0.7902649680839791 3 0.21814249531190102 0.45166959578207383 0.08318687756297598 1.5792464027706448
0.45055920886990464 2 0.24267032964268392 0.9601449275362319 0.7137681159420289 0.8411960260293284
0.9470541522889971 3 0.5177229748844111 0.8927038626609443 0.7129232236528373 0.8822442233822904
0.6236528495704226 2 0.13481684980149108 0.9432624113475178 0.8100866824271079 0.9330388332873315
1.8017515666599837 8 0.5952303317018253 0.8482613277133825 0.5725324903407095 1.071901456536117
0.7088299480082485 3 0.23291953288763484 0.7350859453993933 0.4274447949526814 1.0403574654435717
0.6730096670113398 2 0.04371459704567347 0.5820256776034237 0.35068949120304327 1.1532780056635357
0.16794214774719357 2 0.03536093329243302 1.0 0.7256455399061033 1.2508410440681452
1.569001106569877 7 0.3698856841508904 0.9108333333333334 0.6643487563519658 1.013274624562573
1.0361029705335534 3 0.17223036538191383 0.8475130890052356 0.8252617801047121 0.5584425415145893
1.4734963851086484 6 0.6542817179367787 0.7177215189873418 0.7105485232067511 1.165941814360796
2.016004771462165 9 0.640817806841116 0.740582191780822 0.5518376302797586 1.2459014988014154
1.3576895794565373 5 0.48466048594974487 0.8661224489795918 0.5648979591836735 1.2417981498545683
1.2525138485795355 5 0.6001004780242079 0.9726277372262774 0.830335731414868 0.6047497576243733
0.2509528043654067 2 0.17461426501889127 0.47191011235955055 0.42964151952915997 1.6853245416934057
-9.999994999180668e-07 1 0.0 0.7532808398950132 0.2755905511811024 1.5511751629267654
1.1398403404159834 5 0.5631970440499874 0.891005291005291 0.6373897707231041 1.0165275240928944
1.7908510226916805 9 0.4934688115058831 0.6500453309156845 0.3995828367103695 1.5474537709662104
0.8239562165098323 3 0.2934964443968192 0.5798165137614679 0.39388379204892965 1.6076006573655282
0.9554431414136643 4 0.22700347185252584 0.5619295958279009 0.1865222623345367 1.6344348800166475
1.387308041266256 5 0.17245137197155494 0.575880758807588 0.3952122854561879 1.377465435927858
0.9743117528756828 3 0.1954589018120893 0.8745098039215686 0.8013071895424837 0.8431056699874658
1.0433504269474334 3 0.5824876060824977 0.83008356545961 0.6476323119777159 1.1107492758130721
0.5783222866734842 3 0.24398205389514288 0.9272237196765498 0.784366576819407 0.9928752585545041
0.6057954993747123 2 0.19094065395649334 0.5 0.25 1.4521082862854306
0.6791912659935828 2 0.2839759176669706 0.6546125461254613 0.44231242312423125 1.1984514799028285
1.5419704327906343 6 0.5673473095732142 0.7767123287671233 0.39908675799086757 1.4640322692189351
1.1288862074091006 5 0.42268523317212375 0.8375984251968503 0.5856299212598425 1.1214295872146296
-9.999994999180668e-07 1 0.0 0.8784530386740331 0.8784530386740331 0.5649207721972151
1.621064687621654 6 0.6596229308865704 0.8672798948751642 0.5990614160375434 1.0098413654742213
0.6837359058583963 3 0.2532612028153088 1.0 0.9614906832298137 0.4382529188915752
0.37676816126100815 2 0.20367003088692623 0.9282814614343707 0.774018944519621 0.9887197010494985
-9.999994999180668e-07 1 0.0 0.4381868131868132 0.10119047619047619 1.788021943554648
0.9470541522889973 3 0.15512203236915997 0.7652645861601085 0.6567164179104478 0.8509517402188028
0.562333144621475 2 0.06641414050660638 0.6154822335025381 0.24027072758037224 1.7601306641569971
0.23378965871499252 2 0.08089010988089465 0.9203187250996016 0.6764054891544932 0.8996611436271214
0.9251260835783115 3 0.60667582410671 0.8189509306260575 0.6514382402707276 0.9497406459593509
1.3050923719579406 4 0.706211180474551 0.835030549898167 0.5470297029702971 1.0804134531278924
0.9840835030884701 3 0.13746760314878748 0.8666666666666667 0.6078431372549019 1.047597569695246
0.9238377056376721 3 0.288076409489442 0.7684797768479776 0.4700460829493088 1.0181455550503187
0.9556968911186592 3 0.4044505494044732 0.7818181818181819 0.4707070707070707 1.4238371382024315
1.5287474444799025 6 0.24939200404735967 0.9473684210526315 0.8983050847457628 0.7956646611047374
1.1875278441660004 4 0.43123770875692 0.6704637917005696 0.41171684296175753 1.468449167418733
0.7218853642327837 3 0.18649573303399436 0.7216617210682492 0.39683481701285855 1.6570243378605582
1.1269247948151757 4 0.8897210286458457 0.6666666666666666 0.5555555555555556 0.7018874775675313
1.846882123290785 7 0.9377007810412814 0.0 -0.3333333333333333 2.5043799069381367
1.0296500140697402 3 0.25884121784902275 0.6708860759493671 0.23371647509578544 1.3919343407734406
2.1164359278376828 11 0.48658276464124917 0.5 0.3 1.6532692070451105
1.9295292945247813 9 0.8045561657563934 0.7 0.6176470588235294 1.6218481522075894
1.9695406018735535 9 0.6235849128913485 0.8491879350348028 0.7002305918524212 1.0211995682197779
1.81697617341261 7 0.5531505231483226 1.0 0.47058823529411764 2.678108891324553
1.5910142687353437 6 0.40666202843747723 0.7391304347826086 0.4788732394366197 1.1066400992658192
1.7408250846597277 8 0.5205318124956486 0.9565217391304348 0.47305389221556887 1.2284662237167459
