0.8687166829249237 3 0.36990287504220976 0.4011142061281337 0.20695807314897413 1.2744451783721227
0.8092024732401926 3 0.35638589701496265 0.700587084148728 0.3459835547122075 1.2768556950143628
0.873897414276215 3 0.3291896977347847 0.47527472527472525 0.30320315928038616 1.0656111575371512
0.8392665558008312 3 0.3321082932047722 0.25824175824175827 0.21001221001221002 1.2316506320458034
0.6615612381601154 2 0.2857142857142857 0.6404833836858006 0.2618328298086606 1.5073820541786278
0.37676816126100815 2 0.1904761904761905 0.3548387096774194 0.3225806451612903 1.0815307430372882
0.7774591319216559 3 0.33877418752906624 0.23317307692307693 0.11607843137254902 1.3273997132054445
0.6108623020572744 2 0.14035087719298248 0.36344969199178645 0.24093086926762491 1.081642210723165
0.8155833412794489 4 0.32217480193075443 0.4003690036900369 0.3124231242312423 1.1436889212686654
0.8814471305352998 5 0.2727957520674979 0.47010309278350515 0.23432636727434417 1.6840989064102962
0.8060007320812698 3 0.40597137636587155 0.6517241379310345 0.24909008189262966 1.6535460280183167
1.1553851063928031 5 0.4570000058425983 0.48433420365535246 0.2035217035217035 1.3984706953099373
0.8687166829249237 3 0.3176008008084996 0.5052264808362369 0.18947963800904977 1.3167457932097995
0.7945576059915919 3 0.2449028750422097 0.694620253164557 0.2110138960370561 1.4183719835673299
0.6931451805619453 2 0.22222222222222227 0.5076708507670851 0.16875871687587168 1.4293346683228054
0.36220855714026556 2 0.16666666666666669 0.5763888888888888 0.18287037037037038 1.597449543059228
1.0336965498709902 4 0.4540874678549938 0.45911047345767575 0.13671696387745771 1.3561849787872495
0.9894515139222182 4 0.4207757267452643 0.6776371308016877 0.3434450013189132 1.409388656090551
0.562333144621475 2 0.17777777777777778 0.34668721109399075 0.3574730354391371 1.2469387941444774
0.7380565340967918 3 0.24213373373758318 0.4375 0.27040816326530615 1.1978714814910316
1.2655887706009414 5 0.46333315800274516 0.5097690941385435 0.23739837398373984 1.299185037199272
0.8486825577339171 3 0.5231777938525702 0.14450867052023122 0.24003707136237257 1.49393489789402
0.5783222866734842 3 0.24490287504220964 0.6676136363636364 0.3000936329588015 1.631470723084925
0.68531220727849 2 0.40000000000000013 0.43333333333333335 0.1288888888888889 1.335604288740419
0.6210843745575724 2 0.17777777777777778 0.36486486486486486 0.23198198198198197 1.1289495134520209
0.8304687124458194 3 0.2919453314465837 0.3409090909090909 0.2727272727272727 1.1704350197873337
1.082192530043434 3 0.5651283650531141 0.5180180180180181 0.2918848167539267 1.3809794348168578
0.8687166829249237 3 0.33078477085443825 0.6306306306306306 0.08835904628330996 1.4340495022206416
0.68531220727849 2 0.22222222222222227 0.5119266055045871 0.1400611620795107 1.4713732579605552
0.6931451805619453 2 0.3030303030303031 0.7106598984771574 0.15736040609137056 1.4713880609934722
0.9180419180850247 4 0.44315855508618784 0.5348432055749129 0.26727066817667045 1.3511338686838865
0.465997256964483 2 0.20833333333333337 0.321483771251932 0.0077279752704791345 2.174130438326624
0.6210843745575724 2 0.2666666666666667 0.746268656716418 0.3197648123021257 1.5943305395508294
0.7774591319216559 3 0.2097922150973347 0.24390243902439024 0.10427807486631016 0.9749974642036914
0.8913706976676509 4 0.3370429173153303 0.30073952341824156 0.12917000266880171 1.2944989621533578
0.9743117528756828 3 0.38095238095238093 0.6838235294117647 0.18995098039215685 1.310778797577554
0.8815292611983065 3 0.3111111111111111 0.3629943502824859 0.13088512241054615 1.7472249887513467
0.8617039877890238 3 0.32973536277489307 0.6102062975027145 0.22540250447227192 1.5181318844459384
0.6210843745575724 2 0.22222222222222227 0.7097378277153558 0.31897627965043696 1.4985346578487182
0.9002530512753368 3 0.37512709528633487 0.8651685393258427 0.12903225806451613 2.295896869539659
0.9612817526043458 4 0.4120552442970204 0.26278659611992944 0.1514476614699332 1.0462874278908085
0.7029159307848437 3 0.24988529864017728 0.6666666666666666 0.4444444444444444 0.955341801261479
1.0699133418346678 4 0.3651985789661049 0 0 0
0.9908323864499207 3 0.5026793834505565 0.358695652173913 0.26024691358024693 1.0411009898710972
0.6901836760208161 2 0.11111111111111112 0.3333333333333333 0.21258831085420682 1.1734945146946403
0.562333144621475 2 0.22222222222222224 0.8741258741258742 0.23543123543123542 1.6172337651388107
0.6615612381601154 2 0.5714285714285715 0.5618374558303887 0.05771495877502945 1.4290774431687898
0.8647370965378594 3 0.30567417782280143 0.6108452950558214 0.25405122843700995 1.6528215379268725
0.37676816126100815 2 0.1904761904761905 0.5666666666666667 0.23703703703703705 1.4358843169000715
0.7774591319216559 3 0.3387741875290662 0.505982905982906 0.23764575235980012 1.3069186394993446
1.0408358374387054 4 0.45552004514089195 0.5310834813499112 0.10789324247586599 1.5175486293269977
1.1067329378336446 4 0.4794507245553155 0.5579024034959942 0.13479697828139756 1.2573625546334777
0.6365121682970628 2 0.31372549019607854 0.7329093799682035 0.2988871224165342 1.6524300071789368
0.7892926864855574 3 0.21621621621621626 0.5428122545168892 0.26184865147944486 1.5700578666187452
0.8305206914932463 3 0.3199498709895276 0.5363288718929254 0.33975155279503105 1.294714829313325
0.6926859734444768 2 0.4166666666666666 0.16832579185520363 0.14901960784313725 1.1359946538578811
0.6434895530215068 2 0.19354838709677424 0.7894736842105263 0.21876118868600072 1.7888960659651467
1.3157816830648363 5 0.45724572925406987 0.5568862275449101 0.3248638838475499 1.1686905549078224
0.7232515110158177 3 0.21096039206466213 0.6813186813186813 0.31523924406915965 1.409404693262208
0.6615612381601154 2 0.13333333333333333 0.4158125915080527 0.2869692532942899 1.116940013418512
0.8037391073239946 3 0.3648057500844193 0.524731182795699 0.24726775956284153 1.44612707967395
0.562333144621475 2 0.22222222222222227 0.21720733427362482 0.2444757874941232 1.3133358559085186
0.6931451805619453 2 0.2857142857142857 0.6442048517520216 0.31176999101527403 1.328797985682199
0.8760888930740542 3 0.3032555635929518 0.5533807829181495 0.25261324041811845 1.347653117266225
0.6806274878937145 2 0.44444444444444453 0.41656050955414015 0.3286624203821656 1.6025902753524406
0.5783222866734842 3 0.2006876458966478 0.525679758308157 0.24447646493756003 1.9061630263836329
0.7978881125325039 3 0.23392836561318353 0.5462402765773552 0.24054591981802673 1.506098628804655
0.6210843745575724 2 0.2666666666666667 0.6584967320261438 0.238562091503268 1.4638843986862466
0.7978881125325039 3 0.27296632178942765 0.5546823837590046 0.2628247107618424 1.5723509259194
0.8092024732401926 3 0.3193488599779256 0.42115027829313545 0.26406926406926406 1.3132511056171918
0.8092024732401926 3 0.34363457504558687 0.5685752330226365 0.179701230228471 1.5670471858397605
0.6210843745575724 2 0.3555555555555557 0.6591375770020534 0.28268309377138945 1.6480443856372142
0.8932209510250033 3 0.3887250298034279 0.598079561042524 0.1599109131403118 1.4067132022109676
0.7774591319216559 3 0.35011862226724594 0.7206132879045997 0.34668892598775736 1.5382773740420603
0.7774591319216559 3 0.3679170456102598 0.7052117263843648 0.3184986595174263 1.2720118371198306
0.8563813684374095 4 0.21672837792400698 0.34424083769633507 0.2165371329879102 1.839209524237403
0.8815292611983065 3 0.3387741875290662 0.3891336270190896 0.10339875538535184 1.228464046517578
0.6615612381601154 2 0.3555555555555557 0.4264099037138927 0.17973406694176983 1.7545411387457706
0.8451102568551117 3 0.25537310618353837 0.6158088235294118 0.17034313725490197 1.694069312731971
0.9100730867213234 3 0.328536039255413 0.6085734364019677 0.2611957263014321 1.5790510984013495
0.9950239901849212 3 0.3565111271859036 0.5416666666666666 0.06578947368421052 1.5167957242155736
0.5297041990605473 2 0.25 0.3103448275862069 0.1883289124668435 1.367303077327151
0.7232515110158177 3 0.16934517021995063 0.42703727100442196 0.14804003336113428 1.135223601155139
0.8782620626196082 4 0.35870502873111276 0.5622377622377622 0.17589285714285716 1.3703104355524647
1.162695833512044 4 0.552619380154432 0.5808580858085809 0.11993849308047155 1.5094634813323147
0.8313995205030316 3 0.4844690109171037 0.5204918032786885 0.32167832167832167 1.1129674470479396
0.4825755651802941 2 0.13333333333333333 0.4475806451612903 0.12768817204301075 1.2675400186419556
0.9832709442526746 3 0.3081612812935993 0.458041958041958 0.26903835464146747 0.9869988858526857
0.8060007320812699 3 0.34944380523572766 0.401673640167364 0.16053357865685372 1.5006932816621312
0.9269348393005374 4 0.40048213375062336 0.6153846153846154 0.22535211267605634 1.6825808543590792
0.6874327505165218 3 0.27640943863203626 0.5301624129930395 0.21108580106302202 1.8270773490945214
0.6434895530215068 2 0.1720430107526882 0.6609235010337698 0.2880771881461061 1.6532689667900493
0.8305206914932463 3 0.3387741875290662 0.5203125 0.26778455284552843 1.367069132225168
0.6615612381601154 2 0.2365591397849463 0.3862857142857143 0.19885714285714284 1.5063248993871203
0.8060007320812698 3 0.32856201131679236 0.4094616639477977 0.1457718120805369 1.638172039038073
0.6829061047025133 2 0.25641025641025644 0.4079696394686907 0.21758380771663505 1.2782482063847178
1.0706405596696298 5 0.3096708753990281 0.47993705743509046 0.1318484383000512 1.4811983007828342
1.0336965498709902 4 0.4448127620364779 0.3791348600508906 0.10105949470252648 1.209206667882196
0.7029159307848437 3 0.3056741778228015 0.6022727272727273 0.23853635942566004 1.6403104097418464
0.8305206914932463 3 0.3528370889114008 0.6974789915966386 0.21074380165289255 1.7031525558609246
0.37676816126100815 2 0.13333333333333333 0.4360313315926893 0.2711053089643168 1.3369469835030832
0.6492463548730875 2 0.25000000000000006 0.5313588850174216 0.21602787456445993 1.2424251548609
0.7902307553651863 4 0.3464730492755155 0.6408450704225352 0.2749425287356322 1.4388401124663714
0.7774591319216559 3 0.34190817614259483 0.3490304709141274 0.11865189289012004 1.3614906808820606
0.6916233214422931 4 0.22371646485124685 0.6465177398160316 0.25693541395752056 1.5413456098436962
0.68531220727849 2 0.22222222222222227 0.2318840579710145 0.1347289318303811 1.26798072379454
1.249338231094037 5 0.4528390493651124 0.6057838660578386 0.224330900243309 1.536523159272357
0.6615612381601154 2 0.380952380952381 0.7243816254416962 0.29093050647820967 1.7876368663589846
0.562333144621475 2 0.22222222222222227 0.5308804204993429 0.3123083661848445 1.4693206371315504
0.9649599230141778 3 0.4398444605192369 0.4742647058823529 0.2514484356894554 1.7150744172490282
0.6365121682970628 2 0.41666666666666674 0.312 0.03866666666666667 1.5966955069685298
0.8100400099312414 3 0.3414552473336136 0.7297297297297297 0.15288888888888888 1.561714909008434
0.68531220727849 2 0.17777777777777778 0.3641379310344828 0.005057471264367816 1.3974155379440605
0.6931451805619453 2 0.3555555555555557 0.6957878315132605 0.2438897555902236 1.3459725930981419
1.1615873343442533 4 0.3337034299893306 0.4817813765182186 0.27210004312203534 1.5151266285256217
-9.999994999180668e-07 1 0.0 0.21686746987951808 0.07228915662650602 1.2715437405832257
1.1189648668970098 4 0.4215097538653025 0.5009009009009009 0.10017074558907228 1.635688152940401
0.2711873730488856 2 0.11111111111111112 0.6020942408376964 0.2675974403723095 1.132391640875408
0.68531220727849 2 0.31111111111111117 0.7207792207792207 0.2408008658008658 1.5351578185775085
0.8060385049550861 3 0.2487257187605525 0.48139711465451784 0.1459119496855346 1.3834919760112279
0.6774924044507715 2 0.25000000000000006 0.4780952380952381 0.20444444444444446 1.7979589638299676
0.895100188134049 4 0.24749321936502758 0.7996381727725012 0.26419863217365447 1.5979124255068295
0.37676816126100815 2 0.08941280957204911 0.9175824175824175 0.39210526315789473 1.540143294839777
0.9743117528756828 3 0.47304037300274754 0.5915492957746479 0.13333333333333333 1.6166601735540567
0.6931451805619453 2 0.380952380952381 0.4973821989528796 0.2905759162303665 1.496638411760859
0.68531220727849 2 0.22222222222222227 0.6346967559943583 0.3220498354489892 1.2413909640408511
0.8687166829249237 3 0.36220558180034934 0.6735294117647059 0.1480392156862745 2.042997649637765
1.3421091789231085 4 0.5284316396866514 0.3008474576271186 0.12409200968523003 1.2036642409276301
0.6019209717449048 3 0.29432974308462173 0.6 0.2477240057498802 1.1701755961161022
0.765044147509964 3 0.2213004004042498 0.3726993865030675 0.24575848303393213 1.2282937127358995
1.0717270941171955 3 0.45386583819060183 0.6909090909090909 0.277998017839445 1.3320006593932046
0.5455925739719631 2 0.25000000000000006 0.7631184407796102 0.2638680659670165 1.4522987488491086
0.5783222866734842 3 0.2244111636006985 0.6111111111111112 0.16666666666666666 2.249821871421603
0.8037391073239946 3 0.32313908341775266 0.453125 0.25 1.6025707033053909
0.6365121682970628 2 0.18181818181818182 0.5939849624060151 0.18421052631578946 1.7893246264456377
0.9507449270676422 4 0.24758235396539616 0.8041237113402062 0.25 1.756204838371422
0.6791912659935828 2 0.24242424242424246 0.8032786885245902 0.32786885245901637 1.5693356298278258
0.562333144621475 2 0.4444444444444445 0.6956521739130435 0.3285024154589372 1.641095240364491
0.827735157010238 3 0.23289547060809868 0.5518102372034956 0.18040816326530612 1.6980203411195862
0.9743117528756828 3 0.47892672362431354 0.4161676646706587 0.13544018058690746 1.4308265482476932
0.562333144621475 2 0.1904761904761905 0.20496894409937888 0.011387163561076604 1.4104691588541711
1.0397177708449181 3 0.804982048756442 0.48 0.26537785588752194 1.1243118815348567
0.9743117528756828 3 0.36930180962028875 0.5524861878453039 0.1839080459770115 1.6661192094837065
1.2554783251894204 4 0.37512709528633476 0.2765957446808511 0.21768707482993196 1.5307451268139511
0.6365121682970628 2 0.41666666666666674 0.7445054945054945 0.24725274725274726 1.5663079438962983
1.331655286845175 5 0.48358826901770435 0.202113606340819 0.17503110742430528 0.7092505410205779
0.9743117528756828 3 0.3970599036914532 0.8265440210249672 0.3358554014291719 1.6412171368917283
1.0368233468392007 3 0.4685440601149872 0.48226950354609927 0.34903934126258007 1.1447487600026531
0.887691275807461 3 0.4056323614065686 0.8082706766917294 0.325187969924812 1.8015751704771006
0.6615612381601154 2 0.22222222222222227 0.6316507503410641 0.20600272851296045 1.3870961284109606
0.5253193195185206 2 0.2365591397849463 0.774503084304318 0.24994288325336989 1.609653569738877
0.6615612381601154 2 0.17777777777777778 0.6132723112128147 0.35774218154080856 1.415228175915156
0.6890072384786752 2 0.33333333333333337 0.7178683385579937 0.2800417972831766 1.4104928241809538
0.6774924044507715 2 0.3333333333333334 0.6240126382306477 0.1463928383359663 1.489193623110256
0.9554431414136644 4 0.3319551631887021 0.4271137026239067 0.13580246913580246 1.232678791746981
0.8305206914932463 3 0.3501186222672459 0.9279869067103109 0.3407487791644059 1.5015253117832992
0.6682464776666426 2 0.31372549019607854 0.4115384615384615 0.20512820512820512 1.2316581343995168
0.8305206914932463 3 0.20857484280926145 0.6412556053811659 0.26606875934230195 1.5567303714055725
0.4634105588430012 3 0.23937190784074508 0.622895622895623 0.40291806958473625 1.524167058700383
0.4825755651802941 2 0.13333333333333333 0.46511627906976744 0.29639762881896947 1.5610103717815011
0.562333144621475 2 0.380952380952381 0.5734072022160664 0.24007386888273316 1.5965265842334158
0.7356189397674613 3 0.27988900004823963 0.4971590909090909 0.1989100817438692 1.031166728433592
1.1491483765482018 4 0.452721212325262 0.6792114695340502 0.24046434494195687 1.4142694719991507
0.465997256964483 2 0.25000000000000006 0.7578125 0.3776041666666667 1.4995234044221704
0.6869595765993484 2 0.25 0.2765957446808511 0.20851063829787234 1.492490814392049
0.8896926321473294 4 0.2702305726966506 0.4153846153846154 0.10470479704797048 1.9183477004428766
0.8787483508984593 3 0.22925563336710106 0.4747252747252747 0.21762208067940553 1.6956902970255778
-9.999994999180668e-07 1 0.0 0.6103542234332425 0.259763851044505 1.9652572874453942
1.039620071220841 4 0.2957163016136553 0.6443024494142705 0.2844239945466939 1.5729904557447452
1.0386455367234673 4 0.3366821910393148 0.5911193339500462 0.2187776793622675 1.6191438310957715
1.029422166384351 4 0.37096706591163847 0.40584415584415584 0.21928166351606806 1.5338590535330392
0.92761433433364 3 0.3105902529667156 0.6075949367088608 0.066 1.7962425032165636
0.9386259203577783 4 0.41623407905323334 0.3472222222222222 0.18636363636363637 1.8486511736445974
0.6210843745575724 2 0.17777777777777778 0.3797814207650273 0.10018214936247723 1.6769180379249409
0.7773068260750033 3 0.18110279090017464 0.29042904290429045 0.2552255225522552 1.9687922503294981
0.7356189397674613 3 0.3373041393747928 0.36597938144329895 0.10652920962199312 1.6862068322163126
0.8468113807451845 3 0.19592230003376776 0.418580375782881 0.008213552361396304 1.1277486340950855
0.8092024732401926 3 0.3563858970149626 0.47696139476961397 0.14855514855514856 1.2250170274457715
0.8556101747273291 3 0.40024961165184453 0.345370978332239 0.02144082332761578 1.2119534324447785
0.7621012220614225 3 0.2499251947653331 0.4986301369863014 0.17707082833133253 1.3422821523929889
0.4825755651802941 2 0.21505376344086027 0.5168855534709194 0.10006253908692933 1.9445006323967877
0.68531220727849 2 0.22222222222222227 0.6712328767123288 0.26073059360730594 1.424753332285144
0.6519478373883025 3 0.25798703610535745 0.5978886756238004 0.22482801751094433 1.4333437006813592
0.8797666159131079 4 0.2552794501377384 0.3667752442996743 0.19680276517606393 1.9303714883232184
0.37676816126100815 2 0.17777777777777778 0.8565573770491803 0.4294171220400729 1.6287015332603048
0.765044147509964 3 0.20578477085443822 0.5766951942067149 0.19905417024935512 1.8272827251201114
0.8146415049188194 3 0.3099401148756053 0.5339805825242718 0.20841423948220064 1.3058036377639552
0.6922360496993866 3 0.28786812744982293 0.4924787442773054 0.23326793110965774 1.5898852840623081
0.68531220727849 2 0.31111111111111117 0.4833555259653795 0.151797603195739 1.2908004711455765
0.8003703838711083 3 0.2792556333671011 0.32867132867132864 -0.06751277983430284 1.945308803826586
0.8004237581682063 3 0.405297781452016 0.501779359430605 0.20384705606380482 1.4652543378435952
0.562333144621475 2 0.2608695652173914 0.5519713261648745 0.22998805256869773 1.8396680060390143
1.046627486588326 3 0.3644615944352566 0.7298050139275766 0.39676840215439857 1.349440352100347
0.6645264386570353 2 0.20000000000000004 0.4187725631768953 0.0950661853188929 2.058934086786146
1.0533914983798527 4 0.45850598220459915 0.6157556270096463 0.25616291532690244 1.9055351542134509
0.6877848229941343 2 0.35714285714285715 0.4752553024351925 0.13249541764859912 1.6366317592841815
0.8082669580111547 3 0.36220558180034934 0.5363790186125211 0.05301748448956571 1.6198147427860923
1.1491483765482018 4 0.40881320141961375 0.39915966386554624 0.04145077720207254 1.8006715810327603
0.6931451805619453 2 0.380952380952381 0.6810810810810811 0.23963963963963963 1.6124177173885794
0.8018155525515516 3 0.21316066674170603 0.7783505154639175 0.18211920529801323 1.454020679986671
1.0114012647128516 3 0.47602669112758794 0.42142857142857143 -0.11399548532731377 0.8605278489642433
0.8976180947860146 4 0.3033594524981355 0.6971736204576043 0.3603425559947299 1.465461792683176
0.6931451805619453 2 0.1904761904761905 0.8246753246753247 0.24567099567099568 1.308674664836768
0.9840835030884701 3 0.21406682228975762 0.7180156657963447 0.2879967226546497 1.5929704908009537
0.8315671226228556 4 0.3157984982721381 0.721205597416577 0.20990312163616792 1.6059833007889686
0.9868954488573298 4 0.261229733378357 0.7030625832223701 0.242503259452412 1.8316607248020318
0.8544119816113698 3 0.23049682356913848 0.45746164574616455 0.2643573381950775 1.3610427842893056
0.9520439080600773 5 0.3629386605613538 0.8251099169516365 0.2453102453102453 1.8553587901398931
0.6037449613673687 3 0.20578477085443822 0.5041198501872659 0.2571782178217822 1.5066053935589006
0.9782756923975617 4 0.4588137538636633 0.2458233890214797 0.032245827010622154 1.0410662056207005
0.7029159307848437 3 0.261229733378357 0.39488117001828155 0.14218009478672985 1.4353103770023308
1.0156202890090364 5 0.26134534279271876 0.25161290322580643 -0.13169921063564602 1.1328091433307799
0.9550993071993614 4 0.34304032533168355 0.647887323943662 0.2686230248306998 1.4260493289020886
0.912006491074393 4 0.25102136351675575 0.6831210191082803 0.29959514170040485 1.1983528399722316
0.6429104396680201 2 0.3529411764705882 0.31814483319772174 0.13859506373745592 1.173125929947394
1.082192530043434 3 0.4698694122958079 0.632183908045977 0.11421319796954314 1.3146188024789107
0.6615612381601154 2 0.22222222222222227 1.0 0.35369400814426993 1.793131469141641
0.7298682099937982 3 0.15810733335662142 0.48577524893314367 0.3035010433572919 1.138712218580136
0.9368853075459159 3 0.2854170010286605 0.66996699669967 0.19654088050314467 1.203730368671615
1.0139006609549652 4 0.40306405985218996 0.534521158129176 0.17668893838158872 1.5726144376197728
0.8305206914932463 3 0.30839264446695636 0.7272727272727273 0.26262626262626265 1.6634031771337399
0.8369949787751838 4 0.28602305038383224 0.4497716894977169 0.21969507623094225 1.1948747942844455
0.6057954993747123 2 0.18181818181818188 0.55 0.2593607305936073 1.5806940284057316
0.4437542842777149 3 0.1782555635929518 0.6979332273449921 0.2392764857881137 1.5838952126421522
1.0027369544028228 3 0.4958563644014515 0.21535893155258765 0.15408970976253297 1.005594397427096
0.8486825577339171 3 0.2398057500844193 0.5978835978835979 0.2529610829103215 1.3586102536118905
0.8396018998715464 3 0.3599611151298092 0.4791021671826625 0.21533030761472516 1.4474138387200677
0.8082669580111547 3 0.328236208375543 0.6231231231231231 0.22713864306784662 1.3290120586266818
0.9779212266416395 4 0.3753177633028006 0.533249686323714 0.2548215018465326 1.4677609980451956
0.7529716827772218 3 0.15387224846701592 0.25984251968503935 0.03937007874015748 1.4814142705183755
0.8305206914932463 3 0.25280296778550676 0.19066666666666668 0.015237265999129298 1.0309241904672073
0.553856229495151 2 0.18750000000000006 0.581190798376184 0.2787550744248985 1.5928611342766306
0.6037449613673687 3 0.1641181041877715 0.5486381322957199 0.2730069213022302 1.7168111626782743
0.9019473817099335 4 0.24056560089124535 0.43905472636815923 0.23211382113821138 1.48891951173713
0.6019209717449048 3 0.27754837505813235 0.22822299651567945 0.18061674008810572 1.0600215823472243
0.68531220727849 2 0.3555555555555557 0.30978260869565216 0.20350241545893719 1.1472041598743405
0.7529716827772218 3 0.21992223025961846 0.7191011235955056 0.1993939393939394 1.6610183941668153
0.8449097655692313 3 0.22866681726965798 0.7750865051903114 0.2578191039729501 1.7106452389138587
0.9009058732325901 3 0.30173225500127765 0.571041948579161 0.1483897268650632 1.652304225916677
1.0496308213485883 4 0.3956358299000638 0.8308103294746215 0.3740392826643894 1.6742320580791643
0.6134080494594264 2 0.25000000000000006 0.5367483296213809 0.2709725315515961 1.4826641839580692
0.6615612381601154 2 0.17777777777777778 0.7554744525547445 0.2980535279805353 1.5063243350615068
0.9097047103338318 3 0.3551608568864014 0.33487654320987653 0.2674475353831137 1.0549331538650186
1.0375871081112062 4 0.27377512350922556 0.5274509803921569 0.16924066924066924 1.244170122402157
0.8082669580111547 3 0.3910778302673652 0.5834609494640123 0.23175089331291476 1.6433441601047711
0.8305206914932463 3 0.31111111111111117 0.5529891304347826 0.23007246376811594 1.430454391966684
0.6365121682970628 2 0.5333333333333334 0.5036231884057971 0.2210144927536232 1.2841584884936266
0.68531220727849 2 0.3555555555555557 0.37373737373737376 0.18326118326118326 1.3210536413148541
0.926151713118236 4 0.4761615075165409 0.5891891891891892 0.26177825008855826 1.5137008995415584
0.759782767758782 3 0.2838004004042498 0.5641931684334511 0.18174757281553397 1.4076286736399246
0.8761395346717512 5 0.29112961033871537 0.6384266263237519 0.21081485173187142 1.594597214313558
1.0406954379267712 3 0.43198275683914733 0.43737574552683894 0.2954876273653566 1.1595199905016875
0.5359580497226601 3 0.19928753164308022 0.21706864564007422 -0.4953216374269006 2.4076783524242935
0.551077928089714 2 0.1944444444444445 0.3989071038251366 0.0714936247723133 2.414908559701601
0.562333144621475 2 0.22222222222222227 0.3611111111111111 0.010893246187363835 1.7551945328361396
0.6884552217913815 2 0.3555555555555555 0.24474660074165636 0.027194066749072928 1.6653335656693324
0.7724228653892548 4 0.2359313005609017 0.6096605744125326 0.2786391042204996 1.6160932229875111
0.7080873763510782 3 0.22630548070282283 0.5226824457593688 0.2357001972386588 1.5668155030315178
0.5670547918592592 3 0.1720430107526882 0.8823529411764706 0.3553921568627451 1.491379041403311
1.232986726606728 5 0.4848330646353969 0.5052631578947369 0.20679738562091504 1.689869840177418
1.4201114367096959 5 0.4829026264802795 0.42857142857142855 0.07446808510638298 1.394379481316236
0.3488300958480944 2 0.08333333333333334 0.625 0.3178294573643411 1.4982743835922612
0.6810856444618092 3 0.2057847708544382 0.700836820083682 0.2691954022988506 1.510541433656349
0.6210843745575724 2 0.3555555555555557 0.43848167539267013 0.08333333333333333 1.1979268665878466
0.8563813684374095 4 0.2751998914370716 0.34399477806788514 0.0103397341211226 1.321529457397211
0.7683470962173509 4 0.2441331121205074 0.3821730265074279 0.1685575364667747 1.4581726585174115
0.8995602009268195 4 0.29408821026598464 0.5135371179039301 0.18271954674220964 1.3480417170570829
0.8981340031965964 3 0.34717427463674094 0.1214574898785425 -0.20287958115183247 0.9362519822203739
0.8622644783230589 4 0.3098834035345521 0.5064220183486239 0.1919191919191919 1.4295744034160576
1.0417447893765985 5 0.3708148360516624 0.47903780068728524 0.17967698519515476 1.567071313297448
1.02809005658428 4 0.35185511927470453 0.5892448512585813 0.36902133922001473 1.478909464755842
0.8675602284925862 3 0.4600804238262306 0.45775535939470363 0.07692307692307693 1.7345804802464748
0.8995602009268195 4 0.22994815350641232 0.3884083044982699 0.03187250996015936 1.3160937186038153
0.8568550369113852 4 0.29052047180531654 0.5542521994134897 0.26691967109424414 1.3651116029578791
0.6884854796446992 3 0.23796889210384736 0.5765998707175177 0.2773037542662116 1.4757169684640807
0.8217464391443952 3 0.25170521798768064 0.7157039711191335 0.24316463059918558 1.6638991218949137
0.9327451967331462 3 0.29608294498517795 0.4098671726755218 0.13395638629283488 1.528806514988239
1.053259243314315 4 0.38851197409641647 0.304885993485342 0.1369011826017238 1.2356518158897207
0.465997256964483 2 0.25000000000000006 0.5684210526315789 0.18897243107769424 1.3931466753700201
0.8815292611983065 3 0.3278459879313544 0.5453885257806826 0.24220052393427005 1.3337581402091199
0.7029159307848437 3 0.3221838641538372 0.6827067669172933 0.28375061364752086 1.2365822791203755
0.8003380688564513 3 0.26945516318870205 0.28257686676427524 0.0782041998551774 1.1516608754261666
0.8292928063228837 3 0.30858635463866757 0.6808794137241839 0.2068436060539592 1.8068878766372332
0.6323664730480534 3 0.2508525310979044 0.75 0.37105751391465674 1.2964341975884341
0.9979124174094544 5 0.42074172314137004 0.6085271317829457 0.31593545133635903 1.4954827156198491
0.9494794941925704 4 0.3213022254371806 0.6079136690647482 0.26128266033254155 1.6394437834689284
0.7774591319216559 3 0.21950375557806737 0.5917553191489362 0.25890529973935705 1.793326089595877
0.37676816126100815 2 0.17882561914409822 0.6236933797909407 0.416389811738649 1.0355242178569166
1.0366891942717307 4 0.2309295434596595 0.3982532751091703 0.12808730614589317 1.369475245617435
0.6774924044507715 2 0.16666666666666669 0.7189542483660131 0.14596949891067537 2.2954021849280886
0.5859506183060716 2 0.2666666666666667 0.8410596026490066 0.4047093451066961 1.4151886806257148
0.6210843745575724 2 0.2666666666666667 0.37755102040816324 0.26433430515063167 1.3246375069625276
0.9868954488573298 4 0.3945630667116903 0.5632333767926988 0.25500212856534693 1.7864283700364583
0.36220855714026556 2 0.08333333333333334 0.28125 0.20833333333333334 0.83760010094611
0.9743117528756828 3 0.3345433774722943 0.4988962472406181 0.2852233676975945 1.031081704011952
0.9037502221075788 4 0.262970362444131 0.0 0.0 1.3467856358642831
0.8753614152741768 3 0.22661810418777156 0.4067796610169492 0.23163841807909605 1.030450437612102
0.9899159834044603 4 0.4232909939678063 0.8005738880918221 0.39452423698384204 1.4922780283968122
0.6057954993747123 2 0.16666666666666669 0.46740638002773927 0.18122977346278318 1.1660023989590114
0.8815292611983065 3 0.30567417782280143 0.31086142322097376 0.15313653136531366 1.5011798052247938
0.6615612381601154 2 0.13333333333333333 0.5591397849462365 0.23118279569892472 1.7055865180791998
1.0871013763981805 4 0.43150144957719916 0.6081424936386769 0.21877584780810588 1.255928197746553
0.5455925739719631 2 0.16666666666666669 1.0 0.5015576323987538 1.5640807164819557
0.8865576711603558 4 0.4660237219875383 0.5704274702172389 0.25970425138632164 1.6552015873105255
0.6210843745575724 2 0.22222222222222227 0.3419618528610354 0.2506811989100817 1.229959465191342
0.9110145397212295 3 0.36198257900068576 0.4804804804804805 0.2752752752752753 1.5904839850003791
0.64998588199351 2 0.2553191489361702 0.6181988742964353 0.2945590994371482 1.4619194725635274
0.9761860500659592 4 0.3569667589163007 0.2 0.4 1.5270296377485117
0.6199848019136938 2 0.21212121212121213 0.632251720747296 0.21206161914126515 1.7039315885825876
0.5799131714206577 2 0.09523809523809525 0.7168949771689498 0.31709791983764585 1.561189238624496
0.6682464776666426 2 0.23529411764705888 0.30708661417322836 0.26246719160104987 1.0799635262353477
0.7908659804869604 3 0.36190476190476184 0.502092050209205 0.2536361825064754 1.4112795252568058
0.6869595765993484 2 0.33333333333333337 0.27440633245382584 0.1741424802110818 1.33426155589427
0.6702567024258569 3 0.2502195540690256 0.5100671140939598 0.19574944071588368 1.6847951112014543
0.7665253305140063 3 0.22013109403441086 0.49254790631653655 0.10955056179775281 1.6549500009561786
0.8047643695840201 4 0.24907013614053697 0.40742959856201316 0.08986312239634993 1.6205474260369181
0.6722118648395888 4 0.24673401540665008 0.5112563543936093 0.21207929921622867 1.5586844203367938
0.8944605089724794 4 0.28942752847637676 0.3538961038961039 0.21837837837837837 1.531297461039588
0.7322221770172943 4 0.28455428000678085 0.7777777777777778 0.32142857142857145 1.1433077901477051
0.7978881125325039 3 0.31446062837427935 0.6343859649122807 0.2325850497570007 1.4893795370916683
0.630084144561073 2 0.2777777777777778 0.7332123411978222 0.26799758015728975 1.5426271750738378
0.562333144621475 2 0.08888888888888889 0.5089285714285714 0.3125 1.4674029884140438
0.8807198205419517 4 0.33624437206915875 0.4070305272895467 0.12440898345153664 1.3288283486329717
0.8931947589295085 4 0.2710237102509141 0.8217446270543616 0.32961586121437425 1.4315749561186886
0.562333144621475 2 0.3555555555555557 0.6690856313497823 0.24770198355104014 1.6433347454864298
0.22371607607486488 2 0.08333333333333334 0.421875 0.3333333333333333 1.1885265406886318
0.6492463548730875 2 0.20833333333333337 0.6637931034482759 0.1839080459770115 1.6371057842560421
0.8463628296370541 3 0.24490287504220964 0.7934131736526946 0.25317693059628543 1.6337330225826807
0.8815292611983065 3 0.3863526205870393 0.5681470137825421 0.24042879019908117 1.4701159406800939
1.1966077112492732 5 0.5822101456663421 0.25510204081632654 0.11606313834726091 1.4647430310509986
0.9554431414136644 4 0.31613231539897685 0.18823529411764706 -0.12170639899623588 1.795152815720837
0.6057954993747123 2 0.125 0.24736842105263157 0.3333333333333333 1.2771506317856973
0.6774924044507715 2 0.3750000000000001 0.5706371191135734 0.20867959372114497 1.6519337603880193
0.7691237318222964 3 0.19354838709677422 0.27562862669245647 0.09252095422308189 1.1685336173919036
1.013280329571821 4 0.3333358904468703 0.44610778443113774 0.22063718497384688 1.4150437124757447
0.6365121682970628 2 0.33333333333333337 0.6028169014084507 0.2 1.7057508060407893
0.923837705637672 3 0.38521072678165386 0.6066666666666667 0.33896515311510034 1.1562138330449527
0.6365121682970628 2 0.2745098039215687 0.28921568627450983 0.29193899782135074 1.048544218857032
0.7029159307848437 3 0.3056741778228015 0.3681506849315068 0.1527777777777778 1.3231295902780826
0.7380565340967918 3 0.32053891513368266 0.4813614262560778 0.24878444084278767 1.527006551177142
0.8060385049550861 3 0.4016277817964758 0.6235842771485676 0.26785321907273124 1.5736998233450439
0.562333144621475 2 0.08888888888888889 0.6693333333333333 0.29644444444444445 1.601302374573224
0.37676816126100815 2 0.17777777777777778 0.5645390070921986 0.3262411347517731 1.3948091619129843
0.6057954993747123 2 0.20833333333333337 0.7506053268765133 0.3333333333333333 1.6152723668983304
0.759782767758782 3 0.24213373373758315 0.4794520547945205 0.22998296422487224 1.450959803635461
0.8486825577339171 3 0.4685349349503324 0.29596412556053814 0.13024602026049203 1.04528708341194
0.836771226395001 3 0.2818307619369217 0.617359413202934 0.2506053268765133 1.4155346348963864
0.6436562611196064 3 0.23720558180034929 0.5502283105022832 0.25621511922881784 1.8013695641752592
0.7968971455294295 3 0.3066111666907866 0.7717099373321397 0.26038291605301916 1.432874147509134
0.8815292611983065 3 0.4390075111561348 0.44145569620253167 0.2377766340710242 1.3861788190496556
0.562333144621475 2 0.2857142857142857 0.36220472440944884 0.24540682414698162 1.3324924365211033
0.8305206914932463 3 0.36791704561025973 0.48673946957878317 0.27161125319693097 1.4165088743939487
1.002714264531766 4 0.32823620837554296 0.544 0.23834196891191708 1.3434181238810046
0.9586888593311804 3 0.27637529179329556 0.7274193548387097 0.22293942403177755 1.86438941456937
0.23378965871499252 2 0.08888888888888889 0.6199722607489597 0.20018492834026816 1.6464755774265711
0.6645264386570353 2 0.3333333333333334 0.5292792792792793 0.3194444444444444 1.6352960872835856
0.8475782074787572 4 0.30826043693932365 0.6835699797160243 0.2686962276637988 1.466247829652295
0.6862087122447917 2 0.38383838383838376 0.5883293365307753 0.20916600053290701 1.7158213774529845
0.5004004235413129 2 0.13888888888888892 0.7550585729499467 0.2988995385161519 1.4925292822977703
1.0735388464213231 4 0.3317708698039323 0.4184873949579832 0.12551440329218108 1.11450302043561
1.1432712062088137 4 0.5559405998856176 0.48623853211009177 0.16271844660194174 1.2960199669014136
0.8060007320812698 3 0.28555125862862035 0.551272166538165 0.09401273885350318 1.4158484854652786
0.6019209717449048 3 0.20544085419573282 0.5947611710323575 0.3307163886162905 1.2018132391658563
0.5442807329860391 3 0.1993527246670444 0.6155778894472361 0.23952341824157766 1.6259600763684336
1.0940524568490424 4 0.4605777977515297 0.43441636582430804 0.13634637295860236 1.1835161852877671
0.7356189397674613 3 0.20544085419573285 0.5257234726688103 0.2897874546397097 1.2385192847867328
0.9002530512753368 3 0.380952380952381 0.5191740412979351 0.06686332350049164 1.3454811549984163
0.9019473817099335 4 0.3770403203233999 0.5439056356487549 0.01310615989515072 1.6302065333734757
0.6931451805619453 2 0.31372549019607854 0.6596026490066225 0.2304635761589404 1.411369222381475
0.8731696364331774 3 0.2490812199035792 0.5375375375375375 0.2709343679275784 1.4034769302760006
0.5004004235413129 2 0.29629629629629634 0.3378016085790885 0.19481680071492405 1.2191220745068163
0.8003380688564513 3 0.3391277817964759 0.46396396396396394 0.2902843601895735 1.1690969178339472
0.9894515139222181 4 0.26845885987647283 0.577962577962578 0.30728651500164855 1.1318105601008999
1.0533914983798527 4 0.3737944787266344 0.2925 -0.0925 1.46455991792639
0.9002530512753368 3 0.4074412882124613 0.6394557823129252 0.3973655323819978 1.1442058759209794
1.0699133418346678 4 0.35154082504262774 0.5356521739130434 0.2353273137697517 1.2797781360978921
0.8305206914932463 3 0.2790281567213709 0.514018691588785 0.21703853955375255 1.2366972897593251
0.8760027656524485 3 0.35270097441092474 0.661849710982659 0.14165890027958994 1.4205941710642078
0.9368853075459159 3 0.47441116360069857 0.3081395348837209 0.20348837209302326 1.0590680777421957
0.6001630731712565 3 0.19184460006753543 0.797752808988764 0.3279569892473118 1.262438126481067
1.2770302594760556 4 0.6750714858541195 0.4166666666666667 0.14473684210526316 1.6288193159387885
0.8815292611983065 3 0.29432974308462173 0.48546511627906974 0.17680608365019013 1.436847976552583
0.8569947547897019 3 0.45597072628525914 0.4343015214384509 0.16459197786998617 1.4224310698132467
0.8815292611983065 3 0.23458371227692637 0.4363295880149813 0.25969230769230767 1.1926787066575195
0.5941280227273119 2 0.15053763440860218 0.5944055944055944 0.20046620046620048 1.463925824210567
1.0561791478014633 5 0.36445422895327456 0.48951048951048953 0.21114754098360655 1.5056085274777289
0.8305206914932463 3 0.3863526205870393 0.52 0.16666666666666666 1.372361566039018
0.8647370965378594 3 0.3945630667116904 0.5704225352112676 0.2819634703196347 1.8617896158448264
0.6615612381601154 2 0.2857142857142857 0.7395209580838323 0.35129740518962077 1.8467272693079047
0.9743117528756828 3 0.37512709528633487 0.7976190476190477 0.2606177606177606 1.7046539815648756
0.8647370965378594 3 0.4276630764179552 0.5644916540212443 0.2064676616915423 1.2478874378525375
0.6931451805619453 2 0.22222222222222227 0.7475490196078431 0.22140522875816993 1.385052933796412
0.8146415049188194 3 0.4057971014492754 0.34782608695652173 0.07718233906302663 1.2794465410822462
0.6730096670113398 2 0.30555555555555564 0.5696335078534032 0.22129144851657942 1.3630832459888254
0.5297041990605473 2 0.16666666666666669 0.5983379501385041 0.27977839335180055 1.7776998745027046
0.8463628296370541 3 0.28656954170887633 0.5977564102564102 0.23489583333333333 1.4120417405459806
0.6931451805619453 2 0.380952380952381 0.5 0.2777777777777778 1.6305803564838368
0.6774924044507715 2 0.25000000000000006 0.7305295950155763 0.1261682242990654 1.9147326368016189
0.6829061047025133 2 0.3666666666666668 0.4882154882154882 0.2360643471754583 1.3082735799776573
0.5297041990605473 2 0.08333333333333334 0.6449864498644986 0.21680216802168023 1.516245569162166
0.6931451805619453 2 0.37037037037037046 0.5806451612903226 0.2626728110599078 1.4909088609729968
0.885234826885889 4 0.2764529261595907 0.3496071829405163 0.20452039691289967 1.3797456691850527
0.6774924044507715 2 0.16666666666666669 0.10903426791277258 0.08203530633437175 1.008273559028641
0.708685028227737 3 0.2398057500844193 0.2833333333333333 0.19148936170212766 1.5390036276151853
0.4825755651802941 2 0.13333333333333333 0.23062015503875968 0.16472868217054262 1.3308006097453524
0.9002530512753368 3 0.17505931113362294 0.4959349593495935 0.21223958333333334 1.3850343523606603
0.562333144621475 2 0.3555555555555557 0.7272727272727273 0.3522727272727273 1.4178176044594475
0.7571359076230675 3 0.28942629092137 0.6323134728931831 0.13162575595873355 1.7741889366690817
0.562333144621475 2 0.08888888888888889 0.3697478991596639 0.21358543417366946 1.1859293482405362
0.9279119221955754 4 0.2853031806024447 0.6533226581265013 0.24435211633341988 1.3251955158567594
0.8815292611983065 3 0.5196859539203726 0.30601092896174864 0.20947176684881602 1.3789632339299625
0.8003380688564513 3 0.31829444846314253 0.4878836833602585 0.16973578863090472 1.42467133070476
0.9868954488573298 4 0.24716683199602243 0.47269890795631825 0.16976393771973883 1.3615091716301257
0.6730096670113398 2 0.36111111111111116 0.6364812419146184 0.16817593790426907 1.2782306335746503
0.7866982379284644 3 0.2841113113258031 0.6600790513833992 0.4059760956175299 1.061488345279038
0.6036352515027463 2 0.17391304347826092 0.6859756097560976 0.22967479674796748 1.906176684883898
0.861327133558511 4 0.427651468118587 0.5475319926873857 0.22317979197622587 1.1392909997869318
0.7462366295938397 4 0.3227588633509839 0.5885860306643952 0.11023622047244094 1.4995864603160656
0.6869595765993484 2 0.25 0.5240793201133145 0.08970727101038715 1.445351450256387
0.7866982379284644 3 0.4422797461266998 0.603542234332425 0.2432192085371276 1.2551053389634181
0.992870323736136 4 0.3039671570314525 0.41621084037792144 0.14790076335877864 1.1960673766383334
1.028227425866152 6 0.26543690558691446 0.4589409056024559 0.09561752988047809 1.2389114197750173
0.6615612381601154 2 0.17777777777777778 0.38188277087033745 0.2291296625222025 1.5379186747607545
0.8378942277950856 3 0.3417616220069953 0.19561068702290077 0.10651629072681704 1.3525058721188414
0.8305206914932463 3 0.5165519653068441 0.5186721991701245 0.2694043321299639 1.4705461436273852
0.5566439035962066 3 0.2841113113258031 0.48727272727272725 0.2389105058365759 1.236008459181368
0.553856229495151 2 0.2083333333333334 0.47352264006139677 0.2573548222051676 1.0667236416903245
0.8305206914932463 3 0.20544085419573285 0.2901907356948229 0.164 1.2256571705382746
0.6128664524759077 3 0.2413217193337906 0.38387096774193546 0.25471698113207547 1.9373284495069836
1.0796807914763467 4 0.43382523732808864 0.4060012247397428 0.20019646365422397 1.256976832210373
0.9100730867213234 3 0.40241121500076116 0.691866028708134 0.45986519607843135 1.3090478032216848
1.32233463107808 6 0.5138639582217392 0.5208333333333334 0.2226855713094245 1.3208516735101665
0.8815292611983065 3 0.40000000000000013 0.7070151306740028 0.2925263640531866 1.6413777938884144
0.7774591319216559 3 0.17505931113362294 0.5309446254071661 0.25026455026455025 1.255224948780128
0.7029159307848437 3 0.2195037555780674 0.6177536231884058 0.35654761904761906 1.189694581749203
0.68531220727849 2 0.22222222222222227 0.45310015898251194 0.1499735029146794 1.294063208570969
1.1432712062088137 4 0.53353221979944 0.604355716878403 0.26259196378041877 1.422449793051642
0.9743117528756828 3 0.32347260116581533 0.453125 0.27818627450980393 1.7157438156601872
0.9386259203577783 4 0.34929805219614896 0.4886499402628435 0.18169478378902462 1.3574480031885607
1.0132803295718207 4 0.353269625788115 0.6362745098039215 0.2555729984301413 1.3629745216376696
0.8815292611983065 3 0.47524150947592825 0.3215926493108729 0.19040326697294538 1.444964250746935
0.8193192134998255 3 0.4562615155340589 0.45399828030954426 0.2964315819050295 1.2059741075585413
0.8305206914932463 3 0.45680593449914864 0.40529531568228105 0.28105906313645623 1.5661269563731384
0.6581079875452631 2 0.18518518518518523 0.48847926267281105 0.09575012800819252 1.1403367690154878
0.7226718037585774 3 0.2554337419572696 0.5423580786026201 0.2410480349344978 1.7185884140031693
0.8144412357490218 3 0.2723697235744613 0.45737855178735104 0.28549894482966537 1.3669283905381524
0.68531220727849 2 0.31111111111111117 0.49050632911392406 0.29852320675105487 1.2204702034400061
1.220278166284587 4 0.4983926383021792 0.648506151142355 0.1669449081803005 1.4197680937961326
0.6931451805619453 2 0.13333333333333336 0.6630434782608695 0.18840579710144928 1.910671680151352
0.562333144621475 2 0.17777777777777778 0.36909871244635195 0.1893180734382451 1.2844876816080624
0.8569947547897019 3 0.2823118229408885 0.40543735224586286 0.20378963650425366 1.4688844521331341
0.7269983625603583 3 0.2625889667004344 0.2623814541622761 0.14507772020725387 1.350892017257424
0.8192269997152338 3 0.3471062804145302 0.4529828109201213 0.23714759535655058 1.2343721142653932
0.8156091939743341 3 0.2500613563451272 0.4900142653352354 0.2835645426757583 1.3574710086171462
0.6730096670113398 2 0.27777777777777785 0.3336267605633803 0.2819835680751174 1.1238132118724786
1.0912990006632517 4 0.307364739882332 0.665 0.270021645021645 1.6757150525304507
0.8305206914932463 3 0.27144987568610734 0.19895287958115182 0.1739687967514426 0.7785779593151649
0.8365621721021164 3 0.36586722375084035 0.5139240506329114 0.12401165210153975 1.8578798014159
1.321349976074418 6 0.5588879744130396 0.4186643835616438 0.21914426769061987 1.694123604917956
0.6450311516782432 2 0.2133333333333334 0.23183673469387756 0.02666666666666667 1.8204095524333608
0.6159875783368298 3 0.2209396875189562 0.5045620437956204 0.20323741007194246 1.3134456240381145
0.943459269272328 4 0.265614345886759 0.21669341894060995 -0.06155451225873761 1.3732172688093183
1.0608539471628964 3 0.5204032032339981 0.6272965879265092 0.08638132295719844 1.5724186814689398
0.5982675885877072 2 0.16666666666666669 0.7005291005291006 0.2920634920634921 1.6136930811989185
0.8680115152130023 5 0.2380964383730207 0.34950135992747056 0.13751489868891537 1.6323144486435166
0.45055920886990464 2 0.18181818181818182 0.47706422018348627 0.1944954128440367 1.7487844705615643
0.7529716827772218 3 0.328236208375543 0.46936114732724904 0.06172839506172839 1.5192597206439955
0.996154781992499 5 0.3193354518347788 0.7771002710027101 0.23178363880196692 1.5385174354118327
0.7029159307848437 3 0.1306148666891785 0.6718954248366014 0.2143467122117848 1.4795763287361017
0.6019209717449048 3 0.24988529864017733 0.5654596100278552 0.2432924056389268 1.43849939393033
0.9554431414136644 4 0.35779898206564353 0.6940700808625337 0.3993968117190866 1.5197112813170497
0.5455925739719631 2 0.16666666666666669 0.296875 0.15625 1.6161573623892236
0.9534254773627151 5 0.31379443177051075 0.6280442804428045 0.2592064623425992 1.355797151545336
0.23378965871499252 2 0.08888888888888889 0.4041095890410959 0.12374429223744292 1.7728522115989822
0.691499198068575 3 0.20841421215191006 0.6860236220472441 0.23708010335917312 1.7338321613416872
0.37676816126100815 2 0.1904761904761905 0.4972375690607735 0.0847145488029466 1.8661394462264962
1.0130197035503374 3 0.4258302256187024 0.6038107752956636 0.22657226155768428 1.3471037625518096
0.7298399194925769 3 0.3089281961181582 0.5478260869565217 0.20934959349593496 1.3689074155209116
0.6210843745575724 2 0.22222222222222227 0.6292286874154263 0.4009923319801534 1.4544138464438028
0.8647370965378594 3 0.261229733378357 0.5384615384615384 0.12769784172661872 1.6470341284827328
0.8815292611983065 3 0.3945630667116904 0.5807327001356852 0.21336874723328905 1.5013645323433717
1.037792816136762 4 0.250196187354055 0.6624365482233503 0.3394683026584867 1.8089187689851915
0.8313995205030316 3 0.3387741875290662 0.6706507304116865 0.3738834538494258 1.2669671705732244
1.1569836443581192 4 0.40434075145726905 0.42470389170896783 0.07284413497589716 1.461351445515124
1.1246662892518389 4 0.36487087951019703 0.5478615071283096 0.16603295310519645 1.2928633214957699
0.8815292611983065 3 0.27902815672137077 0.6098039215686275 0.09720457433290978 1.583296107635284
0.465997256964483 2 0.125 0.5550906555090656 0.21803812180381218 1.5158342237983777
0.5982675885877072 2 0.11111111111111112 0.6757575757575758 0.1898989898989899 1.5120117315518804
0.8146415049188194 3 0.33606998529373583 0.868421052631579 0.43859649122807015 1.6976833191654574
0.6931451805619453 2 0.24691358024691365 0.37591537835638733 0.18253322484404666 1.264148650564487
0.663262680727862 2 0.2592592592592593 0.4973293768545994 0.1661721068249258 1.4154115019193312
0.6791912659935828 2 0.18181818181818182 0.3333333333333333 0.4444444444444444 0.8740028226427153
0.25731664055136994 2 0.10256410256410257 1.0 0.3333333333333333 1.305021169820365
1.0296500140697402 3 0.3424014236595548 0.620253164556962 0.16996047430830039 1.5277222057854924
0.6035378825850605 3 0.301446917152423 0.5 0.26666666666666666 1.5927029637748513
0.7965823690193579 3 0.29561630309169895 0.3 0.26666666666666666 1.4123182060455144
0.6722118648395888 4 0.2661883273425818 0.5150812064965197 0.29221279876638395 1.2393357203391095
0.6869595765993484 2 0.23529411764705888 1.0 0.5333333333333333 1.5047864513149662
0.7924861052807268 3 0.34532282542898524 0.3695652173913043 0.1510791366906475 2.3362833007092
0.8192374772710713 3 0.28571428571428575 0.06521739130434782 0.3115942028985507 1.7957889425878761
