1.4161346803785861 5 0.7432997721409618 0.724233983286908 0.2702479338842975 1.2512184811668692
1.398915393779923 5 0.7122429283656603 0.7436399217221135 0.366009589770911 1.2898089152719818
0.8037391073239946 3 0.24155400304322563 0.820054945054945 0.6388767003071523 0.8828159006061246
1.3653639861541425 5 0.6328477300674525 0.5732600732600732 0.31190926275992437 1.100788735480303
1.0397177708449181 3 0.9153053327410026 0.6404833836858006 0.40947075208913647 1.00817643592834
1.3208843431586557 4 1.1444185185529034 0.5967741935483871 0.46190476190476193 0.9461873803845254
1.5110801761045443 6 1.0465205394194654 0.5432692307692307 0.1282225237449118 1.5115702054715154
1.2375921682602236 5 0.4248935718277021 0.7720739219712526 0.338212232096184 0.9852546527474942
1.2983336714652394 5 1.329304675443086 0.5627306273062731 0.2469879518072289 1.4236304338645376
1.1525078194908358 4 1.4735032655638263 0.4584192439862543 0.2517754868270332 1.5378899605667542
0.9080577953468554 4 0.36646634399898004 0.7386206896551725 0.6162420382165605 0.9731369423523432
0.7773068260750033 3 0.4665167828586248 0.5613577023498695 0.23964285714285713 1.5607316371493924
1.599215256614893 6 0.9707349677352739 0.8118466898954704 0.42 1.036276223146845
1.2544386760462571 4 0.9864460176764542 0.6621835443037974 0.33373668925459826 1.3020571717697698
1.282042240062655 4 0.8087397216190203 0.9511854951185496 0.36993563044301403 1.2855027292925585
1.006210565960437 4 0.6920242357961746 0.6493055555555556 0.061068702290076333 1.7449034358831157
0.6885633693268978 4 0.1630222283203275 0.733142037302726 0.25037147102526003 1.2277630329015157
1.2019744463944577 7 0.7973578249422424 0.6717299578059072 0.23880261084852578 1.5048277581558336
1.0336965498709902 4 0.7986819091775736 0.6548536209553159 0.37442713107241066 1.0146185561532957
0.27063779365032886 3 0.13521031606916828 0.5625 0.4739583333333333 1.2636367577465095
1.2200854693442542 5 0.9606290213906311 0.8969804618117229 0.3040590405904059 1.215675704426965
1.8310134811420158 7 1.0306003706645221 0.6473988439306358 0.4709042076991943 1.2191098132887555
1.2324012234793282 4 0.5836755973454302 0.5610795454545454 0.39867424242424243 1.6813350538238097
1.3208843431586554 4 0.5863444050708309 0.8573333333333333 0.38360539389638043 1.0858106383685293
0.6019209717449048 3 0.24502216675582822 0.7635135135135135 0.16063738156761412 1.3044956538960404
1.2963561598146227 5 1.019693068563987 0.8409090909090909 0.42105263157894735 1.0518064944554468
1.2554783251894204 4 0.8802813784658172 0.545045045045045 0.2496626180836707 1.049413050651708
0.9718457712424033 3 0.8838875459728187 0.7882882882882883 0.4199475065616798 1.24239139248854
1.418297684427168 6 0.811259361793816 0.6623853211009174 0.31038080333854984 1.37893545055187
1.0114012647128516 3 0.8126328820663858 0.7868020304568528 0.4907338769458858 1.2013426283159105
1.0609541504576758 4 0.5681994876119223 0.6550522648083623 0.42259887005649716 1.1458573473887907
0.9560413809737569 3 0.7959303315535586 0.31993817619783615 0.014940752189592994 2.0066966413978875
0.9743117528756828 3 0.7768419892567998 0.6512890094979648 0.3442113442113442 1.3482379788482672
0.5067312576519971 4 0.12932474852617476 0.21138211382113822 -0.005291005291005291 1.8616405212913407
0.9925056555139957 3 1.4560332078235874 0.4971240755957272 0.1262667762256916 1.7438783674866651
0.9002530512753368 3 0.538733799511896 0.9117647058823529 0.2997946611909651 1.2761795399830886
1.4614671293220243 5 0.6973948746061732 0.6285310734463276 0.414440734557596 1.040283630229255
1.084953504636167 3 1.2538881053603443 0.6449511400651465 0.4296055012667391 1.6260139502135158
1.6020499154853929 6 0.8638359975119028 0.8277153558052435 0.28423475258918296 1.7929928891594455
1.3208843431586557 4 0.8589715577981174 0.5955056179775281 0.2435064935064935 2.028404941914821
1.1846860598798374 5 0.9729410349163261 0.599647266313933 0.17687074829931973 1.3834406563012906
0.6019209717449048 3 0.2757950848902668 0.3333333333333333 -0.08333333333333333 1.8578523861716618
0.6019209717449048 3 0.2493129572439285 0 0 0
1.235140651545416 4 0.4197479658353233 0.7763975155279503 0.3470209339774557 1.093600393379004
1.1189648668970098 4 0.9344004910028151 0.6088631984585742 0.3294054633101232 1.1835528436969862
1.0397177708449181 3 0.7315646084813169 0.7902097902097902 0.28435114503816794 1.5140639404520762
1.494170138304642 5 0.8924961979058282 0.6042402826855123 0.5850111856823266 1.3405587205734995
0.6885633693268978 4 0.2671658326937803 0.7926634768740032 0.30778739184178 1.4532085782763178
1.0397177708449181 3 0.781208770660008 0.5666666666666667 0.5444444444444444 1.0450979364499453
1.1432712062088137 4 0.746742026000501 0.841025641025641 0.4246641074856046 1.0690932360636323
1.3535863521542728 5 0.921332031344267 0.5097690941385435 0.15350223546944858 1.5010292491140689
0.8573196156457258 4 0.3444457717310181 0.6161689730517116 0.40553709856035436 1.3924087689469777
1.5843167778466625 6 0.8612697793987012 0.6661367249602543 0.4678068410462777 1.4121120132354181
0.9979558924171805 5 0.5973787829469838 0.6425765907305577 0.25489749430523917 1.5061848423556317
0.6747044674287963 3 0.16734223161635653 0.7189292543021033 0.45603715170278636 1.1123851068911632
0.27063779365032886 3 0.05230884075297092 0.6126696832579186 0.32441272673208443 1.4257236387058574
1.2839465640360097 5 1.363254426563213 0.6595059076262084 0.4373239436619718 1.4067690029748048
1.1972920154667053 5 0.7026740823269233 0.7485029940119761 0.356243949661181 1.2111137971807262
0.8817174815744939 4 0.7207048208980666 0.8327228327228328 0.30726072607260724 1.4748076573008526
1.4729317587188837 6 0.9437550094731401 0.6325036603221084 0.30880361173814896 1.337432361430924
1.0053834327751212 4 0.5015010015994273 0.410752688172043 0.30637422892392047 1.6711951541781829
1.461467129322024 5 1.3369799320238516 0.4696755994358251 0.367816091954023 1.5568872234803908
1.7328619514198633 6 0.9683756041603419 0.5175202156334232 0.34022988505747126 1.592771843892246
1.1966077112492732 5 0.6290254954363336 0.9252669039145908 0.5170263788968825 0.9990783547809379
1.3571351438699586 5 0.7274468731180128 0.5872611464968153 0.4968789013732834 1.381684838584696
1.5426698611376117 6 0.9820159786709999 0.6299093655589124 0.2339924670433145 1.7848119176911483
0.7978881125325039 3 0.19174709553075206 0.592048401037165 0.39181791990780757 1.588622250250414
1.162695833512044 4 1.0092903856850077 0.7222222222222222 0.4282955094157412 1.409756106586404
0.8328188358627552 4 0.29486649673349047 0.5239030779305829 0.3419436798644929 1.4029647501538838
1.4406936437214743 7 0.6352566312158977 0.7328385899814471 0.4752534287418008 1.5512634899114361
1.3519643804266752 6 1.3441090918307097 0.3595206391478029 -0.004273504273504274 2.112288267494537
1.251151983376565 4 1.3248394367056784 0.4188911704312115 0.27720739219712526 1.8974454491128703
0.7088299480082485 3 0.521083214415395 0.7133058984910837 0.23423423423423423 1.2420741505054165
1.251151983376565 4 0.7982384767220895 0.5621805792163543 0.2715671260847371 1.3895370424078366
0.9180419180850247 4 0.5463234638702346 0.5602605863192183 0.17341549295774647 1.5104541320317504
1.0419096806168167 4 1.4859748423407637 0.468586387434555 0.343804537521815 1.4937131640644967
1.2440116958164495 5 1.3406526260321951 0.39060205580029367 0.07129186602870813 1.812287470319763
1.0408358374387054 4 0.5094323172993399 0.5433287482806052 0.48418156808803303 1.845468476265724
1.2396040398625603 4 1.3221500142567206 0.4227941176470588 0.20710784313725492 1.4684670899048988
0.9117427356753312 4 1.2129845741393008 0.7055516514406184 0.177001806140879 1.7467946251966022
1.2730243365997505 4 1.2165953681007768 0.5833333333333334 -0.013157894736842105 2.0848779990578756
0.6837359058583963 3 0.24652059851139485 0.6578249336870027 0.2190280629705681 1.2502431394762026
0.44402630893430267 4 0.12446436770001522 0.5293746051800379 0.5731532637609986 1.230380970963809
0.746216588613319 4 0.12744795001346967 0.6776223776223776 0.32212189616252823 1.4798466468722702
1.4898437964917866 5 0.7342105233278823 0.523102310231023 0.13031674208144797 1.5242464088557341
1.5933972318556822 6 0.7047668214921143 0.7486338797814208 0.4630183839247542 0.8568794530848192
1.0336965498709902 4 0.6799858582422825 0.6706989247311828 0.3358005453837164 1.281853831710179
1.0336965498709902 4 0.9448931800108489 0.541958041958042 0.25742067553735926 1.5075662794903082
1.2559725038747749 6 0.5738060867890792 0.6192468619246861 0.30530240265120134 1.4524801925006308
1.2401220960916137 5 0.6382525340931026 0.4358974358974359 0.0893854748603352 1.815663775666733
1.2240643380200316 4 1.2020737498478304 0.4466357308584687 0.22041763341067286 1.9645744818799284
0.8716506722520506 4 0.47024969030691344 0.6974500344589938 0.5146557600545331 1.3028876670646974
0.9180419180850247 4 0.5149288620597161 0.4828125 0.020672882042967168 1.5817869467350332
0.7226718037585774 3 0.47644630892689904 0.5062857142857143 0.3954285714285714 1.6730075647397096
0.6565246849518696 3 0.260268546296087 0.7593800978792822 0.46321746160064675 1.1822014243150782
1.0345982329152645 3 1.1755872373903384 0.43833017077798864 0.07653383934218849 1.790450986040303
1.2786407436455511 5 0.7356066491511396 0.5546813532651456 0.19106590004422822 1.3291615828895245
0.8815292611983065 3 0.9152018796087955 0.6692111959287532 0.40825688073394495 1.2162455947544242
0.9470541522889971 3 0.9622647791370671 0.5326704545454546 0.3977272727272727 1.6652068017236323
1.3208833431716553 5 0.7180524213245162 0.6974789915966386 0.5346912794398472 1.0881477591036344
1.2440116958164495 5 1.0652949978325574 0.4360313315926893 0.3256606990622336 1.3393122706369194
1.2822262894895544 5 0.46819046772442174 0.6550522648083623 0.10248447204968944 1.4570980704840821
1.6242155882750609 7 0.7880161618333956 0.6309859154929578 0.20262267343485618 1.4045905024022773
1.276714704799067 5 0.8385348178787126 0.6329639889196675 0.2662746745065099 1.5124711079329642
1.2858904285722146 5 1.3826724176239498 0.519053876478318 0.29676104676104675 1.721681212062583
0.8305206914932463 3 0.7551340319629206 0.5958132045088567 0.20133630289532295 1.2756084321043455
1.2996459635728972 5 0.9546350013611574 0.6666666666666666 0.16089527027027026 1.6459442295877018
1.0735388464213231 4 0.755426649286823 0.8303886925795053 0.5494880546075085 1.2221820887845827
1.251151983376565 4 1.3386685396678633 0.5492772667542707 0.34663234663234666 1.9082371770866855
1.4648113849073128 5 0.9682318889597997 0.5661764705882353 0.3235294117647059 1.4095788403170149
0.8486825577339171 3 0.3670521770012426 0.544 0.19083969465648856 1.197151769581868
0.8949195153041534 3 0.8134927290458013 0.6972972972972973 0.2838660578386606 1.5427470866784223
1.4075267407406487 5 0.4918590125585066 0.5710344827586207 0.13409810126582278 1.536923567194198
1.2123098802805643 4 1.0721292893306569 0.6068642745709828 0.2579303172126885 1.6881414094461407
0.7866982379284644 3 0.2580438396849691 0.5789473684210527 0.27300748568912375 1.7061242743461582
1.0397177708449181 3 0.9458379781223897 0.42771084337349397 0.14508580343213728 1.2589762118850512
1.1569836443581194 4 0.5122977434980114 0.7927927927927928 0.289738430583501 1.2179093021450342
1.230927623059839 4 0.463093533319154 0.5846422338568935 0.22894856622667273 1.3558558165506318
1.3421217227574136 4 0.9397646380902941 0.413961038961039 0.3777056277056277 1.6931258571235683
0.36249802176497514 3 0.24398205389514288 0.4267274107820805 0.2505694760820046 1.6273670505047428
1.1499131378053324 4 1.055539147712515 0.7504761904761905 0.48634920634920636 1.3607301234828908
1.1585763915055378 4 0.9556819296215128 0.5992763455450023 0.3910749283883612 1.599698668805873
0.9002530512753368 3 0.659971285085952 0.8104395604395604 0.4063926940639269 1.4388541967128583
1.3208843431586554 4 0.5748793262248836 0.532394366197183 0.02535211267605634 1.802798189206081
0.9743117528756828 3 0.8003998920744791 0.2486910994764398 -0.04275741710296684 1.7998952857637183
0.7774591319216559 3 0.6029207481102442 0.39774330042313116 0.116751269035533 1.5426877421214888
1.187411769857752 4 0.973027998766519 0.31176470588235294 0.04817275747508306 2.3543485270253863
1.4681349390331668 5 0.6646666007617329 0.4470338983050847 0.11970979443772672 1.220412918314818
1.331655286845175 5 0.6479063124686146 0.4455882352941177 0.27349346818373366 1.2359263656555115
1.053259243314315 4 0.48526211608761094 0.6733128834355828 0.2773239125634798 1.3510042758936502
1.6843669712365308 6 0.5888214404171723 0.9404958677685951 0.3616029822926375 1.2337976577316474
1.05509861817353 3 0.3508506980485469 0.7031484257871065 0.4832941176470588 1.2570648868720184
1.2930184700743164 4 0.9532402819590055 0.5555555555555556 0.3888888888888889 1.665337096856953
0.9160641370329957 4 0.28144587508554525 0.6875 0.5294117647058824 1.7945311536207684
1.14370438944065 4 1.3215598692182253 0.5676691729323309 0.1471291866028708 1.8399255167076976
1.2227753162068027 4 1.311526835269563 0.4793814432989691 0.12121212121212122 1.9282902063738903
1.1187393359986095 4 0.35315075800061724 1.0 1.0 0.49218668180963093
0.6931451805619453 2 0.45670629396504997 0.7101449275362319 0.3877551020408163 1.331015368482978
1.4609657477408653 5 1.0164277395185355 0.5518102372034956 0.23683227493462833 1.8785609313900802
1.0550032767204802 5 0.43080547142202763 0.6786427145708582 0.22164003143830233 1.4392836690276785
0.9002530512753368 3 0.5342420512369896 0.37888198757763975 0.18440905280804695 1.5851680690492849
1.3862903611278907 4 1.2321145092437504 0.5942857142857143 0.20552147239263804 1.3209106195586897
-9.999994999180668e-07 1 0.0 0.4972375690607735 0.27255985267034993 1.7471950203156967
0.7356189397674613 3 0.2817378268701655 0.3404255319148936 0.01098901098901099 1.6321567445847094
1.5229500675463181 5 0.9742122780360771 0.6785714285714286 0.22765598650927488 1.6406390131971635
1.5110801761045443 6 0.6365619707549678 0.6631439894319683 0.4643696162881754 0.8738592595247268
0.9002530512753368 3 0.5096671951876444 0.8909329829172142 0.6360052562417872 1.1427359146456872
0.873897414276215 3 0.46836152710177203 0.6666666666666666 0.35046335299073295 1.20990562537848
1.286053336885379 4 0.8525040821489227 0.7913533834586466 0.5056242969628797 1.3097448578689854
0.9840835030884703 3 0.6741933954937169 0.6889495225102319 0.23761996161228408 1.350602424593085
0.6922360496993866 3 0.500598204425931 0.5935572309801234 0.34440677966101696 1.7548572097756987
1.2820422400626548 4 0.8150548025738814 0.6292906178489702 0.4996186117467582 1.4728713206681332
1.6417287122108961 6 0.915603771196578 0.5329153605015674 0.40966010733452596 1.5600601918219021
1.3437838946517828 6 0.7477996416898594 0.7156398104265402 0.39611650485436894 1.2789802494202436
1.0950748621250341 3 1.3482298707990152 0.30174927113702626 -0.018950437317784258 1.5802410661592265
0.9180419180850247 4 0.4544650685000431 0.8527004909983633 0.5090425531914894 1.4442460109405042
0.6546665645411436 3 0.3845849404730661 0.6628205128205128 0.2101206434316354 1.4146210762743598
1.5092674238080166 6 0.7387096987039854 0.7040358744394619 0.4938505203405866 1.380013354854515
1.1432712062088137 4 1.2523461510203364 0.44612794612794615 0.1628415300546448 1.9423693678892886
1.0408358374387054 4 0.6238028882432953 0.6114911080711354 0.5289079229122056 1.431029995001501
1.3862893611368905 5 0.9632289380706835 0.6260387811634349 0.3877049180327869 1.423776913827789
0.9743117528756828 3 1.0283973693022161 0.5965909090909091 0.0934199837530463 1.1916086590101653
1.5792261346534846 7 0.7590882613968779 0.6899641577060932 0.22039660056657223 1.4469335211715024
1.4520390732123836 5 1.0709592000362131 0.5625 0.23464912280701755 1.5631134676696659
0.6837359058583963 3 0.21536745258641496 0.6510638297872341 0.3534577387486279 1.4233926186397627
1.3622459308303176 6 0.6786455769642673 0.3181818181818182 0.22775472568003688 1.9435873877960126
1.0466264866015969 4 0.8581410002672902 0.5197802197802198 0.17509025270758122 1.5035223445465271
0.9002530512753368 3 0.38420292522967 0.5803814713896458 0.45430809399477806 1.833963742593594
0.8998001549904057 5 0.663838741690723 0.7044728434504792 0.26300743281875355 1.3714880131953584
1.3204725529917454 5 0.5726653240536913 0.633672525439408 0.5946418171228888 1.1377512982578657
0.5138115375874185 5 0.11644790714013728 0.7298701298701299 0.4362105263157895 1.286872052124401
1.2033320428047 5 1.3384035074611793 0.39556962025316456 0.16666666666666666 1.674095697284522
1.129580170827556 4 0.49582466660267005 0.35119047619047616 0.19810725552050473 2.27182522444503
0.8222613373494543 4 0.3728784063002954 0.33879781420765026 0.09358288770053476 2.191815442159972
1.1826635014508193 4 1.3623099572802206 0.3696369636963696 0.09790979097909791 1.8330770885976286
1.4201114367096959 5 1.2945832690576247 0.5618556701030928 0.056162246489859596 1.880744473664631
0.7751252748037776 4 0.6383210370720406 0.49373695198329853 0.1947296372347707 1.754726622690941
1.02809005658428 4 0.9221341088589973 0.46948941469489414 0.1669054441260745 1.3937123465321197
0.6451934504225967 3 0.5751792034558676 0.5370978332239001 0.3856822353661024 1.2741770267377397
0.6896689283590407 2 0.20851441405707477 0.5853881278538813 0.4490106544901065 1.0996773864576723
0.7978881125325039 3 0.3285144770393777 0.5328330206378987 0.1726078799249531 2.0838395343279
1.1803005570082867 4 1.1464359188174114 0.4986301369863014 0.12159141707644167 2.1048204239931647
1.2326653885230257 6 0.5140225195627603 0.3675623800383877 0.08055067369654365 1.7863009608148852
0.7151059928845158 5 0.21890982787900748 0.6013029315960912 0.4398472310630172 1.7801315262727646
1.0433504269474334 3 0.46721268673775307 0.8715846994535519 0.7351050150021432 0.9800036785507377
1.2474867586676477 4 1.2866865240863483 0.4930875576036866 0.1966895958727429 1.7439936984103936
1.1181031315597942 4 0.6658762351411017 0.41941747572815535 0.1643347050754458 1.3867796748280286
1.0433504269474334 3 0.881528990657159 0.6291693917593199 0.3409436834094368 1.4339522569880498
0.8815292611983065 3 1.0056720165573674 0.6617842876165113 0.3671993911719939 1.3883297913479313
1.0708131954588438 4 1.4563314017802065 0.2980096826250672 0.08980971011915348 1.94753806681119
1.0524078376797392 5 0.7490695271897506 0.6206405693950178 0.2763779527559055 1.3404164631120339
0.8358908132447938 4 0.5271258583100125 0.543010752688172 0.24882214369846878 1.9393583382507693
0.6645264386570353 2 0.3996526269427267 0.5988857938718662 0.6193129062209842 1.0482822655524593
1.006381669843476 4 1.468884489325916 0.4043321299638989 0.12394705174488568 2.1026419071047195
1.1874117698577518 4 0.475639762953894 0.6157556270096463 0.452463912394226 1.5680472879359761
0.9518256804698231 4 0.9447401048059845 0.4194815396700707 0.16015424164524422 1.7547036509272267
1.1150619841118241 4 0.5959983938061205 0.6802030456852792 0.22325581395348837 1.6178519631417565
1.4787465246662288 5 1.0539029729246412 0.39915966386554624 0.3473389355742297 1.208947013274557
0.562333144621475 2 0.19573126884216427 0.7135135135135136 0.20634920634920634 1.407955691556724
1.504783283697024 5 1.176985753096832 0.6804123711340206 0.3054892601431981 1.559537890138818
1.2424493249040003 4 0.5143287457010498 0.6285714285714286 0.09412861136999068 1.0220602438364497
1.1531720072791862 4 1.0784192597997204 0.927321668909825 0.6372221129254377 0.8558828280597753
1.2554783251894204 4 0.9030370700446438 0.7694805194805194 0.19278350515463918 1.5527819551737043
1.331655286845175 5 0.5542557301224135 0.7963446475195822 0.5202558635394456 1.0492152974983229
0.93833897436285 4 1.1267935829261002 0.6986006458557589 0.31416067521100344 1.440120304460955
1.162695833512044 4 0.6008385422027266 0.5299600532623169 0.43039591315453385 1.753394569543929
1.1199863556655174 4 0.863192284078454 0.6792189679218968 0.4208371246587807 1.5847029645893507
0.4752186036397057 3 0.11350203295708823 0.8891060087933561 0.8093775262732417 0.7717325096445096
1.2842078672505486 5 1.4334405783144377 0.5722846441947566 0.3605543182380599 1.6088529336715673
0.42532629337715094 2 0.09991315673568166 0.47613365155131265 0.5234685759745425 1.4396155630274974
0.9180419180850247 4 0.47384284046622244 0.3912248628884826 0.021510516252390057 1.1001663209689476
1.0513277925253115 4 0.7956984075197497 0.3935483870967742 0.26566705113417916 1.3679682709067316
1.0112838273599185 3 0.8087025753860794 0.5 0.2180746561886051 1.107784864327463
0.6005998841191265 4 0.22944565807257944 0.7738853503184714 0.507711038961039 1.288071600865921
1.0184945818777202 6 0.2570443122714198 0.6126932465419039 0.47719298245614034 1.1339766881942417
1.2554783251894204 4 0.5557716909963845 0.632183908045977 0.4830430797433547 1.2838523969872764
1.3050923719579406 4 0.9640346469649582 0.8534031413612565 0.5684740078256009 1.281031073807029
0.768854663876017 3 0.228319352066365 0.6031294452347084 0.5720720720720721 1.1984021610913127
1.2260710503918193 5 0.7746459613219485 0.38613861386138615 0.11006711409395974 1.4265545361740708
1.0139006609549652 4 0.48219047718613267 0.7438752783964365 0.18220084185207455 1.435607498127096
1.251151983376565 4 1.370890078094946 0.696969696969697 0.29411764705882354 1.4623469713576511
0.3866712361255665 4 0.11942238146625972 0.4961948249619482 0.10708898944193061 1.7283872955706812
0.7504815842041549 3 0.1641302031065172 0.6636986301369863 0.39688276485204427 1.4171379413554797
0.5455925739719631 2 0.15912419981594858 0.7344992050874404 0.44939056703762587 1.629553258885002
0.7529716827772218 3 0.45882630816819436 0.5659432387312187 0.2023070097604259 1.1022211711461123
1.14905569698277 4 0.8914551439505538 0.671957671957672 0.26853252647503784 1.586795307427385
0.92666197474816 3 0.9171128836743528 0.7639318885448917 0.31305114638447973 1.3324670310426607
0.9586888593311804 3 0.6850977082140093 0.7132132132132132 0.32308323083230833 1.1780421514472532
1.1858163126434924 4 0.7307098933866021 0.8971141781681304 0.5392743923916872 1.050188994888754
1.5118905585660598 6 0.943438848517262 0.4566929133858268 0.1752808988764045 1.5484077588460279
0.820779830730652 4 0.415473103988717 0.548 0.1553398058252427 0.9237336457008583
0.8556101747273291 3 0.3523510106909967 0.6231393775372125 0.3461708720672864 1.9169902892245196
1.1648362384945947 4 1.4899479999860528 0.5906614785992218 0.16861219195849547 2.026928685138167
0.5010439137754297 3 0.14682087080049705 0.8669154228855721 0.2839821314613912 1.4391383966665692
0.8222613373494543 4 0.28081324464521096 0.7578397212543554 0.3450134770889488 0.8498301882263053
1.331655286845175 5 0.9679421013832827 0.6612318840579711 0.20307082714214958 1.219395323165954
1.2980316797443887 4 0.9171769536104072 0.7265917602996255 0.2446172248803828 1.94234552387013
0.8064739418934614 3 0.5553506172658271 0.6271626297577855 0.34915254237288135 1.832363918300756
1.0350126335046075 4 0.3052721215656524 0.7428958051420839 0.5111597374179431 1.530944104558175
0.9499988724698982 4 0.5421873174277497 0.9162956366874443 0.834920634920635 0.6962583706416766
1.0406954379267712 3 1.3322561119453658 0.5634743875278396 0.23533778767631774 1.6885580632105495
0.8815292611983065 3 0.6272871422279839 0.7974452554744526 0.31715976331360946 1.328786833921168
1.0160035311459792 5 0.600868807774851 0.6666666666666666 0.37570356472795496 1.3529016875044908
1.4012716486656107 5 0.6982993951245314 0.6019607843137255 0.17165354330708663 1.3844308369189104
0.7529716827772218 3 0.2137853029540496 0.5436447166921899 0.48542713567839196 1.9145630022555207
0.9868954488573298 4 0.5256070609575261 0.6970108695652174 0.296 1.7316208807970155
1.242449324904 4 0.9862125640975357 0.7137681159420289 0.22095435684647302 1.4183020312233499
1.2227753162068027 4 0.6562077650359411 0.5382395382395382 0.37472085752568113 1.3532845588082283
0.926151713118236 4 0.42317204246140144 0.7827027027027027 0.4508710801393728 1.332941998028444
0.7000349176396291 5 0.3318259386917035 0.6277974087161367 0.42160936909709107 1.3016379958896398
1.051108684371529 3 1.5282964217431432 0.5151285930408472 0.24205748865355523 1.657939050532543
0.36933112165034665 2 0.12489144591960208 0.5778661365142479 0.4002650762094102 1.23392542346305
1.0720129685770052 4 0.6253285451639514 0.21706864564007422 -0.09442548350398179 2.514436392028691
1.4580049656210805 6 1.3579751574554635 0.47950819672131145 0.4600980829246545 1.2591718557932776
0.4634105588430012 3 0.30040275927303806 0.3431372549019608 0.016339869281045753 2.3482249509065585
1.0231495962270678 3 0.847323372358933 0.4227441285537701 0.20972393901936548 1.7011955462307367
1.0112838273599183 3 0.5256032084826113 0.6403394255874674 0.46431679721496955 1.5598389090799758
0.6615612381601154 2 0.6465999230616322 0.46844181459566075 0.2730659653736577 1.842202027258704
0.9172980625417203 5 0.465673881489874 0.9264705882352942 0.8078703703703703 0.8720147850557707
1.0156202890090364 5 0.318405432592399 0.6016194331983805 0.32644956314535345 1.2757203646590392
1.249338231094037 5 0.9430803035310622 0.6607142857142857 0.28921568627450983 1.3592203547670318
1.522950067546318 5 1.0697444628277781 0.6191860465116279 0.3930735930735931 1.3906151774224582
1.227680747844186 5 1.1492716368399025 0.49721059972105996 0.1842584167424932 1.9259280392721227
0.9507449270676422 4 0.6068711810314567 0.43586387434554974 0.1405982905982906 1.6174194149399865
0.30463409735528807 2 0.09991315673568166 0.46932114882506526 0.459094865100087 1.482921041164619
0.37676816126100815 2 0.13509384572711888 0.37197786192834253 0.27944460627245366 1.813684693670191
1.3606943396553295 5 0.8562798694287005 0.5213973799126638 0.09501769670569017 1.7420598394991182
0.7937260551785743 4 0.20606252063101968 0.4534412955465587 0.25766541151156536 0.804724555405854
0.8605452869815533 4 0.35584078381330375 0.6036697247706422 0.2144212523719165 1.2324560488967296
0.7318840681358938 5 0.2692872392240464 0.7298969072164948 0.41760922599245953 1.1511977824031903
0.842540432909892 3 0.5618278295780974 0.8032036613272311 0.2856259659969088 1.4759221151001434
0.7607512592674455 4 0.4938316224502544 0.2988650693568726 0.023539302227826818 1.3890967907354583
1.5542325088887854 6 0.7440163023711711 0.3875432525951557 0.14763581488933603 1.5862051601327865
1.292283496230588 4 0.6216200050940565 0.6412512218963832 0.27356503422854134 1.3007890084153022
0.9780530419475575 3 1.1913817287487587 0.6050420168067226 0.32721075553872375 1.4672244234941174
1.015387111360455 4 1.3083015943732599 0.40703971119133575 0.2047114954525123 2.0949844360594456
1.5102338334485308 6 0.9265709660170351 0.4089184060721063 0.1315211422295442 1.6099151433352474
1.165079005150738 4 0.7080251462842213 0.3674267100977199 0.11187639612807149 1.4007403865318315
0.8687166829249237 3 0.9090171296722175 0.7007518796992481 0.29833333333333334 1.4668619893731443
0.5067312576519972 4 0.1412885025452956 0.8162672476397966 0.5323556797020484 1.0928458615829486
1.2299136037908067 5 0.9509452062655593 0.7428571428571429 0.22390722569134702 1.5512367009675585
0.6580269975809436 4 0.30420565201561744 0.4443631039531479 0.1157814291173099 1.0957086571067367
0.9534254773627151 5 0.9488825187207368 0.4596935376415723 0.1399524118537746 1.9396628042716073
0.8568550369113854 4 0.5464347512212445 0.7134146341463414 0.4641638225255973 1.2627774318492813
0.8328188358627552 4 0.4747172571296961 0.672093023255814 0.43228385807096453 1.5679359951093716
0.49943951780295587 4 0.1125783500342181 0.7697841726618705 0.508177570093458 1.338390020489444
1.2440116958164495 5 0.766389365111963 0.6542553191489362 0.5820035460992907 1.2168524962763911
0.9743117528756828 3 0.917619110363591 0.45993031358885017 0.21773288439955107 1.9252220113751592
1.0967173919766666 5 1.1500979874657224 0.6410480349344978 0.32476694381456284 1.2983210973523578
1.0027369544028228 3 0.8173754753719489 0.45359477124183006 0.11503267973856209 2.192274878907745
1.033558054221353 4 0.424683516341653 0.6313465783664459 0.4032376747608536 1.754945653546939
1.5481095269040173 6 0.9667481328187395 0.4970845481049563 0.20729455216989842 1.3967983629174068
1.0947772260124813 3 0.9284446669979717 0.6245110821382008 0.5827900912646675 1.1255280601803164
1.2930184700743164 4 0.5478027432666523 0.7265625 0.4791666666666667 1.0893054303243497
0.6565246849518696 3 0.3142657627541688 0.8940397350993378 0.4364508393285372 1.2097246824864605
0.8495036456557732 5 0.6230975692098009 0.3333333333333333 0.4444444444444444 1.4324783161570298
0.790786917510501 3 0.9269846351150091 1.0 0.33098591549295775 1.2847493508170111
1.0674657810983184 6 0.48311042289749917 0.866571018651363 0.5938127762153476 0.9893012493276591
1.4161346803785861 5 0.6819126694633397 0.7517337031900139 0.4751592356687898 1.099485571808064
1.251151983376565 4 0.6598006045549519 0.5786516853932584 0.24586173320350535 1.3659228567330401
1.5933972318556822 6 0.76683289334366 0.7795698924731183 0.47208931419457734 1.147631448253261
1.1550497739165477 4 1.1637716088560464 0.5508905852417303 0.20490440565253532 1.5818262564372654
1.7233847060594518 7 1.2028732564278637 0.8566978193146417 0.47893772893772896 1.663198698402802
0.4418013480137122 2 0.25459871970551773 0.6685353889278206 0.4940434477925718 1.617933576326138
1.368684637644648 5 0.5939746639541539 0.4822888283378747 0.1839581517000872 1.556150817030135
0.6808002560275316 3 0.47277220155101973 0.8258258258258259 0.768 1.1822887121057337
0.6080768922312563 3 0.6536234936047609 0.6857410881801126 0.5293933708567855 1.7060569151759462
0.6519478373883025 3 0.3057356672617362 0.4 0.4 2.1392304845413266
0.7680550091129457 3 1.2938830520995388 0.6656833824975418 0.13702623906705538 1.9164466251316798
1.6397003574408564 6 1.438873603037323 0.6636225266362252 0.25653436592449175 1.459749561679171
0.6336592570052559 4 0.28442700938723986 0.6076115485564304 0.4461942257217848 1.6131064313951504
1.0918354213446193 3 1.0434884187326832 0.4781829049611476 0.13986849970113568 1.924208817904171
0.9649599230141778 3 0.7852077596443636 0.49868073878627966 0.3438874230430959 1.5426594314494626
1.2632666523382052 5 1.4113764593019358 0.4563758389261745 0.1575918548030102 1.7897277253681756
0.9829137527887954 3 1.5551452493169962 0.42725337118523776 0.17127986751833452 1.889547882307299
0.8357910955255519 3 0.20206622425739296 0.35829838226482924 0.24053364724347656 1.9347871709962439
0.9248499600073026 4 0.20328827854674023 0.5395787944807553 0.33759167258102674 1.7091643468546056
0.8264280895656126 3 0.1633716414950012 0.19805194805194806 0.12229437229437229 2.2195812372151376
1.2224264035087429 4 1.3892876919128094 0.5555555555555556 0.48148148148148145 1.6992283379481055
1.5142422948211267 6 0.9084971619910336 0.663859649122807 0.44348558198274046 1.2400780779558251
1.1646088112447919 4 1.1382645009157226 0.8294010889292196 0.309573361082206 1.6477402239824315
0.8647370965378594 3 0.6007902480700511 0.44642857142857145 0.43023255813953487 1.4932348096173407
0.534586855387491 5 0.09792917165728865 0.3866790009250694 0.30126426148627816 1.6178204365346107
0.9754288195032472 5 0.4278128915908112 0.8381795195954488 0.6786833855799373 0.8610967894500472
1.3421217227574136 4 0.9406751962481439 0.5645863570391872 0.23668639053254437 1.9202046135306632
1.299736799566753 5 0.6914021280341477 0.5546875 0.42857142857142855 1.5414345107365286
1.4303448314286107 5 1.017664714569834 0.6724137931034483 0.43258426966292135 1.4677718669276552
0.7529716827772218 3 0.28037082187279716 0.7934131736526946 0.4619883040935672 1.599725955017873
1.331655286845175 5 1.1456225916888363 0.6447166921898928 0.4044783230109576 1.5025366636669681
0.5783222866734842 3 0.33038906005284235 0.48104956268221577 -0.01899335232668566 2.010629139305064
0.9554431414136644 4 0.45449612405376727 0.18823529411764706 -0.22236448997012379 2.4098833942593267
0.708685028227737 3 0.30474008491759275 0.5 0.375 1.183012701892223
0.7529716827772218 3 0.23243574402989264 0.590027700831025 0.5128784455490285 1.639945777257334
1.1707989338296945 6 0.5665760316954013 0.4758220502901354 0.13203243791180944 1.1573171318906297
1.465852632193575 6 0.7381533792343117 0.657185628742515 0.3599128540305011 1.3778430513886768
1.6769817743441668 6 0.6619773037215857 0.36619718309859156 0.020228671943711522 2.0072432010244716
1.3345879532602614 5 0.7433771120120278 0.8233333333333334 0.4228855721393035 1.186383282978889
0.8838716262904258 4 0.5192734867182403 0.923202614379085 0.5882352941176471 1.1272015231756614
1.3050923719579406 4 0.41760982077202125 0.3904109589041096 0.24204143506821627 1.5151712190850235
1.0047624731248226 3 1.1938954973303384 0.546191247974068 0.2909238249594814 1.7659728430417256
1.2000352244207808 4 1.0743007263114646 0.6055962691538974 0.3835616438356164 1.6119897473238531
1.4880300442092584 6 0.8425833253643782 0.6306666666666667 0.4790969899665552 1.4274423144273118
1.5268731472912596 5 1.0325251132772764 0.6141843971631206 0.3897364771151179 1.348188575445617
1.2422510455275437 4 0.7880956865204998 0.6440677966101694 0.4523809523809524 1.1182950175344526
0.7218909096370829 3 0.26365816754081545 0.6720890410958904 0.385595567867036 1.2756435935024595
1.14905569698277 4 0.5153105929937715 0.7847533632286996 0.4628501827040195 0.9177977522431061
0.9861204897177623 3 0.6711765708186728 0.5806845965770171 0.3141809290953545 1.7179802583598378
0.9481001342714221 4 0.6423914706543229 0.5951293759512938 0.37732528908999496 1.7939386675147957
1.2680543118996421 5 0.9232915219418213 0.8567591763652641 0.38300554715078167 1.2230013254984962
1.162695833512044 4 0.5695000375938054 0.7531645569620253 0.5120987654320988 0.9658337630795653
0.562333144621475 2 0.5259308793112278 0.7322834645669292 0.2810615199034982 1.4683729400694694
0.6019209717449048 3 0.304508953566445 0.7238689547581904 0.4296597257491112 1.4115770953006743
1.4270560433975994 5 0.9723849815791964 0.864 0.3016627078384798 1.988960143008964
0.8463628296370541 3 0.28037082187279716 0.7919354838709678 0.41701902748414377 1.7520151195136537
0.7774591319216559 3 0.33969983749566146 0.6282940360610264 0.26398520573277856 1.9229616704281596
0.9556968911186593 3 0.6198691594577672 0.7038288288288288 0.4072822822822823 1.5265935515206412
1.1505575577314788 4 1.389715250813593 0.5510480054090602 0.3299038246477298 1.7568708079292816
1.2001175963263726 6 1.2918405054312816 0.45083932853717024 0.23976153447382062 1.6996618041863627
1.110930393018179 4 0.29113166815320646 0.6645367412140575 0.5062849162011173 1.5424809234918293
1.0717270941171955 3 0.8358257547820446 0.7831932773109244 0.39331619537275064 0.9767959244279552
1.5437841850731622 5 0.7580448852710898 0.54521625163827 0.29407434670592564 1.3303217853721783
1.1052346612496127 4 0.4768031928804663 0.6599845797995374 0.18088338396821688 1.5379174818562167
0.7029159307848437 3 0.43586293253614156 0.8073959938366718 0.2580906148867314 1.251153785600669
1.0835261213227891 3 1.144677233149978 0.5288944723618091 0.266750418760469 1.8424775095966686
1.3996250013218179 6 0.5195112101243802 0.7593261131167268 0.3276595744680851 1.1956295051270196
0.9832709442526746 3 0.8360325516508287 0.9260450160771704 0.48878281622911696 1.143260767991465
0.9743117528756828 3 0.7872316250919165 0.4218289085545723 0.18547008547008548 1.188573577703496
0.9447613681103942 4 0.5296586356599162 0.8846657929226737 0.42762237762237765 1.1779898457576616
1.5050671226459649 5 1.0435609603138292 0.7033112582781457 0.29030927835051545 1.4866968153714184
0.7592911029513061 4 0.4905158327281087 0.8148148148148148 0.6048336472065285 0.9720350916000727
0.9404439886710406 4 0.3231964547635095 0.6058981233243967 0.33013040494166096 1.2524869375944552
0.5560565328721216 3 0.1426945277618275 0.809009009009009 0.5953226761397277 0.9017322483546526
0.7194738101578686 4 0.4061618969591084 0.9625779625779626 0.6759831004224894 0.9425251203256589
1.118535595669438 5 0.3938344507587781 0.7075 0.143125 1.182916944090541
0.9743117528756828 3 0.8772445819067213 0.8775510204081632 0.4043767840152236 1.277376076227621
1.251151983376565 4 0.5382911653424544 0.6139130434782609 0.3838727995457127 0.9510986826307283
0.8222613373494543 4 0.5114200389518653 0.7165109034267912 0.13524590163934427 1.2824154878342486
1.054716916923437 4 0.7358647680769941 0.6416184971098265 0.11294311624072548 1.554276607464559
0.9649599230141778 3 0.9565656855253372 0.6918604651162791 0.131175468483816 1.417883726396884
0.7595443914838008 3 0.3802328248762514 0.8651685393258427 0.21348314606741572 1.6252155410999078
0.9556968911186592 3 0.5575487418234385 0.4583333333333333 0.08333333333333333 1.5915063509461138
1.2299136037908067 5 0.6578314466271037 0.6569767441860465 0.21751527494908351 1.4672500470999397
1.0601159359447578 3 0.8083930983608772 0.69432918395574 0.376628664495114 1.221053878286727
1.162695833512044 4 0.8381204292946502 0.7415730337078652 0.2409312398484028 1.4957015728529655
1.0861949723991349 3 1.3314913387466736 0.4115884115884116 0.10789210789210789 1.9987468649641722
1.0795853408912637 3 1.3696410595981385 0.32867132867132864 0.0999000999000999 2.0155147068131507
1.1034289096530807 4 0.4062914920103576 0.6581818181818182 0.5122863247863247 1.169405085792868
1.4013876466272654 5 0.6772554907399239 0.6866197183098591 0.4778481012658228 1.4923702297901127
1.2130035659909044 4 0.5594134578449441 0.7964071856287425 0.5480329368709973 1.3467245078573837
0.9743117528756828 3 0.6064390827506065 0.7202380952380952 0.3740079365079365 1.8492112794920696
1.249338231094037 5 0.7209958539942944 0.8179059180576631 0.2995670995670996 1.3374769789064713
1.0408358374387054 4 0.6012634190584438 1.0 0.406272273699216 1.1279416071970485
0.7621012220614225 3 0.5914651774439791 0.7168857431749242 0.28106781221233507 1.3002899884696304
1.0386455367234673 4 0.8194024427498502 0.7905759162303665 0.30172927847346454 1.319598897596164
1.0608539471628964 3 1.044925379789536 0.631578947368421 0.22003034901365706 1.6481110639542116
1.05509861817353 3 0.8173754753719489 0.5496794871794872 0.14583333333333334 1.9089872706222382
1.3208843431586557 4 0.9623121012777982 0.5833333333333334 0.1326530612244898 1.865966724158088
1.1525596161776308 5 0.38919928944490795 0.46261682242990654 0.26413255360623783 2.1071763196495583
1.508722606989185 6 0.9879190594912755 0.4769921436588103 0.07154797726512872 1.8289858881851644
1.676981774344167 6 0.734433268739619 0.6585365853658537 0.23163051084674596 1.3002085950219067
1.088896975349807 3 0.8932321259843632 0.6589861751152074 0.24897400820793433 1.5436258313061677
0.6775829683373396 3 0.42363229473609004 0.563973063973064 0.12588339222614842 1.4705308555679173
0.9718457712424033 3 0.5084227111837386 0.49065420560747663 0.2573149741824441 1.0909129633412187
0.5455925739719631 2 0.15912419981594858 0.4166666666666667 0.06666666666666667 2.0374785217660856
1.0735388464213231 4 0.48561880436290467 0.42248062015503873 0.2648578811369509 1.4416816036649713
1.2130035659909044 4 0.7913740301027169 0.44715447154471544 0.21644498186215236 1.4888194149580531
1.249338231094037 5 0.6579080504884485 1.0 0.6551724137931034 0.7140948977417881
0.8592237307361403 4 0.558102242768584 0.4782608695652174 0.14068504594820383 1.8404552220115316
1.2440116958164495 5 0.70522283268882 0.7016806722689075 0.2773722627737226 1.042838635117733
0.6134768943607277 5 0.16448587261118236 0.7662129703763011 0.5343873517786562 1.1785127843207148
1.6304265826551552 6 0.7471995028350601 0.674863387978142 0.28758673862760215 1.3289932018866684
1.3827168592040342 6 0.7329158129929696 0.6978998384491115 0.34040251027916035 1.3186028990725196
1.5419704327906343 6 0.515129409108164 0.5647425897035881 0.12548512289780078 1.3130904230278375
0.8441094264632742 3 0.6893007687605509 0.7943078913324709 0.3189873417721519 1.2209473223445266
1.3784924218063193 5 1.0268377027673545 0.7891963109354414 0.42657062825130054 1.106467642517418
1.3843644064302345 6 0.489316525864225 0.5396341463414634 0.3130081300813008 1.5277485144170138
1.2655887706009414 5 0.95800663075958 0.8053016453382084 0.28104241185487994 1.173974770552006
1.340549220268909 6 0.9871173551011635 0.6678023850085179 0.21364408837096382 1.6042100714694476
1.7351204569831722 6 1.0649698708320554 0.6345609065155807 0.1497584541062802 1.4008020967137116
0.9256979111429663 4 0.5600926108183927 0.8242506811989101 0.33034791594901824 1.2128728616683997
0.24299573043156286 3 0.048001151481359104 0.6424664346096469 0.4922923918448533 1.329982751752916
0.5488378429040344 4 0.2503388113888692 0.6508058326937836 0.42094406018687053 1.2264615367900866
1.0947772260124813 3 1.1435521079213726 0.6287744227353463 0.5227945529899348 1.3843624838427162
1.075023462539778 4 0.6044644418495252 0.2538167938931298 0.023421052631578947 1.3838985469135077
1.64621855385587 6 0.6458964840171312 0.7883817427385892 0.41391509433962265 1.001475040000883
0.4258454492571436 3 0.07874568493945913 0.5418181818181819 0.13278388278388278 1.2715517325938224
0.3624980217649752 3 0.05230884075297092 0.6891788181120491 0.5375284306292646 1.2396363268748096
1.0609541504576758 4 0.7550358592009693 0.6457765667574932 0.362238864800946 1.2553960588934336
1.0627335681736627 4 0.7499248044515556 0.42096774193548386 0.4381720430107527 2.010570101883049
0.9934166649764273 5 0.4776814303559856 0.7819963257807716 0.5128058103975535 1.0064128280725753
1.0132432256371464 5 0.7842782571781234 0.8086124401913876 0.5621092688230498 1.2567293827320636
1.1983637030605503 4 1.0280516279447862 0.6711956521739131 0.14300438031435198 1.6296870140746453
0.8647370965378594 3 0.9393899590641175 0.562585969738652 0.19440623567171023 1.9979861361241997
1.0947772260124813 3 0.8831871448224013 0.5993485342019544 0.2774158523344191 1.6001891137332276
0.4825755651802941 2 0.10657403385139377 0.875 0.6092995169082126 0.8785198857783497
0.9840835030884701 3 0.7825387378563476 0.8060413354531002 0.2436399217221135 1.3306318510648214
0.8305206914932463 3 0.7551340319629206 0.838475499092559 0.3236309817464233 1.218616495437951
0.9868954488573298 4 0.41437346376003475 0.888671875 0.7146464646464646 1.1167135257362817
0.7241140912597201 4 0.1506076032251927 0.7939068100358423 0.5151345291479821 1.160970061350573
0.882379053096521 4 0.2786993443043278 0.6950980392156862 0.3252108716026242 1.421860632314219
1.4013876466272654 5 0.6589899213694881 0.663093415007657 0.2421972534332085 1.3300743581946786
0.8674946326814362 3 0.7377798409462597 0.7876182287188306 0.47768595041322315 1.2565273322757051
1.6886923130673859 7 0.8897519252242857 0.7107942973523421 0.4962825278810409 1.0126974340584498
1.1285912936899263 5 0.6406289295676045 0.543778801843318 0.40773532152842495 1.223565465235824
1.2099924555241732 5 0.6377525425871432 0.6096069868995633 0.4099450708297196 1.640687093870357
0.9194053542268682 4 0.528440236753485 0.854262144821265 0.40847784200385356 1.222947952275132
0.6019209717449048 3 0.3585893968810253 0.6993670886075949 0.36432160804020103 1.5781705863412452
0.9251260835783115 3 0.5693252137342469 0.6028119507908611 0.23878984332793085 1.6378790213295487
0.6365121682970628 2 0.5480475527580599 0.6485507246376812 0.23939064200217627 1.562643392731992
1.082192530043434 3 0.9517597888952207 0.6180257510729614 0.25450643776824033 1.2491188855313835
1.488234835792634 6 0.8133673670508005 0.7825059101654847 0.6158149944050727 0.9576903856695889
1.6327769759075708 6 1.147993532118575 0.3171759747102213 0.09964867454487385 1.422457616960823
1.0594752926587259 3 0.6732904182158732 0.6390293225480284 0.2960074859638178 1.1688886450949953
0.24492802680267098 2 0.0877926619674199 0.9015691868758916 0.5815501664289111 1.4113881979394813
1.2970544806450315 5 1.27487946301895 0.5316901408450704 0.1575792178133029 1.5302108522891469
1.1271681800980846 4 1.258675053391586 0.6458333333333334 0.39610745614035087 1.3874785029515457
0.4634105588430012 3 0.14525530293219935 0.5850785340314136 0.5827398408043569 1.1498410925883509
0.6159875783368298 3 0.3752198812928885 0.5974683544303797 0.5659043659043659 1.4221015854001442
1.176489029030249 4 1.1724150755076352 0.3535958904109589 0.07905251141552512 1.81972418214979
1.172282880805736 5 0.3590653092846858 0.4048979591836735 0.2359874279727606 2.2846781642694594
1.1948318322724099 4 0.9299109921842897 0.6177007299270073 0.2463951429294207 1.1971969267161766
1.0903959623725687 4 0.6415393090999083 0.3900481540930979 0.1322065292891873 1.4700234064022732
1.3107796781094638 4 0.4209083759437875 0.6299212598425197 0.1904047976011994 1.480141576563574
1.4171739190603292 5 0.83793144971653 0.6666666666666666 0.3926771918038294 1.613539555701414
0.2787673717753808 2 0.06927856318517489 0.44061650045330913 0.22348141432456936 1.9591536165633072
1.3086013872626494 4 0.5291561460756424 0.5871559633027523 0.27685729556386957 1.6604061208069392
1.05509861817353 3 0.9872222470970925 0.31290743155149936 -0.003911342894393742 1.940961167412599
1.1159260692176507 4 1.492978703993373 0.6144986449864499 0.3319783197831978 1.4784314950712851
0.8305206914932463 3 0.7770583642346244 0.673202614379085 0.30724846736386585 1.5905011672162082
1.0336965498709902 4 0.5746195456992812 0.5 0.11850311850311851 1.5820126395784135
0.7902307553651863 4 0.3306147023525106 0.8315363881401617 0.6322041355037396 1.0654613842052179
0.6779057256561851 3 0.3312595593478159 0.46875 0.11065573770491803 1.524158535225558
0.8836875536146029 5 0.7817919988880081 0.7173431734317344 0.28686161449752884 1.6058104747964599
1.3917347695399336 5 0.8377201853954653 0.38904109589041097 0.17433697347893914 1.7927915793911415
0.8058244790710689 3 0.3063610021370091 0.6525590551181102 0.40551181102362205 1.59057599673887
0.7356189397674613 3 0.24798693695226853 0.6187845303867403 0.2930780559646539 1.3057204872115673
1.2406258652270137 4 0.8891915244321723 0.6208935611038108 0.1845672575599583 1.4406330918021766
0.9779212266416395 4 0.7413346006332193 0.32298136645962733 0.07522429261559696 1.4658329675251118
0.9507449270676422 4 0.35265568250934465 0.7672530446549392 0.5786219081272085 1.1434339086052874
1.353586352154273 5 0.46459182449932446 0.7142857142857143 0.22520507084265473 1.4857000077797333
0.9180419180850247 4 0.5243260541991427 0.6594301221166893 0.13587731811697576 1.4941604031617592
0.6365121682970628 2 0.18449182587356355 0.7423857868020305 0.5291878172588832 1.4560200938875152
1.1432712062088137 4 0.7433621692897182 0.7782204515272244 0.47256568778979907 1.1364011234364944
1.043788880870876 5 0.41308337868875555 0.622673434856176 0.367237687366167 1.262060490761984
1.1900713072350737 5 0.7227871818709116 0.47046843177189407 0.12424445936870383 1.6680440764168423
1.1274782350206984 5 0.6224077193793386 0.615686274509804 0.24412607449856732 1.6423195541335784
1.1150619841118241 4 0.9179310967503422 0.5746164574616457 0.3139673696776761 1.5420633280295721
1.5498210458922017 5 0.9912680412811897 0.6181818181818182 0.324801412180053 1.2602355127241756
1.123809110162663 4 1.1435492108406484 0.9473684210526315 0.7083333333333334 0.9490005419712153
1.0745132231488843 3 1.3901828309501665 0.4434499593165175 0.2931922972606455 1.6746408633261003
0.7850845286452428 3 0.10007517347054287 0.5774480712166172 0.32882618067803254 1.704834376377846
1.3579728550063241 5 0.4845012283728946 0.3333333333333333 0.1 1.861573902733206
1.0912990006632517 4 0.3649625919604645 1.0 1.0 0.3496793685588863
1.088896975349807 3 1.084561608231121 0.5443037974683544 0.11895910780669144 1.658357567969279
-9.999994999180668e-07 1 0.0 0.5 0.26666666666666666 1.8349679368558884
1.3390433799117645 5 1.2797819012050007 1.0 0.9032258064516129 0.8937979405093854
0.9648147054312354 4 0.5130912388500131 0.3062645011600928 0.22073079791200598 1.872396357699601
1.3979867020803467 5 1.02796935929142 0.4 0.0 2.493461585909779
0.7559799155581787 3 0.29444085466673997 0.41304347826086957 0.2733333333333333 1.6839393426934028
1.2401971735189579 4 1.1116386048384286 0.6521739130434783 0.4774193548387097 1.3806686097835692
