0.36220855714026556 2 0.15166895602667746 0.7688022284122563 0.4206128133704735 1.1740459063293756
0.40945561871464775 3 0.2102210770807017 0.7906066536203522 0.475765306122449 1.0559307215531808
0.22371607607486488 2 0.15166895602667746 0.7211538461538461 0.5892857142857143 0.9371332337871899
0.3364937575888248 2 0.08881169487616147 0.6245421245421245 0.29853479853479853 1.304230579481271
0.37676816126100815 2 0.34667189948954846 0.7854984894259819 0.527693856998993 1.0228474087300943
0.37676816126100815 2 0.22837292968155806 0.7580645161290323 0.6935483870967742 0.7919044550218275
0.23378965871499252 2 0.1617802197617893 0.8317307692307693 0.3782051282051282 1.4970657948426145
0.19851324335639875 2 0.12772122612772838 0.5523613963039015 0.3750855578370979 1.330688820627069
1.0196626802627842 6 0.13183575631576863 0.5055350553505535 0.011546184738955823 1.5918227844878914
0.7649525684232353 3 0.06936952836575715 0.47010309278350515 0.3450171821305842 1.8800582469737348
0.8100400099312414 3 0.10741088263084977 0.7475862068965518 0.6636781609195402 1.0723913049583997
0.42532629337715094 2 0.024978289183920414 0.5248041775456919 0.27980852915578763 1.5755030633192788
0.708685028227737 3 0.18202737690078052 0.6289198606271778 0.5127758420441347 0.7933962514412557
0.13579195876860908 2 0.07583447801333873 0.8393987341772152 0.5137130801687764 1.1785547947558963
0.37676816126100815 2 0.1617802197617893 0.8382147838214784 0.4848907484890749 1.1524218603799135
0.5783222866734842 3 0.17798521318015953 0.8211805555555556 0.26719278466741825 1.6808999731011178
-9.999994999180668e-07 1 0.0 0.793400286944046 0.5117168818747011 1.1904076505831953
0.6134080494594264 2 0.04995657836784083 0.6590717299578059 0.4860759493670886 1.2130473823469898
0.4825755651802941 2 0.1617802197617893 0.7272727272727273 0.6548536209553159 0.9785626159209959
-9.999994999180668e-07 1 0.0 0.5625 0.4739583333333333 1.2636367577465095
0.2286298735916434 2 0.07583447801333873 0.8348134991119005 0.551805802249852 1.0382222229062676
0.9950239901849212 3 0.3865110999558537 0.4277456647398844 0.2996146435452794 1.614354034828664
1.0062105659604368 4 0.23628412038748325 0.6079545454545454 0.32954545454545453 1.7920020911393548
0.23378965871499252 2 0.1617802197617893 0.952 0.6262222222222222 0.9191739795466474
0.4634105588430012 3 0.276349011692984 0.8412162162162162 0.4572072072072072 1.1818021094271864
-9.999994999180668e-07 1 0.0 0.9545454545454546 0.6666666666666666 0.8879953811300989
0.37676816126100815 2 0.34667189948954846 0.7927927927927928 0.484984984984985 1.166229131433136
0.22371607607486488 2 0.15166895602667746 0.6441441441441441 0.56006006006006 1.0608988844578247
0.23378965871499252 2 0.05328701692569689 0.7064220183486238 0.38470948012232414 1.4824599125541962
0.562333144621475 2 0.22060939058425813 0.5456852791878173 0.1455160744500846 1.6481877575551793
0.23378965871499252 2 0.20367003088692623 0.7491289198606271 0.2804878048780488 1.3741015918684043
0.8082669580111547 3 0.190574850256003 0.6043276661514683 0.1267387944358578 1.6065572474823078
1.0373873246496352 5 0.3197891828137978 0.7598371777476255 0.5376115597110073 1.1669223250906655
0.5067312576519972 4 0.10565695791758811 0.21951219512195122 0.07317073170731707 1.9391865940890955
0.2509528043654067 2 0.04333398743619356 0.7329498767460969 0.42755409476855655 1.1800386925272563
-9.999994999180668e-07 1 0.0 0.9558823529411765 0.3480392156862745 1.2348110396759364
-9.999994999180668e-07 1 0.0 0.6638418079096046 0.506120527306968 1.0641926334834004
0.6829061047025133 2 0.049921317589317206 0.5819761129207384 0.4676076728193992 1.787855513363187
0.6019209717449048 3 0.27168493419129386 0.35767790262172283 0.1111111111111111 2.0311396809308078
0.7356189397674613 3 0.6984060769665962 0.1348314606741573 -0.4868913857677903 3.1634073528448656
0.9761860500659594 4 0.23833711998829274 0.6834215167548501 0.3991769547325103 1.1982734706566642
1.251151983376565 4 0.22313693567352763 0.3333333333333333 0.2222222222222222 1.4716878364870318
0.8815292611983065 3 0.18985089405883684 0 0 0
0.24492802680267098 2 0.11418646484077903 0.7313664596273292 0.4606625258799172 1.139654026781312
0.4293210219344571 2 0.2022252747022366 0.4816955684007707 0.2761721258831085 1.2116594444786233
-9.999994999180668e-07 1 0.0 0.8741258741258742 0.42424242424242425 1.1525619466557246
-9.999994999180668e-07 1 0.0 0.6042402826855123 0.7102473498233216 1.032788482160825
0.4825755651802941 2 0.1617802197617893 0.7799043062200957 0.6305156831472621 0.7307023641374027
0.37676816126100815 2 0.34667189948954846 0.9333333333333333 0.7074074074074074 0.6752333141695258
0.37676816126100815 2 0.10183501544346311 0.6068376068376068 0.4792022792022792 1.247342381698028
0.562333144621475 2 0.1617802197617893 0.6163410301953819 0.41740674955595025 1.322028239992109
0.30463409735528807 2 0.04995657836784083 0.640203932993445 0.4644331148336975 1.309620230780315
0.5297041990605473 2 0.09984263517863441 0.6375198728139905 0.48754636989931105 1.4492753247820125
-9.999994999180668e-07 1 0.0 0.6040848389630793 0.3713013877978528 1.4499455716946985
0.13905879847125688 2 0.07828075149763998 0.6902485659655831 0.47068196303377946 1.111407846854964
0.13579195876860908 2 0.07583447801333873 0.5909502262443439 0.32187028657616895 1.4748174950913457
0.13905879847125688 2 0.07828075149763998 0.7551020408163265 0.5764411027568922 1.0055328630511713
0.37676816126100815 2 0.10550883897507997 0.8293413173652695 0.5542248835662009 1.0311243464692372
0.2868339830627061 2 0.10550883897507997 0.7484737484737485 0.4603174603174603 1.1105431877108598
0.23378965871499252 2 0.1617802197617893 0.7086383601756955 0.38116154221571497 1.214288196055279
0.5455925739719631 2 0.10608279987729906 0.5053763440860215 0.41935483870967744 1.459014993284788
1.2996459635728974 5 0.33468149740199543 0.4203102961918195 0.3504273504273504 1.6760680769794032
0.37676816126100815 2 0.4364357804719848 0.7735849056603774 0.5363881401617251 1.1151729351922544
0.36220855714026556 2 0.15166895602667746 0.7455516014234875 0.5047449584816133 1.0372610569835348
1.1942686843595642 4 0.20524592281952056 0.7554140127388536 0.6118895966029724 1.2927939205534678
0.5455925739719631 2 0.07923270714528316 0.7190332326283988 0.5060422960725075 1.7180862720752508
0.6911907820052087 2 0.054752412839896285 0.592048401037165 0.39210602131950445 1.573772656490686
0.4825755651802941 2 0.1617802197617893 0.6225490196078431 0.3997821350762527 1.4865014087576949
0.7277229541675039 3 0.0945768879735916 0.7118533071381794 0.5712726478934731 1.3245479008544667
0.7659343365906511 3 0.1689427816862004 0.575139146567718 0.424860853432282 1.731333772248551
0.8246563237743261 3 0.23919113599223607 0.563249001331558 0.20195295162006213 1.782749677198247
0.7029159307848437 3 0.22198249077042284 0.45790554414784396 0.29705681040383297 1.8929244923938322
0.30463409735528807 2 0.1155572998298495 0.7270233196159122 0.3717421124828532 1.413646567210728
0.23378965871499252 2 0.1617802197617893 0.959114139693356 0.7563884156729132 0.755045133536138
0.562333144621475 2 0.08089010988089465 0.7801302931596091 0.6943539630836048 0.8186698931749001
0.759782767758782 3 0.091238270411532 0.375 0.24978184991273997 1.9848161081897544
0.4825755651802941 2 0.2265448509598758 0.3876651982378855 0.024963289280469897 1.945903366160237
0.8222613373494543 4 0.3115588422580777 0.5006877579092159 0.3108665749656121 1.9339889353285329
1.1682784501892294 4 0.2942949799708976 0.6801470588235294 0.5361519607843137 1.5258079522059453
0.21903052179830135 2 0.035686813182747634 0.5748418833450457 0.21527289763410634 1.4503707926659117
0.3488300958480944 2 0.3033379120533549 0.5833333333333334 0.2361111111111111 1.5702591256792973
0.3488300958480944 2 0.3818813079129867 0.7161803713527851 0.3713527851458886 1.2976660071068393
0.10126281759130176 2 0.06500107368731688 0.5154769425142135 0.6005474836807749 1.190156893385509
0.33987583044160663 3 0.11500896583422132 0.7433566433566433 0.37948717948717947 1.4641810719062394
0.23378965871499252 2 0.20367003088692623 0.6237623762376238 0.17216721672167218 1.6206049017971813
0.4825755651802941 2 0.1617802197617893 0.8456284153005464 0.6584699453551912 0.8589815679837626
0.4634105588430012 3 0.13417712680659152 0.6666666666666666 0.34946236559139787 1.1708347780916533
0.37676816126100815 2 0.1617802197617893 0.5402097902097902 0.44405594405594406 1.2668714845310232
0.6615612381601154 2 0.10961847627090765 0.4769874476987448 0.07670850767085077 1.6082483209214746
-9.999994999180668e-07 1 0.0 0.6239316239316239 0.25925925925925924 1.5757231861107943
1.1582096934295512 5 0.3302548352428829 0.37470997679814383 0.15467904098994587 2.296430994205814
0.9262160514104743 3 0.09418144042480721 0.6340454858718125 0.4996554100620262 1.3206097631245324
0.4634105588430012 3 0.25178598380397166 0.7421875 0.6453125 1.0548997833988003
0.5670547918592592 3 0.11343329240468798 0.4125714285714286 0.2283838015322875 1.7758478233461243
0.23378965871499252 2 0.09855001494528688 0.7357259380097879 0.4461663947797716 1.1922880333161907
0.6559727323476829 3 0.23392077464243127 0.48007590132827327 0.2972802024035421 1.807829015102853
0.9239058809727725 3 0.15352722871832444 0.6113296616837136 0.3986362444269604 1.29877210475465
0.23378965871499252 2 0.1617802197617893 0.6666666666666666 0.45038167938931295 1.2905710792976826
1.0408358374387054 4 0.3034691477792388 0.4659090909090909 0.22017045454545456 1.9032593612894153
0.6615612381601154 2 0.08451488762163537 0.6974789915966386 0.5392156862745098 1.2728627855087702
1.190071307235074 5 0.4180379397104334 0.5013054830287206 0.3359442993907746 1.3403815973734028
0.6779057256561851 3 0.2578618549141193 0.7491289198606271 0.13763066202090593 1.4884851956908325
0.7529716827772219 3 0.2970234538337924 0.7112676056338029 0.2868544600938967 1.3828386126510543
0.37676816126100815 2 0.1617802197617893 0.6398891966759003 0.16851338873499538 1.7294289218291532
-9.999994999180668e-07 1 0.0 0.38107752956636004 0.17882172579938677 1.5692153372798123
0.23378965871499252 2 0.1617802197617893 0.8067632850241546 0.487385936661299 1.1841544722031065
0.6210843745575724 2 0.1617802197617893 0.726027397260274 0.30948756976154235 1.4395017211672216
0.562333144621475 2 0.34667189948954846 0.9611307420494699 0.4758539458186101 1.3127388448531119
0.9868954488573298 4 0.3531715912001098 0.671484888304862 0.560227770477442 1.2426550680923878
0.5297041990605473 2 0.3033379120533549 0.8455882352941176 0.35049019607843135 1.3004018093511787
0.5297041990605473 2 0.3033379120533549 0.904 0.6093333333333333 1.1629482385633851
0.13905879847125688 2 0.07828075149763998 0.6567567567567567 0.46186186186186184 1.4001500945801246
0.6210843745575724 2 0.05328701692569689 0.47448275862068967 0.21563218390804598 1.7943570234184605
1.0336965498709902 4 0.23844643253429337 0.6614664586583463 0.35714285714285715 1.7268987011330799
0.45055920886990464 2 0.09984263517863441 0.4979757085020243 0.20332883490778228 1.8316532554009046
0.6931451805619453 2 0.8089010988089465 0.572289156626506 0.19076305220883535 1.6645272172216552
0.2711873730488856 2 0.2545875386086578 0.6252252252252253 0.3441441441441441 1.6427786535752729
0.4293210219344571 2 0.2022252747022366 0.7382198952879581 0.6579406631762653 1.016507760626516
1.1034289096530807 4 0.22559174743798172 0.5665584415584416 0.4058641975308642 1.81323871739533
0.5560565328721216 3 0.12735231290216897 0.4138192862566439 0.1703366236395849 1.7603540256906753
-9.999994999180668e-07 1 0.0 0.8628571428571429 0.5231746031746032 1.155133672746359
0.17320320676169862 2 0.01805664678762537 0.8575305291723202 0.7666214382632293 1.3128802338588823
0.37676816126100815 2 0.24247497114811215 0.8708791208791209 0.7847985347985348 0.7855434675096428
0.7356189397674613 3 0.5307940964304281 0.4169014084507042 -0.21692169216921692 2.3697898294955246
0.6615612381601154 2 0.3980006906993602 0.4973821989528796 0.20418848167539266 1.7305030961711314
0.4825755651802941 2 0.1617802197617893 0.6657263751763046 0.3761165961448049 1.4318005532133706
0.7902307553651863 4 0.19846830528473702 0.2411764705882353 -0.15 2.6730397113342184
0.47413731306119833 2 0.15275252316519466 0.7033898305084746 0.3361581920903955 1.4161582948613831
0.4634105588430012 3 0.18272512532435775 0.725 0.6848039215686275 0.9443588641115903
0.36933112165034665 2 0.09547032697824667 0.5452453987730062 0.20807770961145194 1.5320207532607801
0.37676816126100815 2 0.20367003088692623 0.8413223140495868 0.4066115702479339 1.3676338843419562
0.36220855714026556 2 0.15166895602667746 0.6851574212893553 0.48375812093953025 1.2120794578369738
0.22371607607486488 2 0.10608279987729906 0.8888888888888888 0.48148148148148145 1.3685541442342026
0.8082669580111547 3 0.2392908700495887 0.59375 0.3958333333333333 1.758209692379227
0.9184247850012975 3 0.26542042301536584 0.43609022556390975 0.05889724310776942 2.135057561575311
1.2342409455896624 4 0.36497853516651485 0.5670103092783505 0.29037800687285226 1.6095729724570649
1.2366808691522042 4 0.2601199364652059 1.0 1.0 0.48645423314473113
1.0397177708449181 3 0.6890095227366612 0.5942028985507246 0.36231884057971014 2.059731359445519
0.7866982379284644 3 0.2822103987662619 0.2983770287141074 0.040366208905534745 2.1895305519118953
0.6896689283590407 2 0.10550883897507997 0.6077844311377245 0.27045908183632733 1.5158705197896705
0.9002530512753368 3 0.30481866957258125 0.515527950310559 0.30177514792899407 1.6473659739165252
0.562333144621475 2 0.8089010988089465 0.5885714285714285 0.17714285714285713 1.6939174814206106
-9.999994999180668e-07 1 0.0 0.38950276243093923 0.212707182320442 1.8379957403282265
0.562333144621475 2 0.15589423252887374 0.574468085106383 0.41830065359477125 1.501922869967985
0.3488300958480944 2 0.4247715955497671 0.6153846153846154 0.29212454212454214 1.631100229128024
0.37676816126100815 2 0.08089010988089465 0.618229854689564 0.5697930427124615 1.1538829273243676
0.6615612381601154 2 0.11315498653578566 0.8922470433639947 0.6425755584756899 1.1244249871041674
0.4437542842777149 3 0.17883245631982908 0.6822695035460993 0.425531914893617 1.1933480063351256
0.45055920886990464 2 0.15430225436698045 0.8515037593984962 0.7255639097744361 0.934217144318761
0.23378965871499252 2 0.1617802197617893 0.7871759890859482 0.5497953615279673 1.050101818699212
1.2329867266067283 5 0.2117697657931803 0.5483207676490747 0.35252456020105094 1.7151287166899643
0.4634105588430012 3 0.27168493419129386 0.5903890160183066 0.47215865751334857 1.350462331556413
0.47413731306119833 2 0.2786004834895522 0.38557993730407525 0.35214211076280044 1.7738136592924802
0.22371607607486488 2 0.15166895602667746 0.7345971563981043 0.517114270668773 1.2084892899816215
0.7529716827772218 3 0.20274406025937067 0.5583090379008746 0.41885325558794945 1.2558813102761937
0.4825755651802941 2 0.11315498653578566 0.6661211129296236 0.4768139661756683 1.4256477769189866
0.3488300958480944 2 0.14274725273099054 0.6115384615384616 0.31196581196581197 1.4724022058440547
1.1034289096530807 4 0.19075462007448435 0.5889387144992526 0.5032386646736422 1.5740939360773838
0.8647370965378594 3 0.20273133802344045 0.6734006734006734 0.601010101010101 1.3186766231833082
0.4634105588430012 3 0.2547915795148364 0.6292749658002736 0.5590515275877793 1.4579929513214134
0.9743117528756828 3 0.23542395041483508 0.6038781163434903 0.4533702677746999 1.7394397797529038
0.562333144621475 2 0.11418646484077903 0.625 0.5284090909090909 1.1876027021742
0.22371607607486488 2 0.15166895602667746 0.8243727598566308 0.3046594982078853 1.2785848261074872
0.8037391073239946 3 0.2690900279912656 0.625 0.4140625 1.2950028357115684
-9.999994999180668e-07 1 0.0 0.5063829787234042 0.0014184397163120568 1.9418643062280618
0.3624980217649752 3 0.07753359257931094 0.43916083916083914 0.2811188811188811 2.0678857644281528
0.982897727721111 3 0.08486623990183925 0.5065934065934066 0.2644688644688645 1.8471008267411326
0.6931451805619453 2 0.4872822798227494 0.3896457765667575 0.12534059945504086 2.1082834761641354
0.31968859811691686 2 0.07637626158259733 0.6821086261980831 0.43858714944976923 1.4084762772018602
1.0503470239598303 4 0.18966821736202424 0.6567992599444958 0.5300647548566142 1.3006952964789522
0.21903052179830135 2 0.07137362636549527 0.7188311688311688 0.4484848484848485 1.2703549620613264
1.1106110584116864 4 0.1692356541870574 0.24050632911392406 -0.08333333333333333 2.27711904463599
0.6436028879895588 3 0.14311835780995116 0.5853174603174603 0.38648293963254593 1.4007776852631357
1.1803005570082867 4 0.22747336719096983 0.3825136612021858 0.18123861566484517 1.846036381309336
0.761481730216554 5 0.1921342513057666 0.3927392739273927 0.23542354235423543 2.2534904987964715
1.0336965498709902 4 0.5496590449296108 0.3711340206185567 -0.16666666666666666 2.2072410633696737
0.6680148186745344 3 0.20126569020988727 0.5375782881002088 0.2710508002783577 1.6695303756065267
0.20619005064325946 2 0.06740842490074554 0.5591531755915318 0.31548360315483603 1.2887370913721077
0.6318740819103839 4 0.1599082659542408 0.4937623112278398 0.3637557452396586 1.4044061607449314
0.5442807329860391 3 0.15392096233699215 0.6292237442922375 0.45996955859969557 1.2350415429871073
0.5253193195185206 2 0.11003148254062084 0.5112570356472795 0.21982489055659787 2.0260483221048973
0.6210843745575724 2 0.2265448509598758 0.6712328767123288 0.29954337899543376 1.338674273051872
0.5140926973765212 4 0.18756516953450467 0.5978886756238004 0.3134845620667927 1.6659813188197274
1.277440137481867 6 0.18122035919111212 0.5785016286644951 0.4341629440544565 1.4789922310652077
0.7356189397674613 3 0.22198249077042284 0.7937158469945356 0.6962659380692168 0.9439513366742255
0.8060385049550861 3 0.11943355289757955 0.38446346280447663 0.10050471801623875 1.9411250088154408
0.2868339830627061 2 0.13282828101321276 0.5466019417475728 0.3168284789644013 1.7417203526159148
0.2771103575239885 3 0.08798619978704295 0.7004578155657293 0.5080076873798847 1.3635495235930282
0.23378965871499252 2 0.20367003088692623 0.6937416777629827 0.4966711051930759 1.2347057952982268
0.8659890973713665 4 0.131627239282394 0.5293168370091447 0.17048888888888888 1.1613305946496693
0.7605237746334277 3 0.11843529072556457 0.5708185053380783 0.231791221826809 1.5367085470783237
0.7232515110158177 3 0.18520166772946253 0.7903225806451613 0.5197132616487455 1.3593422072542518
0.19144208196874216 2 0.12133516482134196 0.7493036211699164 0.6211699164345403 0.8526195145678318
0.41011431829249234 2 0.07993052538854532 0.5379061371841155 0.3200962695547533 1.8229881106601833
0.6492463548730875 2 0.10659299871122643 0.6157556270096463 0.3215434083601286 1.7995392360736315
0.2509528043654067 2 0.07648406923036868 0.4838963079340141 0.17532133676092546 1.7861298802949839
0.22371607607486488 2 0.15166895602667746 0.4433164128595601 -0.023688663282571912 2.1097501838973467
0.5783222866734842 3 0.30555265867288584 0.4957983193277311 0.3949579831932773 1.788986663816567
0.9002530512753368 3 0.4344242957645153 0.5567567567567567 0.4153153153153153 1.394641095039406
0.8979427248642798 3 0.3378855633724008 0.3943298969072165 0.11683848797250859 2.0594781412100316
0.45055920886990464 2 0.48534065928536785 0.3607142857142857 0.2523809523809524 1.8180270450979221
0.51675159080445 2 0.07583447801333873 0.7119784656796769 0.5598923283983849 0.8758435951953538
0.37676816126100815 2 0.34667189948954846 0.8701298701298701 0.3203463203463203 1.2417853419403213
0.6019209717449048 3 0.276349011692984 0.7493472584856397 0.49869451697127937 1.0714484792456946
0.33259221431728353 2 0.08666797487238712 0.6727664155005382 0.33118048080373164 1.5472852239259867
0.7029159307848437 3 0.20273133802344043 0.5459387483355526 0.4167776298268975 1.7240085443528597
0.8675602284925862 3 0.1717426266570014 0.7447698744769874 0.3682008368200837 1.5183795988687674
-9.999994999180668e-07 1 0.0 0.8891060087933561 0.8151766813222602 0.6927988485178262
0.8896926321473294 4 0.1246606486521225 0.601498127340824 0.40757238307349664 1.389557189622946
0.36249802176497514 3 0.11063069167971312 0.4331742243436754 0.5608591885441527 1.4478789072431237
0.7774591319216559 3 0.23601214225005462 0.48080438756855576 0.5088360755636807 1.497591852639139
0.23378965871499252 2 0.07735212134375354 0.4270967741935484 0.5539784946236559 1.4884852592112
0.6365121682970628 2 0.07583447801333873 0.44366197183098594 0.4107981220657277 1.09469645387715
0.3734753806866975 4 0.07270245101336736 0.7277070063694268 0.4851380042462845 1.3263225325085028
0.1297386947374426 2 0.08985442539129099 0.6403580146460537 0.5999457553566585 1.0831230123764728
0.9743117528756828 3 0.39155383998076665 0.7327586206896551 0.5478927203065134 0.9532743996725691
0.6019209717449048 3 0.22198249077042284 0.7696335078534031 0.6369982547993019 0.9679767832064886
1.065809405748678 4 0.07190539579340186 0.7176386913229018 0.6602579132473623 1.1010899421934177
-9.999994999180668e-07 1 0.0 0.7095709570957096 0.7007700770077008 1.0285472544400296
0.3488300958480944 2 0.17970885078258197 0.5924276169265034 0.236822568671121 1.6377854103739413
0.7029159307848437 3 0.22198249077042284 0.36363636363636365 0.20202020202020202 1.808151934900624
0.29250646847877726 2 0.07137362636549527 0.4322678843226788 0.0776255707762557 1.7531782526082014
0.8050032186119244 3 0.09987682744871791 0.7205479452054795 0.5013698630136987 1.4255803954372417
0.846362829637054 3 0.2668078805141111 0.5278219395866455 0.20296767355590886 2.025936862551033
0.22371607607486488 2 0.07503180358400381 0.5609348914858097 0.36802168021680215 1.6054051527070834
-9.999994999180668e-07 1 0.0 0.8465608465608465 0.6781305114638448 0.9613010822917074
0.36249802176497514 3 0.0878738173745102 0.6896284829721362 0.27683178534571723 1.4057443165596892
0.22371607607486488 2 0.15166895602667746 0.7837837837837838 0.6266266266266266 0.9944193545877386
0.3488300958480944 2 0.14274725273099054 0.8506900878293601 0.4646591384358009 1.2595593115585377
0.465997256964483 2 0.15166895602667746 0.4015748031496063 0.1889763779527559 1.8486546492245168
-9.999994999180668e-07 1 0.0 0.6826666666666666 0.5857777777777777 1.2374892506025839
1.1487408578923302 5 0.16679311695865762 0.621786197564276 0.37077131258457374 1.8197246297438796
1.1021026019260851 5 0.15864353609332196 0.6856031128404669 0.30463745836536 1.7274981297641419
0.19144208196874216 2 0.12133516482134196 0.8507462686567164 0.6567164179104478 0.8395869570151584
-9.999994999180668e-07 1 0.0 0.6515679442508711 0.3983739837398374 1.2538885902570815
0.37676816126100815 2 0.20367003088692623 0.5760869565217391 0.16545893719806765 1.466082703615599
0.7902307553651863 4 0.3454837689370305 0.5037453183520599 0.10611735330836454 1.9228005126049919
0.6747044674287963 3 0.09809580872101958 0.5051903114186851 0.2647058823529412 1.8526701769698934
1.1648679119276883 5 0.4648333146765026 0.7158322056833559 0.4857916102841678 1.3294921505832098
0.551077928089714 2 0.07072186658486604 0.9483526268922529 0.8943306619174829 0.5752169983505292
0.5859506183060716 2 0.05304139993864953 0.36414253897550114 0.09317000742390498 1.883925735102046
0.6019209717449048 3 0.276349011692984 0.7536496350364964 0.4738442822384428 1.1393153585367513
0.20619005064325946 2 0.13481684980149108 0.6126543209876543 0.3888888888888889 1.3986805324050091
0.36220855714026556 2 0.15166895602667746 0.6764705882352942 0.41568627450980394 1.2837654885146035
0.873897414276215 3 0.2998485486891533 0.47320061255742724 0.34915773353751917 1.8776005535375113
0.8305206914932463 3 0.1946416435446016 0.5461956521739131 0.2536231884057971 1.8399977446616318
-9.999994999180668e-07 1 0.0 0.7318840579710145 0.5543478260869565 1.219678975391821
0.8313995205030316 3 0.18272512532435775 0.5945165945165946 0.41414141414141414 1.4986248599729202
0.8864614756864 3 0.17524933481875488 0.7621621621621621 0.470990990990991 1.309090864436705
0.36933112165034665 2 0.037917239006669365 0.6690223792697291 0.4491558696505693 1.2440657336264733
0.9630250186118312 3 0.0817651242986883 0.6338880484114977 0.34568835098335854 1.530582947997645
0.13579195876860908 2 0.07583447801333873 0.609012591119947 0.4316324276562845 1.2105721857213434
0.5402021423916775 2 0.11011393375382651 0.8274582560296846 0.16079158936301793 2.146605160066738
0.44330369148740506 3 0.13970828828522644 0.855191256830601 0.46584699453551914 1.838965466741006
0.68531220727849 2 0.2273983972506164 0.22549019607843138 -0.11328976034858387 2.1665156603361275
0.8393337485990727 4 0.1708670905818175 0.2373300370828183 0.053976102183765966 2.4831325994445934
0.8753614152741768 3 0.127352312902169 0.5626631853785901 0.3761966927763272 1.7360764642733575
0.21904258222550912 3 0.03479853446560658 0.5312294543063774 0.30955511724742496 1.8291575240688995
0.23378965871499252 2 0.07828075149763998 1.0 0.8504901960784313 0.7275185039971805
0.5941280227273119 2 0.09855001494528688 0.6890688259109312 0.43967611336032386 1.297501466573003
0.6210843745575724 2 0.08089010988089465 0.5 0.30357142857142855 1.3920080348217876
0.3488300958480944 2 0.3033379120533549 0.5755813953488372 0.5077519379844961 1.1448177376781332
0.5011438424154131 3 0.07364775604213632 0.7189679218967922 0.552907106259746 1.2971825109207715
0.4825755651802941 2 0.08089010988089465 0.6256544502617801 0.5632635253054101 1.0633033835815782
0.5851606824956601 4 0.10147529763537652 0.5 0.4024547803617571 1.0706794961652903
0.4740359434380153 3 0.0928928701399993 0.35828721235071365 0.21982716768618313 1.629245153654222
0.5296405025576139 3 0.17271813230811497 0.5135371179039301 0.15604075691411937 1.6664918236194635
0.5402021423916775 2 0.2022252747022366 0.3623481781376518 0.27125506072874495 1.7131141460723631
0.16794214774719357 2 0.1011126373511183 0.5504587155963303 0.46972477064220186 1.3838424628958879
0.2771103575239885 3 0.1266036487291513 0.734020618556701 0.45063001145475373 1.228379489214326
0.5366615624993687 3 0.22921053770143937 0.7288329519450801 0.39893211289092295 1.213110384659098
0.5297041990605473 2 0.2006456446328968 0.6166456494325346 0.37957124842370743 1.104351796003614
1.4495828801393482 6 0.299297089501555 0.4411764705882353 0.3215109573241061 1.5308457267490823
0.8416823379801321 3 0.18523972785770038 0.4780058651026393 0.2274356467904855 1.7378277341046682
0.8033217575616667 3 0.12837598497587868 0.7020038784744667 0.3826761473820297 1.5832299702540016
0.6407828608324561 2 0.06559569151460089 0.5009025270758123 0.161101083032491 2.08760987194211
0.7985174440277224 3 0.13340394025705554 0.3178368121442125 0.01454775458570525 1.8475196813833712
0.36933112165034665 2 0.037917239006669365 0.6801302931596092 0.4948968512486428 0.8730888173857722
0.465997256964483 2 0.15166895602667746 0.6511278195488722 0.37343358395989973 1.3464891974284472
0.3111271548177342 2 0.05156808089583569 0.8111837327523602 0.5298959089808764 1.1303926449558699
0.37676816126100815 2 0.05328701692569689 0.762406015037594 0.3669172932330827 1.3893265813069189
0.7194738101578686 4 0.12041921811525533 0.5563689604685212 0.49064108563406644 1.2150502688798035
0.3341407913925472 2 0.03611329357525074 0.6289140572951366 0.36087053075727293 1.949972160594286
-9.999994999180668e-07 1 0.0 0.6829268292682927 0.266260162601626 1.503533336897719
0.9391013058996257 4 0.15476054125891783 0.4232558139534884 0.22118863049095608 1.9159512255510702
0.5670783210751609 3 0.10763601119650623 0.6223021582733813 0.39568345323741005 1.3745334180187463
1.0336965498709902 4 0.19135116720240564 0.6569148936170213 0.5797872340425532 1.5183028728500416
1.2130035659909044 4 0.2978937825726648 0.7073170731707317 0.8006644518272426 0.9840603183938469
1.0026087030014839 4 0.1977816171712085 0.4244541484716157 0.08646288209606987 1.6759657705400914
0.9238377056376721 3 0.2668078805141111 0.7647058823529411 0.45098039215686275 1.4522195381407228
0.8599642810436239 3 0.4075274012869408 0.7880794701986755 0.5415746872700515 1.289017467231143
1.1246662892518389 4 0.2722412770833003 0.2755102040816326 0.028182701652089408 1.6167819418398324
0.7774591319216559 3 0.22198249077042284 0.7183833116036505 0.7601043024771839 1.049721549698651
0.36220855714026556 2 0.15166895602667746 0.8125 0.5651041666666666 1.021528660945107
0.23378965871499252 2 0.10961847627090765 0.5518763796909493 0.25312729948491536 1.4225455078316351
-9.999994999180668e-07 1 0.0 0.3333333333333333 0.4444444444444444 1.4324783161570298
0.13579195876860908 2 0.07583447801333873 0.6016949152542372 0.5310734463276836 1.075984189296798
-9.999994999180668e-07 1 0.0 0.9325681492109039 0.6905786704925873 0.7438942295268687
0.5455925739719631 2 0.15166895602667746 0.7170596393897365 0.4803513638465095 1.0522101690107262
0.23378965871499252 2 0.1617802197617893 0.8220973782771536 0.6903870162297129 0.9100594983083139
0.23378965871499252 2 0.1617802197617893 0.8118279569892473 0.6057347670250897 0.9341294751592726
0.8193192134998255 3 0.0557895532437131 0.539440203562341 0.22263374485596707 1.637941931100602
0.22371607607486488 2 0.15166895602667746 1.0 0.9761163032191069 0.41803114940103325
1.059983411330622 3 0.042865040804106684 0.6643307638402243 0.47106004769130716 1.632137205000816
0.8647370965378594 3 0.1946416435446016 0.4196185286103542 0.24704813805631246 1.8364820280375742
0.5983362971401659 4 0.07515901771115738 0.8948948948948949 0.8148148148148148 1.2030991775810296
-9.999994999180668e-07 1 0.0 0.7317073170731707 0.6144465290806754 1.5729066931903206
1.1531021174721743 5 0.31610819827050285 0.6 0.6 1.6416237101988096
0.18181828231669112 2 0.019287781795872556 0.7817109144542773 0.18584070796460178 1.8249561317282794
1.0775693729067803 4 0.20437995007980467 0.6438356164383562 0.3952308472856418 1.766960710125128
0.8544119816113698 3 0.1717426266570014 0.4540682414698163 0.36439195100612426 1.7855519643406743
0.8252054146532384 4 0.14569909395088143 0.5337716676628811 0.13927077106993424 1.8208148043205228
1.14905569698277 4 0.635084916441495 0.1820580474934037 -0.12595097210481826 2.2026939078078076
0.7504815842041549 3 0.10286816957798696 0.4885906040268456 0.21431767337807606 2.012051171869455
0.6394648726378123 4 0.10493762469662368 0.5131298793470547 0.3089661698604211 2.038901321459895
1.295956296835661 5 0.13412564229031118 0.4559616536848412 0.2604353904533653 1.6935884655577877
1.277089066797308 4 0.15897896352668545 0.49673202614379086 0.3350278382958122 1.7547290010885568
1.3350266644931499 5 0.15989252454087732 0.2727272727272727 0.23484848484848486 1.4344768638867804
0.9248791396132753 4 0.11018057141539134 0.8888888888888888 0.7777777777777778 1.1572292788290108
0.8752559385262878 3 0.18789922776854764 0.6421052631578947 0.3550877192982456 1.2690282185468635
1.0628740591820691 5 0.11383368671871026 0.35571687840290384 -0.006555423122765197 1.5660964432703206
0.9002530512753368 3 0.13746760314878748 0.7589285714285714 0.6071428571428571 1.3198755497781574
0.5785321056352338 2 0.03536093329243302 0.3866790009250694 0.30126426148627816 1.6178204365346107
0.13905879847125688 2 0.07828075149763998 0.8381795195954488 0.8053097345132744 0.6477792308474732
1.3633571023810602 6 0.6458986607969475 0.5399129172714079 0.219790675547098 1.852636037570232
0.6779057256561851 3 0.2578618549141193 0.40625 0.3489583333333333 1.4367570304690602
0.8463628296370541 3 0.182476540823064 0.5689655172413793 0.4339080459770115 1.5317224688575872
0.8082669580111547 3 0.182476540823064 0.6511976047904192 0.3902195608782435 1.640805809735068
1.0373873246496352 5 0.2199072084148049 0.5803981623277182 0.42202291978076734 1.661205508270548
0.923837705637672 3 0.3193788963098947 0.24198250728862974 -0.02672497570456754 1.8609047571737491
1.3545770752216701 4 0.2996232479019718 0.37254901960784315 -0.00392156862745098 1.749940599566204
-9.999994999180668e-07 1 0.0 0.5 0.5 1.0245190528383263
1.006210565960437 4 0.30774602574298754 0.4584487534626039 0.3688827331486611 1.8560285061782447
1.2023397196746624 4 0.34125848084928834 0.5667311411992263 0.34493874919406836 1.1223655585647097
0.5660827389722287 3 0.15392096233699218 0.6497005988023952 0.5958083832335329 1.2536897163794525
1.002714264531766 4 0.5381800559825312 0.30140845070422534 -0.030985915492957747 1.999118118881105
0.22371607607486488 2 0.15166895602667746 0.685 0.40555555555555556 1.156576064329786
0.8544119816113698 3 0.19586690362096135 0.5604575163398693 0.49836601307189543 1.437447558847277
1.4287631203534064 6 0.44370477123838276 0.4503424657534247 0.48444444444444446 1.8074297625579676
0.92666197474816 3 0.051498989153245175 0.5729335494327391 0.39168017287952456 1.595430829336462
0.9411462656712755 4 0.14786524956009134 0.7315123251165889 0.5396402398401066 1.2243698470696185
1.0397177708449181 3 0.2761283005534175 0.572 0.4688888888888889 1.452938849823166
0.9002530512753368 3 0.19464164354460156 0.5815602836879432 0.3877068557919622 1.54425298392183
0.6779057256561851 3 0.20810858509727143 1.0 0.9903147699757869 0.4694882706816568
0.6616098857481816 3 0.12953859923108624 0.6652397260273972 0.3601598173515982 1.3140970332146538
0.3488300958480944 2 0.3033379120533549 0.7668161434977578 0.20328849028400597 1.3189916959136423
0.9957344991838157 3 0.13902974538900112 0.5819070904645477 0.3863080684596577 1.4123213031642288
0.6318740819103839 4 0.16554918337505148 0.6133942161339422 0.523845763571791 1.7973395777014254
-9.999994999180668e-07 1 0.0 0.9149507609668756 0.4891077290361086 1.057103273867821
0.23378965871499252 2 0.20367003088692623 0.8259493670886076 0.5791139240506329 0.8966887016165157
0.37676816126100815 2 0.24247497114811215 0.5511811023622047 0.18110236220472442 1.6860235006245727
0.8313995205030316 3 0.1946416435446016 0.5772230889235569 0.33021320852834113 1.5624553638696064
0.3488300958480944 2 0.15846541429056632 0.456 0.14666666666666667 1.925436609475707
1.0062105659604368 4 0.3101343703172438 0.8274193548387097 0.5 1.6142019552702678
1.0408358374387054 4 0.4316227067707665 0.4854368932038835 0.1336589698046181 1.8385737421279948
0.9302968331909088 3 0.08486623990183925 0.8243243243243243 0.6216216216216216 1.2356742841279444
0.8135656220123282 4 0.07930826024727143 0.742393509127789 0.4561677448137408 1.4189821738225048
1.4827577478935314 6 0.21540541164251759 0.5963229416466826 0.3166417538614848 1.5976528752988384
0.8945480980063529 3 0.05358130100513336 0.7135250266240681 0.5544692737430168 1.3349715195512553
0.23378965871499252 2 0.20367003088692623 0.7663865546218488 0.453781512605042 1.2773358957639058
0.6019209717449048 3 0.2418141435847267 0.436435124508519 0.31921266581086866 1.543134313301661
0.13905879847125688 2 0.05156808089583569 0.6861989205859677 0.25160627088152143 1.5311903267120694
0.23378965871499252 2 0.1617802197617893 0.7164869029275809 0.49203903441191577 1.2143451165746215
1.1988453129256211 4 0.14279625662452397 0.46733668341708545 0.1972361809045226 1.915988059312132
0.19851324335639875 2 0.12772122612772838 0.6762936221419976 0.28399518652226236 1.454916946624563
0.23378965871499252 2 0.20367003088692623 0.8488745980707395 0.4040728831725616 1.3399385906062988
0.37676816126100815 2 0.34667189948954846 0.8584070796460177 0.49852507374631266 1.2604058057099226
0.19144208196874216 2 0.12133516482134196 0.8925294888597641 0.4320664045434688 1.3120319633856956
0.5297041990605473 2 0.07137362636549527 0.680794701986755 0.30816777041942606 1.3800205614774663
0.44330369148740506 3 0.17271813230811497 0.7057057057057057 0.5622288955622289 0.9478215791471374
0.6390288596608019 3 0.45842107540287874 0.6246648793565683 0.610366398570152 0.98505467999782
-9.999994999180668e-07 1 0.0 0.8405405405405405 0.6636636636636637 0.8808094387660445
-9.999994999180668e-07 1 0.0 0.9875259875259875 0.7574497574497574 0.7920722118273457
0.22371607607486488 2 0.15166895602667746 0.815 0.7183333333333334 0.8395895661531242
-9.999994999180668e-07 1 0.0 0.9387755102040817 0.6235827664399093 0.8798917261157663
-9.999994999180668e-07 1 0.0 0.7234782608695652 0.47884057971014493 1.0885797530546333
0.23378965871499252 2 0.1617802197617893 0.7663551401869159 0.6033229491173416 1.0383251075439115
0.25731664055136994 2 0.1229700390593005 0.661849710982659 0.36416184971098264 1.638474484561323
-9.999994999180668e-07 1 0.0 0.7965116279069767 0.3817829457364341 1.232481745809218
0.47413731306119833 2 0.24267032964268392 0.6685393258426966 0.4250936329588015 1.3870600266985953
-9.999994999180668e-07 1 0.0 0.6666666666666666 0.16666666666666666 1.6497862457059171
-9.999994999180668e-07 1 0.0 0.6642441860465116 0.22335271317829458 1.7200519824713312
0.20619005064325946 2 0.13481684980149108 0.7939142461964038 0.45873674504379897 1.2891486961894671
0.6019209717449048 3 0.276349011692984 0.4606741573033708 0.09113607990012484 1.8541104010432397
0.9321081206942512 4 0.1709140358675563 0.2887112887112887 0.003951367781155016 2.0589014409296915
0.9391013058996256 4 0.1709140358675563 0.3126873126873127 0.03362122146822949 2.07538238259995
0.23378965871499252 2 0.1617802197617893 0.7327272727272728 0.6151515151515151 1.0186967379914162
0.8222613373494543 4 0.37741821285438787 0.528169014084507 0.25 1.8028122551570616
0.562333144621475 2 0.34667189948954846 0.8263473053892215 0.5189620758483033 1.3600647330052693
1.082192530043434 3 0.24247497114811215 0.6994047619047619 0.3521825396825397 1.7602486434323772
0.4825755651802941 2 0.1617802197617893 0.7754172989377845 0.2559433485078402 1.37679014674756
0.23378965871499252 2 0.1617802197617893 0.9558823529411765 0.5065359477124183 1.0134865027645004
0.2868339830627061 2 0.10550883897507997 0.7087967644084934 0.3899561846983485 1.3302670810075963
0.36692299127744443 2 0.05055631867555915 0.6565445026178011 0.28865619546247817 1.2236673404978216
0.6837359058583963 3 0.4785817400991774 0.5346260387811634 0.3628808864265928 1.8372453995892044
0.7529716827772218 3 0.20810858509727143 0.4551282051282051 0.280982905982906 1.7886201248688298
0.9002530512753368 3 0.29457343531883035 0.5333333333333333 0.31666666666666665 1.9591949958983383
1.006210565960437 4 0.2959173380113116 0.5654205607476636 0.2796352583586626 1.8532384404498348
0.8000418530747798 4 0.2393308347814993 0.34231200897867564 -0.0776020595807282 2.054401470722692
0.6837359058583963 3 0.4332965428451506 0.4823848238482385 0.1860885275519422 1.802175691513624
0.8018155525515516 3 0.45280822365215645 0.6728110599078341 0.3686635944700461 1.2833970058932482
0.457042533041091 2 0.03996526269427266 0.5168350168350169 0.3374485596707819 1.4594798195924104
0.8760888930740542 3 0.3122989545105652 0.43146417445482865 0.27258566978193144 1.5982265195245005
0.9560413809737569 3 0.23090166317196062 0.31666666666666665 0.016666666666666666 1.7165989092705258
0.37676816126100815 2 0.1617802197617893 0.5891472868217055 0.33204134366925064 1.4916053971422027
1.4013876466272654 5 0.40668902684430736 0.6260162601626016 0.38491547464239273 1.1096249721080813
-9.999994999180668e-07 1 0.0 1.0 0.8863636363636364 0.6152609615126056
0.6771154676164242 2 0.03086045087339609 0.5823939881910897 0.22651637144390768 1.8527272666113115
0.4825755651802941 2 0.1617802197617893 0.5357142857142857 0.45938375350140054 1.1727539911606746
0.36220855714026556 2 0.03676823176404302 0.7237790232185749 0.48625567120362956 1.2299739458480063
0.7774591319216559 3 0.2750526452417272 0.6256830601092896 0.28324225865209474 1.5100054196319044
0.36249802176497514 3 0.11063069167971311 0.7051696284329564 0.39579967689822293 1.2888286335282526
0.23378965871499252 2 0.20367003088692623 0.9282371294851794 0.41341653666146644 1.3320269389852726
0.43966787940506313 2 0.05055631867555915 0.7516170763260026 0.4626994394135403 1.2199602271060979
0.3488300958480944 2 0.14274725273099054 0.758893280632411 0.5340360122968819 1.1156245631563726
0.5140926973765212 4 0.21931189338499066 0.8262195121951219 0.7672764227642277 0.744306104513318
0.30463409735528807 2 0.07583447801333873 0.8153564899451554 0.4384521633150518 1.2640966237123403
0.23378965871499252 2 0.04927500747264344 0.626916524701874 0.31232254400908577 1.6450549963157255
0.3488300958480944 2 0.19982631347136331 0.6543909348441926 0.336166194523135 1.4188012864331772
0.3488300958480944 2 0.14274725273099054 0.8365122615803815 0.45049954586739327 1.2967891917435017
0.6405585590945462 2 0.05554637206007079 0.44753853804077576 0.23636665009116525 1.6326746671420158
0.14784097827887022 3 0.05057403048215457 0.6504221028396009 0.47620874904067534 1.292281461742888
0.8305206914932463 3 0.1571152128898908 0.5275310834813499 0.3391710449503795 1.9022713178846975
-9.999994999180668e-07 1 0.0 0.6545801526717557 0.5610687022900763 1.2075328903415783
-9.999994999180668e-07 1 0.0 0.8699861687413555 0.6454587367450438 0.8616115880938289
0.3488300958480944 2 0.04701795611090902 0.6703030303030303 0.5107070707070707 1.2087162860167904
-9.999994999180668e-07 1 0.0 0.6983883346124329 0.5533384497313891 1.2315396411532546
0.23378965871499252 2 0.1617802197617893 0.726158038147139 0.46185286103542234 1.3205258865540828
0.8556856672677804 3 0.22468032043293565 0.4032258064516129 0.10483870967741936 2.045451101648476
-9.999994999180668e-07 1 0.0 0.8242498469075321 0.5968565013268013 0.9675314984796188
0.21903052179830135 2 0.07137362636549527 0.6909090909090909 0.5881977671451356 0.84627982810148
0.7119170414129119 3 0.14411013789411115 0.5815217391304348 0.2593599033816425 1.452569493210669
1.5154075179034 5 0.3136070220927908 0.6437414030261348 0.2841458058849363 1.8137312405542243
1.1274782350206984 5 0.25319484039317947 0.42996742671009774 0.17354497354497356 1.7639521856572926
0.23378965871499252 2 0.20367003088692623 0.8967391304347826 0.6322463768115942 0.8606069782811124
0.6019209717449048 3 0.276349011692984 0.7138314785373608 0.26073131955484896 1.46082249578705
0.23378965871499252 2 0.1617802197617893 0.9147005444646098 0.4960677555958863 1.0558734005251993
0.7774591319216559 3 0.20273133802344045 0.75390625 0.6705729166666666 1.1518823004019483
0.5528395721237972 4 0.11773190643162756 0.7544802867383512 0.4822485207100592 1.2403857212345897
0.6238440040368904 4 0.18614964796735456 0.7647058823529411 0.40019317450096586 1.3963606149940668
0.23378965871499252 2 0.1617802197617893 0.9280245022970903 0.4793261868300153 1.125717405974567
0.6816224336268306 2 0.04995657836784083 0.7145313843508169 0.5634852393235884 0.9528007902052466
0.4634105588430012 3 0.21506723668748615 0.7494908350305499 0.6578411405295316 0.8649289630359487
0.6605758876622089 3 0.14542833020793403 0.3348694316436252 0.3783922171018945 1.433929426189177
1.118176776530667 4 0.09258927445277691 0.7231441048034934 0.5088791848617176 1.745658348873803
0.15840857014580983 2 0.09333474217026305 0.7415215398716773 0.39168958142377025 1.1778126373704572
0.9470541522889973 3 0.10986451019358971 0.5221518987341772 0.28955696202531644 1.5771988968105308
0.5402021423916775 2 0.14144373316973208 0.4446397188049209 0.13005272407732865 1.910110411248248
0.45055920886990464 2 0.48534065928536785 0.7463768115942029 0.4504830917874396 1.191507579700654
-9.999994999180668e-07 1 0.0 0.7195994277539342 0.39914163090128757 1.2005791530420928
0.20619005064325946 2 0.13481684980149108 0.7174940898345153 0.5965327029156816 1.0962019333405413
1.380753885176433 5 0.33202368529389237 0.5279241306638567 0.4274675096592905 0.7719098835974605
0.1849053991792993 2 0.1155572998298495 0.7593528816986855 0.5173576002696326 1.1867713633618526
0.6842297651323366 2 0.05852844131161327 0.5827389443651926 0.43319067998097954 1.475487768352915
1.2970544806450317 5 0.26125400066449184 0.6637323943661971 0.49526130517194694 1.311793153909141
0.9275166767235836 3 0.10813424641366753 0.5466666666666666 0.35555555555555557 1.752800936173428
0.8815292611983065 3 0.07828075149763998 0.5418848167539267 0.45418848167539266 0.8666622143061288
0.5117380734204409 2 0.07379673034942544 0.5987341772151898 0.5755274261603376 1.413387593992533
0.9710427129658552 4 0.2769531376274334 0.2868150684931507 0.017123287671232876 1.9366214468950256
0.8818601313503309 3 0.11675358510372172 0.2702040816326531 -0.0707482993197279 1.7302087023159483
0.8365621721021164 3 0.17938215994025689 0.5702554744525548 0.4607664233576642 1.2023705937156928
0.9964060099707356 5 0.17659072961715047 0.6436597110754414 0.43659711075441415 1.3236130764428145
0.3488300958480944 2 0.4247715955497671 0.8766404199475065 0.5013123359580053 1.2410800049538686
0.9556968911186593 3 0.21344630441128887 0.6296296296296297 0.362962962962963 1.612780377890765
0.8194811285669164 4 0.07692224587996124 0.5471441523118767 0.3369598065880931 1.8202064461439598
1.4451808789660823 5 0.6042613911871274 0.44770642201834865 0.1706422018348624 1.9713775647221283
0.36220855714026556 2 0.13640745346276453 0.6883963494132985 0.44096787651230707 1.6578656145320496
0.37512021577707166 3 0.08416383866252294 0.6781842818428184 0.268970189701897 1.636442862990934
0.9743117528756828 3 0.23601214225005462 0.5163398692810458 0.19172113289760348 1.9004459769086643
0.4634105588430012 3 0.3654502506487155 0.5598885793871866 0.2168059424326834 1.5694200295304988
0.8463628296370541 3 0.182476540823064 0.8463611859838275 0.6846361185983828 0.8532695278322655
0.22371607607486488 2 0.10608279987729906 0.75 0.6145833333333334 0.9830478673353226
0.47290644149363237 5 0.11542037042475364 0.5749077490774908 0.21476014760147602 1.7539144879698065
0.9089037349314474 5 0.37031903391352095 0.5643835616438356 0.2415525114155251 1.7214276881114263
0.9875467841837997 4 0.21242648335778025 0.6427165354330708 0.42683727034120733 1.6512101095707117
-9.999994999180668e-07 1 0.0 0.8784530386740331 0.8784530386740331 0.5649207721972151
0.3707993581140392 3 0.11742112724645996 0.5939553219448095 0.25492772667542707 1.3052601984564518
-9.999994999180668e-07 1 0.0 0.768944099378882 0.768944099378882 0.9708416612351716
0.8647370965378594 3 0.1946416435446016 0.8376184032476319 0.6238159675236806 0.960867525371836
0.23378965871499252 2 0.20367003088692623 0.7802197802197802 0.38324175824175827 1.5053496810031752
-9.999994999180668e-07 1 0.0 0.8914518317503393 0.7792853912256897 0.7672416011668582
0.9183393121479937 4 0.230692130929641 0.6548223350253807 0.5245346869712352 1.474935525748013
0.23378965871499252 2 0.20367003088692623 0.8260292164674635 0.5931828242585214 0.950064779756892
0.2711873730488856 2 0.2022252747022366 0.7411167512690355 0.4512126339537507 1.262860860746074
0.4825755651802941 2 0.08089010988089465 0.6211812627291242 0.28445349626612354 1.5716939480643737
0.562333144621475 2 0.20367003088692623 0.5882352941176471 0.038562091503267976 1.9438736914986303
-9.999994999180668e-07 1 0.0 0.6220362622036262 0.3700604370060437 1.41416868457321
0.41011431829249234 2 0.2664350846284844 0.796969696969697 0.5373737373737374 1.2851331106285744
0.17320320676169862 2 0.06500107368731688 0.9473684210526315 0.9122807017543859 0.7956646611047375
0.9448381789044291 5 0.24432878251422455 0.4019528071602929 0.13859506373745592 1.4580077726229697
0.6713847348778199 3 0.09249270448767619 0.5626112759643916 0.31612265084075175 1.746099235888175
0.9830837585905354 4 0.18956877072805944 0.6666666666666666 0.3333333333333333 0.9037749551350623
1.0912990006632517 4 0.33012650325339654 1.0 1.0 0.6993587371177717
-9.999994999180668e-07 1 0.0 0.5443037974683544 0.15611814345991562 1.9892525260478566
0.538585869118801 4 0.06298833521270492 0.6 0.29411764705882354 1.7122008467928143
1.097773381830056 4 0.17335047778998672 0.7 0.4666666666666667 0.7800641262882231
1.513801880332565 7 0.3333821150795565 0.7517401392111369 0.36539895600298283 1.2853066403403348
0.7298399194925769 3 0.17174262665700138 1.0 1.0 0.6503206314411142
1.396781919444035 6 0.2949237136727123 0.8913043478260869 0.7971014492753623 1.3099892139505365
1.0855098205082676 5 0.16713299967766515 0.8913043478260869 0.8623188405797102 1.0953965087314124
