-9.999994999180668e-07 1 0.0 0.49303621169916434 0.25812441968430827 1.1070405969468968
-9.999994999180668e-07 1 0.0 0.7221135029354208 0.4090019569471624 1.0143076391303834
-9.999994999180668e-07 1 0.0 0.4423076923076923 0.3983516483516483 0.9125858580030238
0.3364937575888248 2 0.156039810614377 0.45054945054945056 0.1330891330891331 1.1462722007476913
-9.999994999180668e-07 1 0.0 0.7129909365558912 0.38469284994964753 1.0746126324744618
0.37676816126100815 2 0.40124522729411227 0.4032258064516129 0.3924731182795699 0.8505169485091763
-9.999994999180668e-07 1 0.0 0.14423076923076922 0.035256410256410256 1.3197547596966044
-9.999994999180668e-07 1 0.0 0.4086242299794661 0.1697467488021903 1.1878013579099953
-9.999994999180668e-07 1 0.0 0.525830258302583 0.13591635916359163 1.6796900191554267
-9.999994999180668e-07 1 0.0 0.5230240549828179 0.40893470790378006 1.8274469501840036
-9.999994999180668e-07 1 0.0 0.8379310344827586 0.7427586206896551 1.1118680010582707
0.6704756487994897 2 0.3949757706176418 0.48368146214099217 0.2206266318537859 1.3955202806016664
0.6774924044507715 2 0.4388619673529353 0.6794425087108014 0.4518002322880372 0.7943462290110812
0.42532629337715094 2 0.26331718041176116 0.48417721518987344 0.26845991561181437 1.250116703354705
0.4634105588430012 3 0.2438252660051452 0.5383542538354253 0.26452812645281265 1.2070748855072568
0.22371607607486488 2 0.17554478694117412 0.34375 0.12268518518518519 1.5758090932991689
0.6615612381601154 2 0.5617433182117572 0.40746054519368724 0.25729316116690576 1.2191471868747525
0.30463409735528807 2 0.26331718041176116 0.6514767932489451 0.4281293952180028 1.2037087804311715
-9.999994999180668e-07 1 0.0 0.5639445300462249 0.5028248587570622 0.9331416841406275
-9.999994999180668e-07 1 0.0 0.375 0.2864583333333333 1.1762169156067885
0.42532629337715094 2 0.21943098367646766 0.5417406749555951 0.40082889283599765 0.9177336017302123
-9.999994999180668e-07 1 0.0 0.7976878612716763 0.7090558766859345 1.6423936473204905
-9.999994999180668e-07 1 0.0 0.6278409090909091 0.4621212121212121 1.9006240873291598
-9.999994999180668e-07 1 0.0 0.49733333333333335 0.3537777777777778 0.8513987997178486
-9.999994999180668e-07 1 0.0 0.36486486486486486 0.23141891891891891 1.0400766645241335
0.5982675885877072 2 0.43211024477827475 0.5227272727272727 0.30303030303030304 0.9176087549468297
-9.999994999180668e-07 1 0.0 0.6216216216216216 0.4039039039039039 1.069557015379547
-9.999994999180668e-07 1 0.0 0.6306306306306306 0.6501501501501501 1.052818189994353
0.4825755651802941 2 0.3744955454745048 0.4935779816513762 0.18287461773700306 1.4736780818266269
-9.999994999180668e-07 1 0.0 0.49746192893401014 0.19289340101522842 1.432202578693501
0.4825755651802941 2 0.5617433182117572 0.554006968641115 0.33797909407665505 1.083755309669549
-9.999994999180668e-07 1 0.0 0.437403400309119 -0.2029881504379186 2.9663435192590866
-9.999994999180668e-07 1 0.0 0.8683853459972863 0.8100407055630936 0.9205257973150925
-9.999994999180668e-07 1 0.0 0.16260162601626016 -0.07317073170731707 1.6977328211546865
-9.999994999180668e-07 1 0.0 0.4141331142152835 -0.021911804984935633 1.6731156065460302
0.37676816126100815 2 0.40124522729411227 0.6691176470588235 0.19607843137254902 1.193320345484089
-9.999994999180668e-07 1 0.0 0.597457627118644 0.461864406779661 1.132350476507594
-9.999994999180668e-07 1 0.0 0.7014115092290988 0.5971769815418024 1.7795026945702581
-9.999994999180668e-07 1 0.0 0.9344569288389513 0.4051186017478152 1.7950073968597913
-9.999994999180668e-07 1 0.0 0.2696629213483146 -0.21722846441947566 2.5013252025186574
0.6931451805619453 2 0.6716496196010141 0.13756613756613756 0.06025867136978248 1.1059698512331144
0.562333144621475 2 0.4044505494044733 0.3333333333333333 0.1111111111111111 1.6383545031536986
0.4825755651802941 2 0.468119431843131 0 0 0
0.39267246723187904 2 0.20062261364705614 0.32142857142857145 0.21014492753623187 0.9666821678352553
0.2711873730488856 2 0.2340597159215655 0.3448940269749518 0.06037251123956326 1.2689820447959284
-9.999994999180668e-07 1 0.0 0.8741258741258742 0.41025641025641024 1.243038426632492
-9.999994999180668e-07 1 0.0 0.6042402826855123 0.6843345111896348 1.1056898346165684
-9.999994999180668e-07 1 0.0 0.6475279106858054 0.5768208399787347 0.8815882209630578
0.6931451805619453 2 0.6018678409411684 0.5666666666666667 0.5018518518518519 1.2544432340751392
0.6210843745575724 2 0.3744955454745048 0.6239316239316239 0.41367521367521365 1.0653544705482723
-9.999994999180668e-07 1 0.0 0.44582593250444047 0.2468916518650089 1.321033719740621
-9.999994999180668e-07 1 0.0 0.41369264384559357 0.333818888079631 1.256945049585104
-9.999994999180668e-07 1 0.0 0.7901430842607313 0.6274509803921569 1.4548346152201603
-9.999994999180668e-07 1 0.0 0.5545954438334643 0.3857030636292223 1.415609420029487
-9.999994999180668e-07 1 0.0 0.5305927342256214 0.334289356277884 1.0326718100325507
0.2286298735916434 2 0.17554478694117412 0.24343891402714932 0.14027149321266968 1.205010640284367
-9.999994999180668e-07 1 0.0 0.8668098818474759 0.6226279985678482 1.1092724809171965
0.37676816126100815 2 0.3663543379641894 0.4930139720558882 0.30671989354624085 1.0103532812085891
-9.999994999180668e-07 1 0.0 0.6483516483516484 0.43874643874643876 1.0873149431973372
0.37676816126100815 2 0.2808716591058786 0.5036603221083455 0.27135187896534896 1.1415748283404374
-9.999994999180668e-07 1 0.0 0.556989247311828 0.44946236559139785 1.4357030353808704
-9.999994999180668e-07 1 0.0 0.7023977433004231 0.614010343206394 1.8559544227656448
-9.999994999180668e-07 1 0.0 0.6118598382749326 0.3477088948787062 1.1502764057862944
-9.999994999180668e-07 1 0.0 0.5427046263345195 0.363582443653618 0.9748078449947625
-9.999994999180668e-07 1 0.0 0.7859872611464969 0.6140127388535032 1.4510584919766372
-9.999994999180668e-07 1 0.0 0.5800604229607251 0.3564954682779456 2.0269789375425598
-9.999994999180668e-07 1 0.0 0.693171996542783 0.4655718813022184 1.5402251976229107
0.68531220727849 2 0.0936238863686262 0.5196078431372549 0.2042483660130719 1.4082660750093998
-9.999994999180668e-07 1 0.0 0.4931237721021611 0.3839772975332897 1.4223178899181759
-9.999994999180668e-07 1 0.0 0.9128014842300557 0.6499690785405071 1.6259179943633142
-9.999994999180668e-07 1 0.0 0.6031957390146472 0.1779849090102086 1.7821083706165244
-9.999994999180668e-07 1 0.0 0.5995893223819302 0.4195756331279945 1.8153404346971354
0.30463409735528807 2 0.13374840909803742 0.5637860082304527 0.3333333333333333 1.196489567738815
-9.999994999180668e-07 1 0.0 0.938671209540034 0.7024417944349801 0.8884783306501917
-9.999994999180668e-07 1 0.0 0.760586319218241 0.7198697068403909 0.9609286419981448
-9.999994999180668e-07 1 0.0 0.43717277486910994 0.31217277486910994 1.9568129934025775
-9.999994999180668e-07 1 0.0 0.4390602055800294 0.11747430249632893 1.5391137889890933
-9.999994999180668e-07 1 0.0 0.4607977991746905 0.4832645575424117 2.0005461097564785
0.19851324335639875 2 0.147827189003094 0.42463235294117646 0.17401960784313725 1.706395788551139
0.29250646847877726 2 0.082609311501729 0.6430077301475755 0.33754977746544856 1.3098995283201
0.3488300958480944 2 0.17554478694117412 0.375 0.013888888888888888 1.5391248235848318
0.6365121682970628 2 0.35108957388234824 0.3103448275862069 0.09018567639257294 1.2760811387413402
0.37676816126100815 2 0.1792797824080076 0.4977890082122552 0.549378816592967 1.1560087316250423
0.654052810309099 2 0.40124522729411227 0.45664335664335665 0.2477855477855478 1.4143558755136816
-9.999994999180668e-07 1 0.0 0.30528052805280526 0.06765676567656766 1.4955044246809233
0.68531220727849 2 0.8426149773176358 0.4562841530054645 0.290528233151184 1.0776796441994192
-9.999994999180668e-07 1 0.0 0.44623655913978494 0.19489247311827956 1.4129914308935747
-9.999994999180668e-07 1 0.0 0.3741258741258741 0.22261072261072262 1.3543380746561755
-9.999994999180668e-07 1 0.0 0.33472803347280333 0.16596931659693165 1.540718562110446
0.13905879847125688 2 0.09060376100189632 0.5555555555555556 0.28205128205128205 1.5286772040002088
-9.999994999180668e-07 1 0.0 0.3863109048723898 0.24013921113689096 2.2686156053542397
-9.999994999180668e-07 1 0.0 0.6933149552033081 0.5354927636113026 1.4828687296929843
0.37676816126100815 2 0.1872477727372524 0.5234375 0.44947916666666665 1.020229297668267
-9.999994999180668e-07 1 0.0 0.5314285714285715 0.4114285714285714 1.6762046332522602
0.23378965871499252 2 0.18120752200379264 0.5554649265905384 0.36514410005437736 1.193737412769174
-9.999994999180668e-07 1 0.0 0.5445920303605313 0.29791271347248577 1.7600471095238075
0.15407410368554766 2 0.10402654040958466 0.5924468922108576 0.5365853658536586 1.2237032237129122
0.4825755651802941 2 0.5617433182117572 0.31806615776081426 0.15860899067005937 1.0960608590849261
-9.999994999180668e-07 1 0.0 0.53125 0.3077651515151515 1.9854019873692585
-9.999994999180668e-07 1 0.0 0.6974789915966386 0.6638655462184874 1.2431776187956152
-9.999994999180668e-07 1 0.0 0.7519582245430809 0.5865970409051349 1.6373634748301227
-9.999994999180668e-07 1 0.0 0.5313588850174216 -0.014518002322880372 1.4633884555751935
0.22371607607486488 2 0.17554478694117412 0.6408450704225352 0.207981220657277 1.3388119095869209
0.6615612381601154 2 0.1872477727372524 0.33933518005540164 0.054016620498614956 1.568297863784983
-9.999994999180668e-07 1 0.0 0.6139947437582128 0.48664038545773103 1.7009121287013427
0.37676816126100815 2 0.1872477727372524 0.3285024154589372 0.13526570048309178 1.1000433704364758
0.23378965871499252 2 0.1872477727372524 0.5144596651445966 0.19228817858954844 1.4633473564891633
-9.999994999180668e-07 1 0.0 0.9045936395759717 0.4840989399293286 1.2751980632636708
-9.999994999180668e-07 1 0.0 0.7503285151116952 0.5611038107752957 1.403603432748162
-9.999994999180668e-07 1 0.0 0.5441176470588235 0.16666666666666666 1.4489029301063803
0.6365121682970628 2 0.35108957388234824 0.38 0.31466666666666665 1.0375648620521567
-9.999994999180668e-07 1 0.0 0.5297297297297298 0.40540540540540543 1.4172435365246385
0.562333144621475 2 0.2808716591058786 0.3641379310344828 0.07862068965517241 1.4831596281847177
-9.999994999180668e-07 1 0.0 0.8377535101404057 0.4919396775871035 1.6828082046301756
-9.999994999180668e-07 1 0.0 0.5789473684210527 0.2789023841655421 1.7740812136138955
0.562333144621475 2 0.936238863686262 0.3614457831325301 0.1465863453815261 1.3548539700566098
0.2711873730488856 2 0.2340597159215655 0.3567567567567568 0.19579579579579579 1.5446276539022623
-9.999994999180668e-07 1 0.0 0.6020942408376964 0.6404886561954625 0.8874697753507393
-9.999994999180668e-07 1 0.0 0.612012987012987 0.5091991341991342 1.6291592794541796
0.42532629337715094 2 0.26331718041176116 0.45026575550493547 0.2120982029865857 1.6298054141079263
0.6492463548730875 2 0.35108957388234824 0.5904761904761905 0.273015873015873 1.4570792710866545
-9.999994999180668e-07 1 0.0 0.8575305291723202 0.777174732398613 1.3163596305609597
-9.999994999180668e-07 1 0.0 0.8708791208791209 0.7847985347985348 0.9988094560263228
-9.999994999180668e-07 1 0.0 0.5098591549295775 -0.22065727699530516 2.284951201830342
-9.999994999180668e-07 1 0.0 0.4973821989528796 0.3717277486910995 1.8389958574337966
-9.999994999180668e-07 1 0.0 0.6657263751763046 0.44287729196050774 1.2529500297016405
-9.999994999180668e-07 1 0.0 0.10294117647058823 -0.08333333333333333 2.854051562135405
-9.999994999180668e-07 1 0.0 0.046610169491525424 -0.2330508474576271 1.6097770891015097
0.6931451805619453 2 0.6553672045803833 0.7573529411764706 0.5083333333333333 0.9323323878342177
0.2286298735916434 2 0.17554478694117412 0.33588957055214724 0.06492842535787322 1.3284169883904395
0.4825755651802941 2 0.1872477727372524 0.456198347107438 0.25950413223140495 1.218324909899331
-9.999994999180668e-07 1 0.0 0.6626686656671664 0.4687656171914043 1.2714569740338977
-9.999994999180668e-07 1 0.0 0.8888888888888888 0.5555555555555556 1.485113933753824
-9.999994999180668e-07 1 0.0 0.5625 0.4583333333333333 1.9190203400199701
-9.999994999180668e-07 1 0.0 0.5112781954887218 0.13533834586466165 2.18918807839575
-9.999994999180668e-07 1 0.0 0.5257731958762887 0.27319587628865977 1.905397496479537
-9.999994999180668e-07 1 0.0 1.0 1.0 0.6985548337460231
-9.999994999180668e-07 1 0.0 0.6666666666666666 0.45893719806763283 1.7451968737252472
-9.999994999180668e-07 1 0.0 0.2696629213483146 0.021639617145235122 2.3316798168765955
0.562333144621475 2 0.4884724506189193 0.37924151696606784 0.007984031936127744 1.6253793190346744
-9.999994999180668e-07 1 0.0 0.22981366459627328 0.08902691511387163 1.9022274153479053
-9.999994999180668e-07 1 0.0 0.38857142857142857 0.13523809523809524 1.499087856505686
-9.999994999180668e-07 1 0.0 0.4972375690607735 0.27255985267034993 1.7471950203156967
-9.999994999180668e-07 1 0.0 0.40425531914893614 0.3900709219858156 1.5449261786242046
-9.999994999180668e-07 1 0.0 0.489010989010989 0.23076923076923078 1.8953031768782527
0.4825755651802941 2 0.1872477727372524 0.16380449141347425 0.17084984588287097 0.8812669451934121
-9.999994999180668e-07 1 0.0 0.9224704336399474 0.662724485326325 1.21218945411435
0.6492463548730875 2 0.4388619673529353 0.6312056737588653 0.4260047281323877 1.0913893065006441
-9.999994999180668e-07 1 0.0 0.9097744360902256 0.8145363408521303 1.103141200182737
-9.999994999180668e-07 1 0.0 0.5989085948158254 0.5061391541609823 1.0963758961210597
-9.999994999180668e-07 1 0.0 0.6668951336531871 0.4176376513593786 1.7435926927625003
-9.999994999180668e-07 1 0.0 0.8924485125858124 0.7353165522501907 1.3138744757187322
0.5859506183060716 2 0.2808716591058786 0.6426332288401254 0.5308254963427377 1.42721541642503
0.36220855714026556 2 0.17554478694117412 0.6224328593996841 0.4907846234860453 1.218438341184852
0.6779057256561851 3 0.4571723737596473 0.4752186588921283 0.3683187560738581 1.2473207821526398
-9.999994999180668e-07 1 0.0 0.9148936170212766 0.585379159847245 1.4279370035544012
0.6869595765993484 2 0.660874492013832 0.36153846153846153 0.36025641025641025 1.1948433153873583
-9.999994999180668e-07 1 0.0 0.7817638266068759 0.6776283009466866 1.4634748782239968
-9.999994999180668e-07 1 0.0 0.8013468013468014 0.7861952861952862 1.3611386296889327
0.23378965871499252 2 0.1872477727372524 0.5471956224350205 0.5088919288645691 1.4319867101001607
-9.999994999180668e-07 1 0.0 0.7368421052631579 0.5420129270544783 1.756158848788066
0.37676816126100815 2 0.40124522729411227 0.5909090909090909 0.3503787878787879 1.0904014361429923
-9.999994999180668e-07 1 0.0 0.7096774193548387 0.27419354838709675 1.2569622738836552
-9.999994999180668e-07 1 0.0 0.671875 0.4401041666666667 1.394608854737532
-9.999994999180668e-07 1 0.0 0.2765957446808511 -0.14893617021276595 1.732056685092731
-9.999994999180668e-07 1 0.0 0.45594405594405596 0.3090909090909091 2.0551681287524164
-9.999994999180668e-07 1 0.0 0.3626373626373626 0.2750915750915751 2.0086730724650206
0.37676816126100815 2 0.40124522729411227 0.5149863760217984 0.2579473206176203 1.7785578508778632
0.37079271679213666 2 0.21065374432940892 0.5953141640042598 0.4749733759318424 1.3565839163149538
-9.999994999180668e-07 1 0.0 0.5124884366327475 0.5371569534381745 1.4435594853549742
0.5004004235413129 2 0.413046557508645 0.4701298701298701 0.30432900432900434 1.1768287093694245
0.39267246723187904 2 0.19370459248681282 0.3227848101265823 -0.08966244725738397 2.2002088630718286
-9.999994999180668e-07 1 0.0 0.4444444444444444 0.3611111111111111 2.133122625281775
-9.999994999180668e-07 1 0.0 0.43169398907103823 0.15938069216757741 2.2626654287214927
-9.999994999180668e-07 1 0.0 0.31683168316831684 0.1331133113311331 2.4610241156353503
0.4825755651802941 2 0.1872477727372524 0.3711340206185567 -0.07560137457044673 1.9024880080703037
0.31449020128721317 2 0.2808716591058786 0.325678496868476 0.21537926235212249 1.4383189275443067
0.20619005064325946 2 0.156039810614377 0.3723536737235367 0.1477791614777916 1.5371211084205119
0.6926859734444768 2 0.48274816408822885 0.4248194353250164 0.22346246443423068 1.1428360998405602
0.562333144621475 2 0.4884724506189193 0.5123287671232877 0.4773211567732116 0.9502255925923372
-9.999994999180668e-07 1 0.0 0.43058161350844276 0.16447779862414008 1.983861213630757
-9.999994999180668e-07 1 0.0 0.510958904109589 0.23789954337899544 1.7852752226686983
-9.999994999180668e-07 1 0.0 0.21880998080614203 0.054062699936020475 1.7537372872429622
-9.999994999180668e-07 1 0.0 0.5622149837133551 0.4006514657980456 1.7439766486993586
-9.999994999180668e-07 1 0.0 0.8866120218579235 0.7868852459016393 1.0108348293463336
-9.999994999180668e-07 1 0.0 0.337063857801185 0.05727452271231073 2.2465766017970523
0.6036352515027463 2 0.24423622530945965 0.4300970873786408 0.25145631067961166 1.6191921457156748
0.37676816126100815 2 0.3624150440075853 0.4695879659908437 0.43056463919773275 1.2920041674703457
0.6210843745575724 2 0.5617433182117572 0.5206391478029294 0.2885042166000888 1.3072997557428852
-9.999994999180668e-07 1 0.0 0.2296933835395374 0.08786085709162632 2.6029854229096343
0.4029393578711229 2 0.24074713637646736 0.5437722419928825 0.3077105575326216 1.280370785800386
-9.999994999180668e-07 1 0.0 0.5197132616487455 0.23476702508960573 1.9112729737886225
0.5488723844877506 2 0.2808716591058786 0.6935933147632312 0.5933147632311978 1.040395634322797
0.31449020128721317 2 0.1404358295529393 0.4151624548736462 0.49578820697954273 1.653496256380005
-9.999994999180668e-07 1 0.0 0.6157556270096463 0.4742765273311897 1.7687637767701843
-9.999994999180668e-07 1 0.0 0.32050274941084056 0.20188531029065201 1.7163428432788836
0.22371607607486488 2 0.17554478694117412 0.18274111675126903 -0.15736040609137056 1.9304601079334098
-9.999994999180668e-07 1 0.0 0.39915966386554624 0.05042016806722689 2.077543806980732
-9.999994999180668e-07 1 0.0 0.8081081081081081 0.6045045045045045 1.3724419813895234
-9.999994999180668e-07 1 0.0 0.6288659793814433 0.25773195876288657 1.9275351270404322
-9.999994999180668e-07 1 0.0 0.44642857142857145 0.225 1.7266103578986032
-9.999994999180668e-07 1 0.0 0.7362045760430687 0.6316733961417677 0.8352456445203352
0.6615612381601154 2 0.40124522729411227 0.8246753246753247 0.26731601731601734 1.311610609556572
-9.999994999180668e-07 1 0.0 0.7493472584856397 0.5822454308093995 0.9796135841221498
-9.999994999180668e-07 1 0.0 0.5457481162540366 0.3484033010405454 1.330395594951932
-9.999994999180668e-07 1 0.0 0.5619174434087882 0.5827785175321794 1.716903051430683
-9.999994999180668e-07 1 0.0 0.8633193863319386 0.4811715481171548 1.5235346231682427
-9.999994999180668e-07 1 0.0 0.865657059110894 0.8034522064810291 0.9157258519225225
-9.999994999180668e-07 1 0.0 0.7348314606741573 0.5151061173533084 1.4401266636825785
0.51675159080445 2 0.26331718041176116 0.2732696897374702 0.14160700079554495 1.1011513989177326
0.23378965871499252 2 0.1872477727372524 0.56672760511883 0.5514929920780012 1.253846471974818
0.3111271548177342 2 0.18120752200379264 0.23870967741935484 0.39440860215053763 1.3897320724755713
0.8674946326814363 3 0.5791343843422682 0.6690140845070423 0.6338028169014085 0.9271683581182437
0.6922768736583222 2 0.4780794197546868 0.5700636942675159 0.339171974522293 1.3687268464455176
0.5700451705039025 2 0.413046557508645 0.402766476810415 0.40873338757797667 1.0915551796283351
-9.999994999180668e-07 1 0.0 0.632183908045977 0.5057471264367817 1.2072519110457824
-9.999994999180668e-07 1 0.0 0.8324607329842932 0.7207678883071553 1.0799520473490674
-9.999994999180668e-07 1 0.0 0.817923186344239 0.7434803224276908 1.1672061116625647
-9.999994999180668e-07 1 0.0 0.5247524752475248 0.6017601760176018 1.03200942640596
-9.999994999180668e-07 1 0.0 0.311804008908686 0.303637713437268 1.6212979556341838
-9.999994999180668e-07 1 0.0 0.696969696969697 0.3939393939393939 1.7679777799920207
0.6224849206593689 2 0.413046557508645 0.4048706240487062 0.12278031456113647 1.4360375900605165
-9.999994999180668e-07 1 0.0 0.7780821917808219 0.5506849315068493 1.4564790769862583
0.465997256964483 2 0.17554478694117412 0.7360890302066773 0.442501324854266 1.526115774264189
0.22371607607486488 2 0.17554478694117412 0.23205342237061768 0.09126321647189761 1.4001976444040203
0.6365121682970628 2 0.5266343608235223 0.5026455026455027 0.3439153439153439 1.2914331801416423
0.51675159080445 2 0.21943098367646766 0.47213622291021673 0.19994840041279668 1.3236957009620636
-9.999994999180668e-07 1 0.0 0.6411411411411412 0.5125125125125125 1.070290397654375
-9.999994999180668e-07 1 0.0 0.5872020075282308 0.32747804265997493 1.18263398491248
-9.999994999180668e-07 1 0.0 0.30708661417322836 0.09973753280839895 1.6466281753142575
0.7226718037585773 3 0.2656497782535608 0.19866666666666666 0.09333333333333334 1.1874338991798559
-9.999994999180668e-07 1 0.0 0.6989174560216509 0.42354533152909335 1.9022590796015784
-9.999994999180668e-07 1 0.0 0.7229571984435798 0.4819714656290532 1.783180810246703
0.48691070946784487 2 0.07021791477646964 0.6455223880597015 0.4465174129353234 0.948240768350025
0.4825755651802941 2 0.2808716591058786 0.2700348432055749 0.020905923344947737 1.1860634339021965
0.4825755651802941 2 0.1872477727372524 0.375 0.0024154589371980675 1.3864248355534678
-9.999994999180668e-07 1 0.0 0.8333333333333334 0.21722846441947566 1.9244183186382302
-9.999994999180668e-07 1 0.0 0.6851211072664359 0.3941753171856978 1.80423227359837
-9.999994999180668e-07 1 0.0 0.7456021650879567 0.45737483085250336 1.6664748284486157
-9.999994999180668e-07 1 0.0 1.0 0.9287622439893143 0.7766796443501781
-9.999994999180668e-07 1 0.0 0.6024498886414253 0.2342242019302153 1.7951430001004633
-9.999994999180668e-07 1 0.0 0.7755474452554745 0.3588807785888078 1.2242882671825324
0.6581079875452631 2 0.624159242457508 0.3395061728395062 0.3441358024691358 0.9692930732285534
-9.999994999180668e-07 1 0.0 0.3862745098039216 0.2196078431372549 1.1250824066507266
-9.999994999180668e-07 1 0.0 0.6983154670750383 0.557427258805513 1.815571443532496
-9.999994999180668e-07 1 0.0 0.7255434782608695 0.32065217391304346 1.7767504871953586
0.6365121682970628 2 0.8426149773176357 0.6268115942028986 0.2922705314009662 1.1450505431997478
0.23378965871499252 2 0.1872477727372524 0.4199134199134199 0.2751322751322751 1.373661442184748
-9.999994999180668e-07 1 0.0 0.6789189189189189 0.3722522522522522 1.4985300816673985
-9.999994999180668e-07 1 0.0 0.6277974087161367 0.42088731841382016 1.2466943983430914
-9.999994999180668e-07 1 0.0 0.7261724659606656 0.5242057488653555 1.566397462004728
0.47413731306119833 2 0.35108957388234824 0.4280980781974818 0.24055666003976142 1.21053403614114
-9.999994999180668e-07 1 0.0 0.21706864564007422 -0.04390847247990105 2.7637332233960064
-9.999994999180668e-07 1 0.0 0.3674863387978142 -0.09380692167577413 2.6553010568731024
-9.999994999180668e-07 1 0.0 0.3709150326797386 0.09640522875816994 2.309307791165909
-9.999994999180668e-07 1 0.0 0.3189122373300371 0.1503914297486609 2.2739705199488673
0.13579195876860908 2 0.08777239347058706 0.6873368146214099 0.46431679721496955 1.6505231148438662
-9.999994999180668e-07 1 0.0 0.5312294543063774 0.3200745123822047 1.8097859911200904
-9.999994999180668e-07 1 0.0 0.9117647058823529 0.8700980392156863 0.8372076595684002
0.23378965871499252 2 0.09060376100189632 0.6696356275303643 0.4331983805668016 1.2269048285628
0.37676816126100815 2 0.3744955454745048 0.4642857142857143 0.3392857142857143 1.3803742093937874
-9.999994999180668e-07 1 0.0 0.627906976744186 0.6385658914728682 1.2612123121711925
-9.999994999180668e-07 1 0.0 0.601813110181311 0.5511390051139005 1.2614166199165928
-9.999994999180668e-07 1 0.0 0.3769633507853403 0.3987783595113438 1.3093107393165104
0.2286298735916434 2 0.17554478694117412 0.37467362924281983 0.4271105308964317 1.2485456209339425
0.1269285453599161 2 0.07911877721292354 0.42703175065540344 0.3023594523740169 1.6562078056132559
0.36692299127744443 2 0.11702985796078275 0.32489082969432315 0.03988355167394469 1.6045651757505957
0.6901836760208161 2 0.11702985796078275 0.3117408906882591 -0.10661268556005399 1.1879556693710944
-9.999994999180668e-07 1 0.0 0.42935779816513764 0.3675840978593272 1.2999228289298685
-9.999994999180668e-07 1 0.0 0.6109965635738832 0.40962199312714775 1.2958768098566327
-9.999994999180668e-07 1 0.0 0.6292906178489702 0.42105263157894735 1.216365252846107
-9.999994999180668e-07 1 0.0 0.3770491803278688 0.0949978982765868 2.316627291363778
-9.999994999180668e-07 1 0.0 0.3477508650519031 0.29988465974625145 1.8300733762516288
-9.999994999180668e-07 1 0.0 0.4662756598240469 0.22124470511567285 1.6288119399821288
-9.999994999180668e-07 1 0.0 0.676147382029735 0.45141133376427495 1.4773244041768288
-9.999994999180668e-07 1 0.0 0.8348375451263538 0.427797833935018 1.6903196763954569
0.2286298735916434 2 0.08777239347058706 0.45445920303605314 0.2729285262492094 1.6836331033075214
-9.999994999180668e-07 1 0.0 0.2501628664495114 0.05971769815418024 1.4078170994842003
-9.999994999180668e-07 1 0.0 0.5458646616541354 0.2546365914786967 1.3694870917257713
-9.999994999180668e-07 1 0.0 0.5061728395061729 0.3628661341079642 1.1048936185784812
0.37676816126100815 2 0.1872477727372524 0.5729323308270676 0.28170426065162907 1.3080181925685619
0.553856229495151 2 0.26331718041176116 0.4458272327964861 0.3421181063933626 1.0763828033749874
-9.999994999180668e-07 1 0.0 0.6329113924050633 0.3635354208305574 1.943682125317078
-9.999994999180668e-07 1 0.0 0.6463414634146342 0.13617886178861788 1.4310388336599036
-9.999994999180668e-07 1 0.0 0.7162790697674418 0.45348837209302323 1.5359249651604965
0.19490668719859305 2 0.07021791477646964 0.7266187050359713 0.47961630695443647 1.3952153260594857
-9.999994999180668e-07 1 0.0 0.6090425531914894 0.6520390070921985 1.5087482911695065
-9.999994999180668e-07 1 0.0 1.0 1.0 0.950936929443246
0.16302162950788568 2 0.11234866364235144 0.43842794759825326 0.25240174672489085 1.4035812491126842
-9.999994999180668e-07 1 0.0 0.5633986928104575 0.3089324618736383 1.8859300043032095
-9.999994999180668e-07 1 0.0 0.7902869757174393 0.5621780721118469 1.3376677101297956
0.23378965871499252 2 0.1872477727372524 0.5145772594752187 0.304178814382896 1.5559452981276185
-9.999994999180668e-07 1 0.0 0.7183833116036505 0.6975228161668839 1.2293557803566517
-9.999994999180668e-07 1 0.0 0.28125 0.09114583333333333 1.0513873474391184
0.37676816126100815 2 0.18120752200379264 0.7108167770419426 0.3833701250919794 0.8822908910940326
0.19490668719859305 2 0.1404358295529393 0.3333333333333333 0.3333333333333333 1.3159185266373998
0.36933112165034665 2 0.08777239347058706 0.3050847457627119 0.3163841807909605 1.001820011718932
-9.999994999180668e-07 1 0.0 0.866571018651363 0.602104256336681 0.8848696994910715
-9.999994999180668e-07 1 0.0 0.5034674063800277 0.3888118354137772 1.126883444321387
0.562333144621475 2 0.2808716591058786 0.4887640449438202 0.39575530586766544 0.988882838350505
-9.999994999180668e-07 1 0.0 0.6827956989247311 0.5 1.0206093189964152
-9.999994999180668e-07 1 0.0 0.6564885496183206 0.29304495335029684 1.7105776354040987
-9.999994999180668e-07 1 0.0 1.0 1.0 0.6503206314411081
-9.999994999180668e-07 1 0.0 0.6685353889278206 0.48072880168185006 1.621119162725055
-9.999994999180668e-07 1 0.0 0.5926430517711172 0.3837420526793824 1.7870872693711894
-9.999994999180668e-07 1 0.0 0.8948948948948949 0.8148148148148148 1.2041492657749
-9.999994999180668e-07 1 0.0 0.7317073170731707 0.6144465290806754 1.5729066931903206
-9.999994999180668e-07 1 0.0 0.4 0.4 2.1392304845413266
-9.999994999180668e-07 1 0.0 0.8092428711897739 0.1930514585381842 1.8249561317282792
-9.999994999180668e-07 1 0.0 0.6894977168949772 0.5114155251141552 1.7348914044252615
-9.999994999180668e-07 1 0.0 0.6076115485564304 0.4693788276465442 1.6736328740967041
-9.999994999180668e-07 1 0.0 0.7501494321578004 0.29468021518230725 1.7049727830208512
-9.999994999180668e-07 1 0.0 0.43535620052770446 0.03781882145998241 1.9506832207670834
-9.999994999180668e-07 1 0.0 0.6033557046979866 0.28523489932885904 1.973845631756337
-9.999994999180668e-07 1 0.0 0.525195173882186 0.2907499408563993 2.025748016609913
0.4227070878099124 2 0.14403674825942492 0.4068304373876573 0.29418813660874776 1.9626912776476637
-9.999994999180668e-07 1 0.0 0.7000726216412491 0.43064633260711693 1.6385868494369762
0.2205680364093739 2 0.11014574866897199 0.43506493506493504 0.3409090909090909 2.0333883266837818
-9.999994999180668e-07 1 0.0 0.7777777777777778 0.7407407407407407 1.1572292788290106
-9.999994999180668e-07 1 0.0 0.7543859649122807 0.6556725146198831 1.1422724760619576
0.12424883740864429 2 0.0780199053071885 0.5698729582577132 0.30671506352087113 1.4824567110644258
-9.999994999180668e-07 1 0.0 0.48214285714285715 0.31547619047619047 1.405814967477622
-9.999994999180668e-07 1 0.0 0.5198889916743756 0.364477335800185 1.5320988521977823
-9.999994999180668e-07 1 0.0 0.8078381795195955 0.7787610619469026 0.8436173601415076
-9.999994999180668e-07 1 0.0 0.7242380261248186 0.46927914852443153 1.8065343815756933
0.36220855714026556 2 0.17554478694117412 0.71875 0.65625 1.2665146685968176
-9.999994999180668e-07 1 0.0 0.6551724137931034 0.5747126436781609 1.5717837991768207
0.22371607607486488 2 0.17554478694117412 0.7934131736526946 0.5089820359281437 1.5527118164456755
-9.999994999180668e-07 1 0.0 0.7626339969372129 0.635017866258295 1.571111503873004
-9.999994999180668e-07 1 0.0 0.5160349854227405 -0.05150631681243926 1.9861617782397138
-9.999994999180668e-07 1 0.0 0.25098039215686274 -0.20610021786492375 2.327042783855487
-9.999994999180668e-07 1 0.0 0.5 0.3333333333333333 1.0245190528383321
-9.999994999180668e-07 1 0.0 0.6551246537396122 0.5235457063711911 1.5342383757018383
0.23378965871499252 2 0.18120752200379264 0.33268858800773693 0.25370728562217926 1.290624712014309
-9.999994999180668e-07 1 0.0 0.43862275449101795 0.40818363273453095 1.2107650034725235
-9.999994999180668e-07 1 0.0 0.2676056338028169 0.27699530516431925 2.2518688155236717
0.6774924044507715 2 0.35108957388234824 0.7233333333333334 0.46555555555555556 1.0629013510357403
-9.999994999180668e-07 1 0.0 0.8856209150326797 0.6721132897603486 1.406544803746965
-9.999994999180668e-07 1 0.0 0.3681506849315068 0.3607305936073059 1.8416033490702033
-9.999994999180668e-07 1 0.0 0.8192868719611021 0.5515937331172339 1.5511232841657216
-9.999994999180668e-07 1 0.0 0.810126582278481 0.6133688652009771 1.2425372068598601
-9.999994999180668e-07 1 0.0 0.7106666666666667 0.5973333333333334 1.4641285896170542
-9.999994999180668e-07 1 0.0 0.8141843971631205 0.6278959810874705 1.554126148230434
-9.999994999180668e-07 1 0.0 1.0 1.0 0.6993587371177707
-9.999994999180668e-07 1 0.0 0.4811643835616438 0.2899543378995434 1.2756330432272012
0.3488300958480944 2 0.17554478694117412 0.21524663677130046 0.017937219730941704 1.2340017209666019
-9.999994999180668e-07 1 0.0 0.8887530562347188 0.5419722901385493 1.6747283949687035
-9.999994999180668e-07 1 0.0 0.6590563165905632 0.5806697108066972 1.8176911638612252
-9.999994999180668e-07 1 0.0 0.7779767233661593 0.39301700984780663 1.0880954470883653
-9.999994999180668e-07 1 0.0 0.7341772151898734 0.5036919831223629 0.9618680447045196
-9.999994999180668e-07 1 0.0 0.7755905511811023 0.30183727034120733 1.591031861134177
-9.999994999180668e-07 1 0.0 0.7425897035881436 0.3983359334373375 1.4855118029665537
-9.999994999180668e-07 1 0.0 0.912 0.36533333333333334 1.7888152916168345
-9.999994999180668e-07 1 0.0 0.8725806451612903 0.4456989247311828 1.6860068063726126
-9.999994999180668e-07 1 0.0 0.6435506241331485 0.26999537679149327 1.988547228096541
-9.999994999180668e-07 1 0.0 0.9459459459459459 0.6261261261261262 1.3438614043657617
-9.999994999180668e-07 1 0.0 0.7971602434077079 0.6389452332657201 1.236650339036387
-9.999994999180668e-07 1 0.0 0.3764988009592326 0.4138022915001332 2.2119361754992064
-9.999994999180668e-07 1 0.0 0.8466453674121406 0.6485623003194888 1.3516666817500456
0.37676816126100815 2 0.3744955454745048 0.3899159663865546 0.23809523809523808 1.0815331030778226
0.562333144621475 2 0.6553672045803833 0.44036697247706424 0.2162516382699869 1.1809112608597125
0.23378965871499252 2 0.18120752200379264 0.4525828835774865 0.1562580313544076 1.3898847316858642
0.6210843745575724 2 0.3744955454745048 0.613251155624037 0.3574730354391371 1.1920646294076396
-9.999994999180668e-07 1 0.0 0.6608040201005025 0.44221105527638194 1.8950858931059422
0.6108623020572744 2 0.517395161510829 0.41997593261131166 0.17328519855595667 1.2205953361891708
0.6615612381601154 2 0.5617433182117572 0.5064308681672026 0.34994640943194 1.202648794292564
-9.999994999180668e-07 1 0.0 0.3333333333333333 0.2025565388397247 1.0532080601280958
0.6920109648338784 2 0.2808716591058786 0.5360419397116645 0.3612931411096549 1.2726533349794378
-9.999994999180668e-07 1 0.0 0.5165562913907285 0.2282560706401766 1.3509293410640644
0.36692299127744443 2 0.2340597159215655 0.5235235235235235 0.4294294294294294 1.0043021132075538
0.5004004235413129 2 0.312079621228754 0.40214477211796246 0.3136729222520107 1.0141087512420177
0.13579195876860908 2 0.08777239347058706 0.48558558558558557 0.3948948948948949 0.8551006482126953
-9.999994999180668e-07 1 0.0 0.5280665280665281 0.46292446292446293 0.7310055445530307
-9.999994999180668e-07 1 0.0 0.2925 0.4083333333333333 0.5790346375073776
-9.999994999180668e-07 1 0.0 0.6802721088435374 0.46258503401360546 0.9084369806919995
0.23378965871499252 2 0.1872477727372524 0.49391304347826087 0.2944927536231884 0.961982041806164
0.23378965871499252 2 0.0936238863686262 0.4143302180685358 0.3001038421599169 1.0758883409381588
-9.999994999180668e-07 1 0.0 0.26878612716763006 0.13102119460500963 1.5013015403698955
-9.999994999180668e-07 1 0.0 0.4476744186046512 0.16085271317829458 1.0983024532226686
-9.999994999180668e-07 1 0.0 0.5280898876404494 0.42696629213483145 1.1255960224571968
-9.999994999180668e-07 1 0.0 0.3333333333333333 0.05555555555555555 1.5332264561862983
-9.999994999180668e-07 1 0.0 0.4563953488372093 0.10949612403100775 1.559443435284406
0.20619005064325946 2 0.156039810614377 0.37621023513139695 0.21346242508068233 1.1822075131274967
0.23378965871499252 2 0.1872477727372524 0.3707865168539326 0.05305867665418227 1.5405988883660675
-9.999994999180668e-07 1 0.0 0.6293706293706294 0.33766233766233766 2.1600449741000727
-9.999994999180668e-07 1 0.0 0.6293706293706294 0.33766233766233766 2.1600449741000727
-9.999994999180668e-07 1 0.0 0.5618181818181818 0.4442424242424242 1.1563787261960734
-9.999994999180668e-07 1 0.0 0.6742957746478874 0.5434272300469484 1.6174114051253068
-9.999994999180668e-07 1 0.0 0.9461077844311377 0.6087824351297405 1.2513155523633486
-9.999994999180668e-07 1 0.0 0.7708333333333334 0.3898809523809524 1.8366966597403378
0.6931451805619453 2 0.468119431843131 0.5402124430955993 0.17653009610520992 1.3010177841788881
0.37676816126100815 2 0.2808716591058786 0.7352941176470589 0.4011437908496732 1.0567635805180178
0.5117380734204409 2 0.30529528163682457 0.4833164812942366 0.28142905291540277 1.1465476678551623
0.16794214774719357 2 0.11702985796078275 0.6460732984293194 0.4013961605584642 1.1440365508568677
-9.999994999180668e-07 1 0.0 0.5706371191135734 0.40443213296398894 1.8727874264177649
-9.999994999180668e-07 1 0.0 0.8974358974358975 0.4797008547008547 1.7241647259274306
-9.999994999180668e-07 1 0.0 0.7 0.37777777777777777 1.9190703744298139
-9.999994999180668e-07 1 0.0 0.48286604361370716 0.37175493250259606 2.155113592439407
0.19144208196874216 2 0.1404358295529393 0.45342312008978675 0.016086793864571642 1.9048225203245823
0.3488300958480944 2 0.35108957388234824 0.5609756097560976 0.2565492321589883 1.6816663775410352
-9.999994999180668e-07 1 0.0 0.728110599078341 0.2227342549923195 1.7533866904030182
0.19490668719859305 2 0.1404358295529393 0.42312008978675647 0.20426487093153758 1.3709764157195001
0.6774924044507715 2 0.26331718041176116 0.2897196261682243 0.13187954309449637 1.310065146819397
-9.999994999180668e-07 1 0.0 0.4166666666666667 0.08888888888888889 1.9908546059582253
-9.999994999180668e-07 1 0.0 0.2441860465116279 0.027131782945736434 1.4354726445482888
-9.999994999180668e-07 1 0.0 0.6788617886178862 0.4444444444444444 1.3264304842096055
-9.999994999180668e-07 1 0.0 0.6590909090909091 0.7045454545454546 0.7265225787813399
-9.999994999180668e-07 1 0.0 0.6178207192699946 0.3442476292717839 1.8069292172670017
0.6615612381601154 2 0.3744955454745048 0.5147058823529411 0.26750700280112044 1.088617840104669
0.1326894208573865 2 0.08511262397147835 0.5124099279423538 0.403789698425407 1.2052353651665073
0.6615612381601154 2 0.5617433182117572 0.4972677595628415 0.24043715846994534 1.2766659708564498
0.36933112165034665 2 0.17554478694117412 0.3877221324717286 0.2113624124932687 1.280726949780808
0.23378965871499252 2 0.1872477727372524 0.40093603744149764 0.15236609464378575 1.234417242283075
-9.999994999180668e-07 1 0.0 0.6507115135834411 0.4001724881414403 1.2504809550645613
0.6365121682970628 2 0.49565586901037395 0.5111989459815547 0.2854633289415898 1.2646079332734323
-9.999994999180668e-07 1 0.0 0.8262195121951219 0.8140243902439024 0.9724505705852652
0.42532629337715094 2 0.17554478694117412 0.38391224862888484 0.16026812918951858 1.2130904760678884
-9.999994999180668e-07 1 0.0 0.3339011925042589 0.12180579216354344 1.637301215138778
-9.999994999180668e-07 1 0.0 0.45609065155807366 0.23135033050047216 1.3675764731117448
0.6682464776666426 2 0.49565586901037395 0.5081743869209809 0.3446866485013624 1.2367331954903868
0.20889775709738956 2 0.05106757438288702 0.3525609149676778 0.3016741256423007 1.2244895531297277
0.62980441943868 2 0.2808716591058785 0.44013814274750573 0.33000767459708363 1.2639205705839116
-9.999994999180668e-07 1 0.0 0.6785079928952042 0.5571343990526939 1.8644069906654541
0.5739624913959167 2 0.3191723398930439 0.3015267175572519 0.21183206106870228 1.2027300442733477
0.37676816126100815 2 0.1872477727372524 0.6307053941908713 0.45919778699861685 0.9929755604362608
0.5908402462780749 2 0.330437246006916 0.41333333333333333 0.23393939393939395 1.384421915495727
0.13579195876860908 2 0.08777239347058706 0.39984650805832694 0.39728830903044254 1.0882610985315726
0.68531220727849 2 0.468119431843131 0.16893732970027248 0.14532243415077203 1.1735848104170945
-9.999994999180668e-07 1 0.0 0.43870967741935485 0.5225806451612903 1.9733320403689376
0.6482771673666704 2 0.156039810614377 0.3772198407838334 0.3227189222290263 1.0059579847883384
-9.999994999180668e-07 1 0.0 0.7473684210526316 0.5866028708133971 0.9054732440316681
0.36933112165034665 2 0.17554478694117412 0.5643115942028986 0.22493961352657005 1.3759011279201767
-9.999994999180668e-07 1 0.0 0.6423658872077029 0.3475469967904631 1.9759618559796313
-9.999994999180668e-07 1 0.0 0.7149837133550488 0.2725298588490771 1.840764614689745
-9.999994999180668e-07 1 0.0 0.6503623188405797 0.4076086956521739 0.9262304386489594
-9.999994999180668e-07 1 0.0 0.43879173290937995 0.08850026497085321 1.279048490956065
0.6931451805619453 2 0.468119431843131 0.6987295825771325 0.42891712038717483 1.1092748924429179
-9.999994999180668e-07 1 0.0 0.931640625 0.8046875 1.2167642144900273
0.4227070878099124 2 0.14403674825942492 0.5352449223416965 0.4322978892871366 1.0654854096245858
-9.999994999180668e-07 1 0.0 0.5078431372549019 0.2238562091503268 1.4021417500174045
-9.999994999180668e-07 1 0.0 0.46401225114854516 0.3006636038795304 1.0975640002197846
0.2286298735916434 2 0.17554478694117412 0.4944110060189166 0.3642877615362568 0.963860065684675
0.37676816126100815 2 0.1872477727372524 0.6924643584521385 0.5661914460285132 0.9179267217624074
-9.999994999180668e-07 1 0.0 0.48847926267281105 0.5084485407066052 1.1509186185820472
-9.999994999180668e-07 1 0.0 0.7441048034934498 0.6311499272197962 1.6642571544891824
-9.999994999180668e-07 1 0.0 0.6296975252062328 0.28078215704246867 1.1279897950939117
-9.999994999180668e-07 1 0.0 0.7341772151898734 0.41824894514767935 1.6050794670830513
-9.999994999180668e-07 1 0.0 0.5606326889279437 0.28002343292325715 1.8283751634128842
-9.999994999180668e-07 1 0.0 0.6739130434782609 0.44806763285024154 1.185564147725882
-9.999994999180668e-07 1 0.0 0.36909871244635195 0.21888412017167383 1.1090321938914864
0.6581079875452631 2 0.2340597159215655 0.32387706855791965 0.09062253743104808 1.3696823281191126
0.31449020128721317 2 0.1404358295529393 0.23603793466807166 0.08535300316122234 1.9315789958797538
0.5359578892190641 2 0.40124522729411227 0.4762386248736097 0.3414223120997641 1.1725603041626411
0.24492802680267098 2 0.09685229624340641 0.942225392296719 0.6143604374702806 1.3760115387302438
-9.999994999180668e-07 1 0.0 1.0 0.7256455399061033 1.2508410440681452
-9.999994999180668e-07 1 0.0 0.6341666666666667 0.39361111111111113 1.624433181222211
0.9248499600073025 4 0.44019290852412074 0.3481675392670157 0.2604712041884817 0.9699721488958541
-9.999994999180668e-07 1 0.0 0.6443037974683544 0.6088607594936709 1.419584443561941
-9.999994999180668e-07 1 0.0 0.5787671232876712 0.3025114155251142 1.6389883259795197
-9.999994999180668e-07 1 0.0 0.42448979591836733 0.2525170068027211 2.1592114933372573
0.17320320676169862 2 0.12211811265472983 0.593065693430657 0.5371046228710462 1.2295566766470685
-9.999994999180668e-07 1 0.0 0.3563402889245586 0.35580524344569286 1.6753722108320905
-9.999994999180668e-07 1 0.0 0.5328083989501312 0.27209098862642167 1.441957722353258
-9.999994999180668e-07 1 0.0 0.7174603174603175 0.43139329805996474 1.6215709111095282
-9.999994999180668e-07 1 0.0 0.528558476881233 0.3120278029616198 1.868959799378335
-9.999994999180668e-07 1 0.0 0.5926605504587156 0.3541284403669725 1.7189301387438516
0.8082669580111548 3 0.3391516584250999 0.485006518904824 0.19426336375488917 1.7590803624738096
0.22696552250946955 2 0.11464149351260351 0.7242547425474255 0.3814363143631436 1.5604196681853466
-9.999994999180668e-07 1 0.0 0.4366013071895425 0.1485838779956427 1.7807750445734252
-9.999994999180668e-07 1 0.0 0.3871866295264624 0.1360259981429898 1.55131242806438
-9.999994999180668e-07 1 0.0 0.894878706199461 0.7304582210242587 1.0830749933661976
0.5455925739719631 2 0.35108957388234824 0.4375 0.375 1.0549795815668586
0.10126281759130176 2 0.05975992746933587 0.3092250922509225 0.05239852398523985 1.602570266107223
-9.999994999180668e-07 1 0.0 0.37123287671232874 0.20593607305936074 1.987455930015275
-9.999994999180668e-07 1 0.0 0.7116141732283464 0.45341207349081364 1.588119141660892
-9.999994999180668e-07 1 0.0 0.6270718232044199 0.6703499079189686 0.6537895619967131
0.37676816126100815 2 0.09060376100189632 0.5847568988173456 0.3425317564607972 1.283373675555184
0.21455715518593435 2 0.165218623003458 0.5453416149068323 0.6409937888198758 0.9305139753321043
-9.999994999180668e-07 1 0.0 0.8944519621109608 0.6752368064952639 1.1736250888643105
0.37676816126100815 2 0.1872477727372524 0.3956043956043956 0.26877289377289376 1.3177140970228238
-9.999994999180668e-07 1 0.0 0.6105834464043419 0.602894617819991 0.8369876896039774
-9.999994999180668e-07 1 0.0 0.8616751269035533 0.6044839255499154 1.4054319618878843
-9.999994999180668e-07 1 0.0 0.6069057104913679 0.468348826914564 1.032849446570858
-9.999994999180668e-07 1 0.0 0.2825719120135364 0.08178228990411732 1.182747710530394
-9.999994999180668e-07 1 0.0 0.4480651731160896 0.19212491513917176 1.5479886570406236
0.23378965871499252 2 0.1872477727372524 0.3509803921568627 0.10326797385620914 1.5139064558997468
-9.999994999180668e-07 1 0.0 0.4714086471408647 0.24779172477917247 1.36003422165824
-9.999994999180668e-07 1 0.0 0.5060606060606061 0.3797979797979798 1.1666628549918794
0.10126281759130176 2 0.05975992746933587 0.9473684210526315 0.9122807017543859 0.7956646611047375
-9.999994999180668e-07 1 0.0 0.5817737998372661 0.37781394087333875 1.60924182822116
-9.999994999180668e-07 1 0.0 0.7151335311572701 0.39188921859545006 1.6640836151504699
-9.999994999180668e-07 1 0.0 0.3333333333333333 0.1111111111111111 1.9052349241144413
-9.999994999180668e-07 1 0.0 1.0 1.0 0.6993587371177717
-9.999994999180668e-07 1 0.0 0.5822784810126582 0.1940928270042194 1.834331286812911
-9.999994999180668e-07 1 0.0 0.5 0.26666666666666666 1.8349679368558884
-9.999994999180668e-07 1 0.0 0.7 0.8 1.6545831791265517
-9.999994999180668e-07 1 0.0 0.7470997679814385 0.6774941995359629 1.3138897829926848
-9.999994999180668e-07 1 0.0 1.0 1.0 0.6503206314411142
-9.999994999180668e-07 1 0.0 0.41304347826086957 0.47101449275362317 2.0240940017592712
-9.999994999180668e-07 1 0.0 0.6304347826086957 0.6014492753623188 1.6975122916712748
