1.7623087108557922 6 0.5371130691375813 0.7381615598885793 0.5552460538532962 1.0892650313494037
1.2381656412373059 4 0.6308546612305516 0.8590998043052838 0.6105675146771037 1.005722998531656
1.1499131378053324 4 0.5473199659484977 0.967032967032967 0.7701465201465202 0.8662927688799962
1.5590819899202801 5 0.7550072923940635 0.8040293040293041 0.5763125763125763 0.8769196852288738
1.0397177708449181 3 1.0054611012911996 0.9305135951661632 0.6717019133937563 0.9326697040799411
0.6931451805619453 2 0.22837292968155806 0.7096774193548387 0.6384408602150538 0.766910844749214
1.1034289096530807 4 0.5109473485476296 0.7451923076923077 0.5576923076923077 1.195000697618302
1.5430243192739324 5 0.6888930335883088 0.8870636550308009 0.675564681724846 0.682801674004208
1.5641245026794934 7 0.37816843171530423 0.9022140221402214 0.803012048192771 1.092482681744764
1.546073831753811 6 0.5226904073086197 0.8859106529209622 0.6586483390607102 1.2200734903303496
1.1154566480955894 5 0.46769073344104034 0.9793103448275862 0.9177011494252874 0.7673487199502799
1.4701971719950684 5 0.561415890284219 0.8981723237597912 0.775674499564839 0.8800426542382574
0.6492463548730875 2 0.3791723900666937 0.8536585365853658 0.6904761904761905 1.1310454830256538
1.449872645559248 6 0.612662552351233 0.821993670886076 0.5506329113924051 1.1576112752554464
1.2123098802805643 4 0.7455239880596289 0.8856345885634589 0.6722454672245467 1.1536989767478392
1.5176695294774438 5 0.7443323884061652 0.8680555555555556 0.6053240740740741 1.2410200514424479
1.3208843431586554 4 0.3525750440721885 0.8637015781922525 0.5920612147297943 0.9783386055219474
1.614753521814882 7 0.5351559760455223 0.7611814345991561 0.5746835443037974 1.0597171016501779
1.6020509154713931 5 0.6984114922799181 0.889060092449923 0.6820749871597329 1.0494889703351102
1.547019992910779 6 0.18374348013798614 0.984375 0.8125 0.887615130544913
1.209246980264893 4 0.5428444816850563 0.8037300177619894 0.551805802249852 1.1354077905249709
1.14905569698277 4 0.7127586239840089 0.9653179190751445 0.733140655105973 0.9581081143254311
1.3397140435033823 4 0.8203125064614448 0.8622159090909091 0.5961174242424242 1.0808227279228826
1.282042240062655 4 0.8279300091504085 0.7533333333333333 0.5671111111111111 0.8048747235349494
0.7356189397674613 3 0.38639515621128395 0.902027027027027 0.5050675675675675 0.9139195313377624
0.651754561174831 2 0.2611268920056592 0.8636363636363636 0.6060606060606061 0.768919868272187
1.559576156273877 5 0.5748793262248836 0.8513513513513513 0.5840840840840841 0.9945136590214199
1.1806924403768844 4 0.38527703832810234 0.7612612612612613 0.6636636636636637 1.0335984800848752
1.3917347695399336 5 0.4494492025470958 0.8330275229357799 0.5376146788990825 1.2980931180878204
1.0751353240202304 4 0.7960142294970539 0.850253807106599 0.6125211505922166 1.1791555423238418
1.0433504269474334 3 0.6919002025416732 0.9442508710801394 0.6567944250871081 0.9397810128848962
0.22371607607486488 2 0.15166895602667746 0.7217928902627512 0.517774343122102 0.9403721569230792
1.3421207227714134 5 0.4574758290664353 0.9294436906377205 0.7964721845318861 1.0215241547799783
1.373975792179439 6 0.306824559452618 0.7398373983739838 0.3810623556581986 1.3110389071789372
1.7840720051575794 8 0.9170971204620961 0.9227608874281019 0.4968501780334155 1.1896206638584603
1.082192530043434 3 0.39155383998076665 0.9779411764705882 0.5036764705882353 1.093568556732185
1.3208833431716553 5 0.8907615520745218 0.9336158192090396 0.8220338983050848 0.909802600681041
1.5528110230804026 5 0.6400315904049547 0.8034744842562432 0.6112920738327905 1.3457770767374142
1.162695833512044 4 0.5830841532104188 0.8146067415730337 0.40012484394506864 1.4009399090863346
1.073538846421323 4 0.5018425447825188 0.8651685393258427 0.6666666666666666 0.9162945134629639
1.2130035659909042 4 0.5103057952767373 0.7671957671957672 0.4432686654908877 1.029009239088864
1.4740518252910715 5 0.6063649005102154 0.6666666666666666 0.6666666666666666 1.2926638440239515
0.9743117528756828 3 0.6633777159633923 0 0 0
0.24492802680267098 2 0.057093232420389516 0.8928571428571429 0.5434782608695652 0.8775301999167883
1.2636206721463221 5 0.6098600323989781 0.9325626204238922 0.5793192035966602 1.1614000571426553
1.0397177708449181 3 1.128036342555818 0.7902097902097902 0.6247086247086248 1.0625755261964969
0.9743117528756828 3 0.2875224145855532 0.9575971731448764 0.8657243816254417 1.0542560353315205
1.282042240062655 4 0.7665840387643528 0.8883572567783095 0.8059542796384902 0.7733578032528214
1.559576156273877 5 1.0185316303763685 0.8055555555555556 0.7407407407407407 0.8164185655625633
1.0397177708449181 3 0.6433522040239071 0.8991452991452992 0.6717948717948717 0.8415645624604992
1.6020499154853929 6 0.4658072653162115 1.0 0.8081705150976909 1.0027975187995286
1.537479097521278 6 0.4427484100522805 0.8973051711580481 0.7305171158048069 1.0347480586438123
1.4938807262290654 5 0.8007532114261426 0.7710651828298887 0.5834658187599364 1.5787050744304474
1.096393485575821 6 0.5560990591632589 0.7336999214454045 0.5666404818015187 1.0828764479644069
0.9854925517325999 4 0.2707235550316432 0.9426386233269598 0.6991714467813894 0.9364088470026491
0.790786917510501 3 0.2279850349330952 0.967420814479638 0.8840725806451613 0.4778127634879945
1.5869781491483856 6 0.5638994520250932 0.9323308270676691 0.723952738990333 1.126722002927454
1.5013898465464952 6 0.5867648766378782 0.8952095808383234 0.6104457751164338 1.0099633511166575
1.2808313546964354 4 0.6189614910002648 0.8717948717948718 0.6202686202686203 1.1618078653015955
1.440228749736266 6 0.6364182586079574 0.7642752562225475 0.5383113714006833 1.0929933848223217
1.35457707522167 4 0.6747313757440759 0.8451612903225807 0.5813620071684588 1.1882053481846613
1.162695833512044 4 0.8228335248457903 0.7842031029619182 0.5981609195402299 0.9359232977503138
0.9743117528756828 3 0.7627344752627611 0.8059299191374663 0.6127583108715184 1.0191748721843459
1.4012716486656107 5 0.5712283624914248 0.896797153024911 0.6892052194543298 0.948334290768899
0.951483960260421 4 0.3612209616275693 0.8407643312101911 0.5630573248407643 1.5455026562649503
0.8760888930740542 3 0.4095308109407968 0.9244712990936556 0.5760322255790534 1.7383699646839637
1.5819316024764 6 0.9470501307283843 0.7579948141745895 0.5370210314030539 1.508903125860653
0.8313995205030316 3 0.5691202815356416 0.8643790849673203 0.7173202614379085 1.0426863418134147
1.847034076584938 7 0.4933344374994415 0.9927963326784545 0.9022047587862912 1.1795179001730312
1.1933253125195584 5 0.6148403094390347 0.8645640074211502 0.5757211538461539 1.1283397463934923
1.5351858491458819 5 0.5808532900327592 0.7762982689747004 0.38069908814589665 1.3222839060188631
1.1432712062088137 4 0.42202774391660836 0.9034907597535934 0.7221081451060917 0.7920386665044292
1.2747174563379489 4 0.6053022849168929 0.7695473251028807 0.522633744855967 1.0500216161743976
1.3917347695399336 5 1.0564831545139637 0.8006814310051107 0.6047700170357752 1.0341739070219678
1.5933972318556822 6 0.8264136908130983 0.8697068403908795 0.7186192468619247 1.088850769854796
1.3171972214585184 4 0.539087180687782 1.0 0.8228621291448517 0.9202670510041817
1.3208843431586557 4 0.5609091524608049 0.7988252569750367 0.5805188448360254 1.0239859695200366
1.4614671293220243 5 0.6782207770253379 0.984869325997249 0.8312700596056855 0.9375037664347103
1.5691857264763265 6 0.5297735630610353 0.7444852941176471 0.4877450980392157 1.4923264727373502
1.1182653098263078 4 0.36810381696371014 0.8299367533380183 0.5888966971187631 1.110231308762411
1.2730243365997505 4 0.7520303219138249 0.9166666666666666 0.6805555555555556 1.1657541860545582
1.4648113849073128 5 0.7692669885441843 0.9071618037135278 0.6030061892130858 0.9773025496281312
0.9821105950734319 5 0.5092962160593066 0.8572331017056223 0.7256264476731944 1.0779502617997372
1.4255179346570073 5 0.47151040392099 0.9286713286713286 0.686946386946387 1.1566462743226111
1.3704983899271759 4 0.8798055144826934 0.9455445544554455 0.6573157315731574 1.1157994770479132
1.5437841850731622 5 0.6236618762523841 0.912568306010929 0.75591985428051 0.9804005635009237
1.580812535886635 6 0.547993741648363 0.7943548387096774 0.5237455197132617 1.045472631252776
1.56502156467192 5 0.6128701565402191 0.8741258741258742 0.6688311688311688 0.902402834629937
1.4952882049062293 6 0.6434887973313931 0.8200836820083682 0.6499302649930265 1.0487595269700838
0.8060007320812698 3 0.2300104669733323 0.9145299145299145 0.811965811965812 0.6789931801747566
1.3195414632584204 4 0.6353307932171798 0.9292343387470998 0.7668213457076566 1.1875110694197848
1.5292480086591023 6 0.6318247894988788 0.9207443142660234 0.7594762232942798 1.2129152625727964
1.7213953220500036 7 0.8948101622936476 0.8875 0.753125 0.9824212390824478
1.7701039926543745 6 0.6154897286590215 0.8217142857142857 0.6548571428571428 1.1500376160109156
1.3231620291319341 5 0.3989996751156279 0.8964110929853181 0.544589450788472 1.2413080652858752
1.470126920425991 5 0.6522182517344542 0.8235294117647058 0.5787476280834914 0.9885253295509377
1.0641924810039227 3 1.1589210039415285 0.7765538945712038 0.6713873590348807 0.913895988733756
1.4553280352086413 5 0.5363794427741712 0.8804071246819338 0.500400320256205 0.9445199006183506
1.4740518252910715 5 0.8070623382960775 1.0 0.7997159090909091 0.6417296198804227
0.562333144621475 2 0.676119100973083 0.8991596638655462 0.7983193277310925 1.016890196692458
1.2130035659909042 4 0.4901600861651282 1.0 0.7502175805047868 0.49826997069739265
0.9560413809737569 3 0.7441267668610653 0.6585365853658537 0.2659698025551684 1.3138232042899065
1.56436510290651 5 0.7533536140326487 0.823943661971831 0.43708920187793426 1.2749538795926103
1.4729317587188837 6 0.6288838515292576 0.8033240997229917 0.5313942751615882 1.1107942402054198
1.6255013967114018 7 0.7366338366867701 0.8860052562417872 0.6997371879106439 1.0655866754062202
1.8407417286006145 7 0.6164149805333536 0.8840579710144928 0.6092324208266238 1.0410698912792
1.6843669712365308 6 1.2049960029006563 0.7473363774733638 0.4611872146118721 1.233103981064258
0.6931451805619453 2 1.21335164821342 0.8692579505300353 0.6301531213191991 1.0361714310058647
1.0336965498709902 4 0.5583668847265617 0.873850197109067 0.6018396846254928 1.474685406258332
1.2148856539607453 4 0.5032396084670585 0.8897058823529411 0.5894607843137255 1.3973026747441644
1.2730243365997505 4 0.5010750242737372 0.856 0.6813333333333333 0.9355019936166123
0.9321081206942512 4 0.5369409059308489 0.8945945945945946 0.7213213213213213 0.9857355283456251
1.5437841850731622 5 1.210572488319192 0.7572413793103449 0.5337931034482759 1.1493158247168336
1.303279619661413 4 0.7003306612646168 0.781591263650546 0.3780551222048882 1.4588394365406891
1.3548810530145632 4 0.8690662515829719 0.7894736842105263 0.5146198830409356 1.394376313433491
0.6931451805619453 2 0.4044505494044732 0.927710843373494 0.5200803212851406 1.3418667764969345
1.2852890241314743 4 0.61255330902622 0.8954954954954955 0.6186186186186187 1.2154135674277995
1.0720129685770052 4 0.4930308137017632 0.93717277486911 0.8289703315881326 0.7998450324530975
1.2820422400626548 4 0.3701892690566461 1.0 0.9485930735930735 1.2172215588712478
1.7743410853846129 7 0.9375184255849847 0.9407744874715261 0.7633510503669957 0.876812181777671
1.3945513191985555 6 0.6902789534704555 0.9104761904761904 0.6171428571428571 1.0837150804345452
1.2431545167272737 5 0.5607407160650157 0.8398914518317503 0.7120395327942498 0.8534565645285889
0.37676816126100815 2 0.2182178902359924 0.9368131868131868 0.8232600732600732 0.9528422834780536
0.6615612381601154 2 0.5145037960045976 0.856338028169014 0.31501547987616096 1.2066899787302683
1.559576156273877 5 0.7139563583458776 0.8743455497382199 0.6908212560386473 1.1385207266141228
0.8305206914932463 3 0.4198234269855735 1.0 0.9891866478608369 0.648098159228901
0.9718457712424035 3 0.40632011322345707 0.9294117647058824 0.5224137931034483 1.0575599793358246
1.090056658715367 3 0.44594087588332865 0.8516949152542372 0.652542372881356 0.9701398076957987
1.3334690391277029 4 0.6463280737095346 0.8794117647058823 0.7053921568627451 1.0575856527844085
1.685497920078691 7 0.7996576617741565 0.9371165644171779 0.6378787878787879 1.0154825762176665
0.7774591319216559 3 0.3235604395235786 0.715702479338843 0.47052341597796143 1.3204668689242285
1.5992152566148932 6 0.7369850931876647 0.8095952023988006 0.5952023988005997 1.1925904910144247
0.465997256964483 2 0.22509541075201148 0.8888888888888888 0.42424242424242425 1.5122269266267463
1.0175999861211105 3 0.7128687229941517 0.90625 0.7916666666666666 1.226211809361281
0.8876912758074611 3 0.726986762376394 0.8233082706766918 0.4988009592326139 1.0888627645631481
1.023925799644203 3 0.44153485293912464 0.8402061855670103 0.5979381443298969 1.1098152682498141
0.8675602284882113 3 0.5900237785495425 0.6065573770491803 0.4098360655737705 2.477569043792035
1.0397177708449181 3 0.8492495937391538 0.8115942028985508 0.5845410628019324 1.2025857236011477
1.6920128079477637 7 0.7219928434556259 0.8963795255930087 0.6988984088127295 0.9495185756163258
1.6321624700406328 6 0.7758637420801354 0.7964071856287425 0.499001996007984 1.244274727943863
1.0735388464213231 4 0.7019461947545261 0.5031055900621118 0.2282793867120954 1.6965876040574783
0.562333144621475 2 0.4044505494044732 0.7942857142857143 0.4819047619047619 1.290254531984169
1.2130035659909044 4 1.3303310824831294 0.6049723756906077 0.3867403314917127 1.1678920972633269
1.2130035659909044 4 0.8673859557902196 0.7872340425531915 0.5035460992907801 1.4890206048498795
1.14905569698277 4 0.7066643637847319 0.804945054945055 0.5567765567765568 1.4678520553158307
1.162695833512044 4 0.3479042389003946 0.9365918097754293 0.6983523447401775 1.1224240571061805
1.580812535886635 6 0.7860829372360091 0.8134034165571616 0.6303109943057381 1.5986039126653042
1.5176695294774438 5 0.8974572272599123 0.8652482269503546 0.642080378250591 0.9084055890856412
0.9596117939179063 3 0.624187590450232 0.9285714285714286 0.8270676691729323 1.6863431237591084
1.4013876466272654 5 0.7594428560094053 0.8049113233287858 0.5211459754433834 1.1812860961522764
1.584035336822181 6 0.5711424633907042 0.9191226867717615 0.7256818181818182 0.9891206078870608
1.251151983376565 4 0.4473975799899269 0.8421052631578947 0.5607064017660044 1.4716229972628811
1.546593686063179 5 0.49744520776443013 0.7774294670846394 0.5538140020898642 1.2635783698216596
1.3130055920611063 5 0.7254738499545967 0.9052132701421801 0.5323854660347551 1.1049925219184555
1.3345879532602616 5 0.4205395100658509 0.9081632653061225 0.5636540330417882 0.873590924804062
1.251151983376565 4 0.5933262047301738 0.839607201309329 0.5417348608837971 1.318041846885818
1.4609657477408653 5 0.5476524021656654 0.7474358974358974 0.5098290598290598 1.2039962614035862
1.1246662892518389 4 0.7341244884570721 0.7279521674140508 0.5944195316392625 1.2498878416659327
1.0397177708449181 3 0.44153485293912464 0.8367003367003367 0.6851851851851852 1.1742174108088694
1.2554783251894204 4 0.8593298927079887 0.7564979480164159 0.5531235750113999 1.4040813725702188
1.3208843431586557 4 0.5302490406139916 0.8864265927977839 0.5789473684210527 1.4739578653679892
1.073538846421323 4 0.757759284101646 0.84375 0.6609848484848485 1.0766952613718102
0.8938855362514357 3 0.33636755930258083 0.7562724014336918 0.4187574671445639 1.1926418136870367
1.0283911667196848 3 0.4425227667188524 1.0 0.8828125 0.8664053989590789
0.9368853075459159 3 0.2515821127623591 0.8978723404255319 0.7446808510638298 0.8285887932790114
0.8173499788613958 3 0.521583526180523 0.7888111888111888 0.6107226107226107 1.2133784973883108
1.046627486588326 3 0.8495431910995344 0.8956043956043956 0.6113553113553114 0.7228187443309718
1.0397177708449181 3 0.681403739018808 0.9346049046321526 0.8474114441416893 0.5035840689360903
1.248285318038214 5 0.7690308818829046 0.9014909478168264 0.7057152999645012 0.8534202947663018
1.1855118079238518 4 0.7760728508200238 0.973172987974098 0.8899167437557817 0.7154701930223347
1.4922650550239278 5 0.6326542391095384 0.9344155844155844 0.6670995670995671 0.8834507580327722
1.680327603673461 7 0.4392299083621029 0.8417721518987342 0.7120253164556962 0.8608486272805346
1.199473735797961 5 0.6257799836267605 1.0 0.9794973544973545 0.8317720781433926
1.2996459635728974 5 0.5748438175543691 0.7158469945355191 0.44899817850637525 1.2428896943766679
1.6498703678117352 6 0.636112735533338 0.9504950495049505 0.746974697469747 1.081903766848987
1.5268731472912596 5 0.38063571011568575 0.7268041237113402 0.31958762886597936 1.3943331387955624
1.6609888146297922 7 0.791722778549466 0.8622129436325678 0.534446764091858 1.0553158714785031
1.8545746695956156 7 0.875980417448078 0.7982565379825654 0.5819842258198422 1.1814902658716844
1.518285514657859 5 0.9023305806465551 0.9290873276428102 0.740205734296345 0.9721555771586585
1.630485743710084 7 0.6175567658323781 0.8958904109589041 0.7619482496194825 0.9527924813499539
1.7019742705027174 7 0.6881774215766433 0.7654784240150094 0.5531582238899312 1.1447814471212077
1.6843669712365308 6 0.7094598891080186 0.8808219178082192 0.5968036529680365 0.9795873827367724
1.0240072202997195 3 0.3323916490354203 0.9654510556621881 0.8349328214971209 0.6221607319824173
1.7698522056702655 9 0.5688576376899217 0.8436482084690554 0.6872964169381107 1.2015596535889397
0.37676816126100815 2 0.05657749326789283 0.8866120218579235 0.7868852459016393 0.9783509535785674
1.300920533654157 5 0.8560915961225365 0.9684002633311389 0.8016238753565943 0.7711503523259903
1.8708532831721874 8 0.6629407193006004 0.9116504854368932 0.6229773462783171 1.0085445573236302
1.0128584489924672 4 0.6008305941832441 0.9175931981687377 0.7521255722694572 0.700551538033823
1.6674559334546282 6 0.7656346003751845 0.914780292942743 0.7762982689747004 0.8739911684642041
0.7929679643170484 5 0.22503934406519827 0.7030661646046261 0.35733333333333334 0.9819945742012897
1.2970952848349175 6 0.7445058619600625 0.8676156583629894 0.5897983392645314 1.0872637727757815
0.9900970747341358 3 0.366362377905416 0.8629032258064516 0.6239545997610514 1.1837699121800171
0.8000418530747799 4 0.3523587957978608 0.9665738161559888 0.9331476323119777 0.49893227067264667
0.6645264386570353 2 0.2548629573298603 0.9711191335740073 0.7821901323706378 0.38627848689762667
0.7529716827772218 3 0.7821177732178171 0.6543408360128617 0.2829581993569132 1.7330456929086595
1.4785940266561184 6 0.4369448581816697 0.8790259230164965 0.617065021845284 1.118976926397174
0.8760888930740542 3 0.530964494437209 0.7614213197969543 0.4077834179357022 1.406312779258803
0.7902307553651863 4 0.4434619434802209 0.6512605042016807 0.6512605042016807 1.7590402457315957
0.9743117528756828 3 0.3639641116024945 0.8405405405405405 0.6585585585585586 1.3338366279719918
1.0296500140697402 3 0.28308319791305125 0.8402061855670103 0.552405498281787 0.9870200699792995
1.0986092886726095 3 0.6206889355456923 1.0 0.6595238095238095 1.069242067841462
1.2740007223782652 5 0.44267451481162406 0.9542395693135935 0.7967698519515478 0.8057944813878668
0.37676816126100815 2 0.12123748557405607 0.948051948051948 0.3939393939393939 1.259460681548489
1.5437841850731622 5 0.772358266821847 0.9073107049608355 0.7615317667536988 0.9916053260935895
1.523870488061871 6 0.41782411795963326 0.9354144241119483 0.7692859705776821 0.8936467929832292
0.777459131921656 3 0.2049143644603276 0.5659121171770972 0.18241308793456032 1.9973487727485697
1.4938807262290654 5 0.9336500014617773 0.9511854951185496 0.7568572756857276 0.8870970400273939
0.6005998841191265 4 0.3100242204038566 0.9184171958964338 0.8759159745969711 0.5606054127628862
1.2160814188430709 5 0.6870021102669839 0.7438202247191011 0.53083645443196 1.3784351844921054
1.1564242867172712 4 0.4444098331470826 0.9128878281622912 0.8595863166268894 0.9540853424885772
0.4634105588430012 3 0.21495306368318087 0.8720292504570384 0.684338817794028 1.273539943820098
0.8119784689557455 3 0.2622184609128681 0.8761290322580645 0.8167741935483871 1.1337863225414369
1.3945049846580306 5 0.7285116803461085 0.9577464788732394 0.7769953051643192 1.149712601257429
1.564710087363962 6 0.7710114672297769 0.8439490445859873 0.7388535031847133 1.128282354613265
0.9577979659738257 4 0.24567308141190006 0.8641171684296176 0.7754271765663141 0.9806355251977279
0.9002530512753368 3 0.6587892018016509 0.896551724137931 0.6800766283524904 1.274023263673674
0.37676816126100815 2 0.05657749326789283 0.8324607329842932 0.7207678883071553 1.050659534799631
1.7169847590410543 7 0.7464861159478444 0.8961593172119487 0.8086770981507824 0.8494366701109073
0.8675602284882113 3 0.4067894494167936 0.7260726072607261 0.6776677667766776 1.0090561987609767
0.7298399194925769 3 0.7793863974410767 0.7661469933184856 0.5374907201187825 1.0809559442372458
1.3050923719579406 4 0.8784449526508785 0.8787878787878788 0.6363636363636364 1.1916893064237577
1.484448519069156 5 0.7918883105311079 0.8919330289193302 0.6519533231861999 1.1998442391955586
1.5530473027403293 5 0.5840928903779002 0.8602739726027397 0.6665913711316919 1.2968155759482214
1.5284597100875872 6 0.9752240085458069 1.0 0.6391096979332274 1.4815532937884932
0.8687166829249237 3 0.2719759670825753 0.9115191986644408 0.5418023887079262 0.8343143456214149
1.2148856539607453 4 0.5941917227455299 0.7513227513227513 0.599647266313933 0.9694308564250558
1.5735678764896712 5 0.4735670308301436 0.9210526315789473 0.6594427244582043 1.2367503965244884
1.0950748621250341 3 0.8039439856164609 0.8918918918918919 0.6636636636636637 1.0631326047668725
1.2110400167942978 4 1.1105497850102335 0.8946047678795483 0.7172731074864074 1.0272344487152996
0.22371607607486488 2 0.11197372573468695 0.6377952755905512 0.258 1.513670251147226
0.9545917186004583 4 0.19983839834239536 0.808 0.7226666666666667 1.1689869691333188
1.2538960983116392 4 0.6104650201732643 0.8159675236806495 0.5696887686062246 1.2141853110296514
1.2243726842356382 4 0.7629057212694964 0.8163424124513619 0.45006485084306097 1.3945067200976662
1.0220800508179546 3 0.40746709493306854 0.9104477611940298 0.615257048092869 0.9008464480684774
1.5437841850731622 5 0.49038102372879705 0.8954703832752613 0.7420814479638009 0.7593499730542542
1.8407417286006145 7 0.6739500980920258 0.8713768115942029 0.62119503945885 0.962004983942728
1.0375871081112062 4 0.8418677492899778 0.8408239700374532 0.46878901373283394 1.1827428956695152
1.3334690391277029 4 0.6409683262433885 0.8339100346020761 0.6225490196078431 1.3010318642555545
1.6590988294438138 6 0.6197503442272632 0.8728010825439784 0.5480378890392422 1.1371636414062087
0.16794214774719357 2 0.03536093329243302 1.0 0.9287622439893143 0.7766796443501781
1.5766920168056475 6 0.7197704183889873 0.8930957683741648 0.6095025983667409 0.9511191909870426
1.1803005570082867 4 0.5343385958031909 0.9124087591240876 0.6399026763990268 1.254300278108419
1.4107874712741497 5 0.5279901110557188 0.9645061728395061 0.7695473251028807 0.8431253321010277
1.3197259215281616 4 0.5852060381508446 0.8509803921568627 0.5797385620915033 1.098872091593819
1.3197259215281616 4 0.7401992745632023 0.8744257274119449 0.5738927738927739 1.4873488521853058
1.1803005570082867 4 0.7042850023029867 0.7608695652173914 0.3161231884057971 1.4894778412750203
1.329657348863758 4 0.7179078557767518 0.8260869565217391 0.4178743961352657 1.0337691227270667
1.580812535886635 6 0.7868838243381518 0.8643578643578643 0.7215007215007215 1.1175124480407463
1.5444745211113604 5 0.5890932083432433 0.8735135135135135 0.6248648648648648 1.349530973779655
1.7074842587963703 7 0.7793429545767053 0.8939929328621908 0.734982332155477 0.8393959936126949
1.1048379582972103 5 0.39954711965387013 0.7813918305597579 0.5370650529500757 1.5245460628891045
1.659917245708304 6 0.9982761066420208 0.8442677269715043 0.6715263971725204 0.9811019891802422
0.2711873730488856 2 0.15200854940296818 0.8701298701298701 0.479282622139765 0.6875570239302009
-9.999994999180668e-07 1 0.0 0.855191256830601 0.46584699453551914 1.838965466741006
1.8903547753831345 8 0.5381606843541229 0.7728758169934641 0.505654281098546 0.8957143072352557
1.549500165531356 6 0.4608735937132893 0.6674907292954264 0.2896580140090647 1.2107317922944583
1.5294613361825156 5 0.567288149487494 0.6723237597911227 0.4636640557006092 1.423719732285298
1.6216695067736704 7 0.9646629933862253 0.9451019066403682 0.8259210813167648 0.9338472940491618
1.3545431642052121 7 0.550151140506114 0.9411764705882353 0.8406862745098039 0.7304030984487536
2.1033916255487926 10 0.5094345626583853 0.951417004048583 0.7235901509134234 0.942308635893609
1.3208843431586554 4 0.6443999083081575 1.0 0.6739130434782609 1.2072495874262954
0.5297041990605473 2 0.6066758241067098 0.7267441860465116 0.6124031007751938 1.0818518829169579
1.2538336635147458 5 0.7801001198514892 0.8298465829846583 0.6462110646211064 0.9350621793058626
1.4941701383046417 5 0.44920746077615836 1.0 0.9794938917975567 0.7551989854412279
1.7227700217979296 6 0.5034796067267846 1.0 0.9895561357702349 0.7556289436543816
2.374809165618931 12 0.5289847268126817 0.9898048354209147 0.9296048160015535 0.9228550571227763
1.3416831909022489 5 0.6433200059324696 0.8637554585152838 0.6502407250070802 0.8739108826993137
0.7902649680839791 3 0.641620733330457 0.8340080971659919 0.4220994475138122 1.2959702727144995
2.0085906898532007 9 0.69620160582186 0.9229357798165138 0.692354740061162 1.1979397339085418
1.0214147858914195 4 0.21694435605940468 0.8481099656357388 0.5361879499810535 1.1860354470415293
1.4131552677156587 6 0.6536222836875062 0.9393592677345538 0.7734553775743707 0.9719090737404004
1.5174920950208213 6 0.6839959821084918 0.8726355611601513 0.6749072929542645 0.7987169197753754
0.990693985527695 4 0.5842302257413285 0.6807958477508651 0.37264367816091953 1.423904227972222
1.884513019896162 8 0.642121890692148 0.8455522971652004 0.5913978494623656 1.165030077897767
2.155151647625047 9 0.7428144197312478 0.8726567550096962 0.5046326222796811 1.3590225336028265
1.564699871907941 5 0.6337922441302938 0.8249097472924187 0.5518953068592057 1.4423101229412338
1.8681122590543375 8 0.5454628297124081 1.0 0.8640101201771031 0.8757558951594543
1.7039364869931308 7 0.4633969624307151 0.9921824104234528 0.9122957867583835 0.5782845868607991
1.7423205888805713 6 0.988567205950024 0.8796992481203008 0.6020050125313283 0.9768415767326367
1.2342409455896624 4 0.791995598575858 0.8758169934640523 0.719680464778504 0.8243680802332882
1.7001589424372456 6 0.6855787837413028 0.9413533834586466 0.5774436090225564 1.1167356669825512
1.722248692217247 7 0.6180317168534709 0.9363103953147877 0.7740086000955566 0.8397667206708046
1.4131021840329243 5 0.622486213735335 0.8314457028647568 0.556739951143682 1.220838496634761
1.5899444197785944 6 0.3943942183145797 0.676829268292683 0.3902439024390244 1.492459384649243
1.3665819032854956 4 0.5861658232479064 0.8542635658914729 0.7209302325581395 1.3408412033033839
1.480400577970989 6 0.6112980171590187 0.8992805755395683 0.7673860911270983 1.2877427987007235
1.0408358374387054 4 0.7261320241792681 0.8603723404255319 0.8444148936170213 1.4702799358100882
-9.999994999180668e-07 1 0.0 1.0 1.0 0.950936929443246
1.7413274691775653 7 0.6121568287585952 0.9126637554585153 0.7941775836972343 0.8690722852917563
1.4787465246662288 5 0.61922728930268 0.8758169934640523 0.6941176470588235 1.1802406696407453
1.2406802919645792 4 0.7978986875191694 0.8962472406181016 0.7211184694628403 1.0735835172921282
1.4740518252910715 5 0.6015720282873934 0.9154518950437318 0.6885325558794947 0.9323668071586305
1.5481095269040173 6 0.7863623427325391 0.8435462842242504 0.6766623207301173 1.3967145008583077
1.2530422261228122 4 0.3342555958598842 0.8125 0.5651041666666666 1.021528660945107
1.3456903665543154 5 0.18263419527928873 0.9470198675496688 0.8322295805739515 0.8793907123220756
1.5714462742329234 7 0.3233970968705518 1.0 0.4444444444444444 0.9419157039946859
1.2474867586676477 4 0.37965002049568697 0.847457627118644 0.6779661016949152 1.209256925270813
1.4715363330402171 5 0.5080805169187405 0.8507890961262554 0.5944524151123864 1.3064447317728767
1.4520390732123836 5 0.5634659505919213 0.8252427184466019 0.6333795654184003 1.0469309169923966
1.2123098802805643 4 0.36610436445915584 0.9344569288389513 0.7290886392009988 0.767415795719062
0.37676816126100815 2 0.3235604395235786 0.8118279569892473 0.5017921146953405 1.1367216986675257
1.563632013191838 6 0.6335394262575704 0.806615776081425 0.5237489397794741 1.2768452439105533
0.36220855714026556 2 0.05304139993864953 1.0 1.0 0.6241763795862374
1.4426676183742975 5 0.5125342070984343 0.9201121233356693 0.6711048820369072 1.186556704946638
1.082192530043434 3 0.758594748250141 0.6839237057220708 0.33969118982742963 1.4599613278685157
1.0826352010292937 5 0.5469262071580345 0.9459459459459459 0.8488488488488488 1.515478198595631
1.4853340367383465 7 0.7763021889918315 0.8771106941838649 0.626777983920841 0.9925380877938513
1.4541171498424217 5 0.9451836589042055 0.6 0.5333333333333333 1.4350852961085885
1.2867867320679571 4 0.4371877170594196 0.895771878072763 0.5637495902982629 1.2154685166846617
1.6397003574408564 6 0.6135647576942345 0.8721461187214612 0.61199207135778 1.2931655086228109
1.3203547391515642 4 0.5965043591894348 0.8740157480314961 0.6198600174978127 1.133839402892319
1.2525480238367748 4 0.7410739487854281 0.9414225941422594 0.6359832635983264 0.9869390323347657
1.2148856539607453 4 0.8894690172333934 0.8786279683377308 0.7343887423043096 0.9199681385734743
1.283168648026101 4 0.7551067629863042 0.8308724832214766 0.5579418344519016 1.2438032768036829
1.7455508724112003 7 0.7222726112417924 0.8176011355571328 0.5159687721788503 1.06378286142108
1.9610382417967884 10 0.4008449487752594 0.8100659077291792 0.462218045112782 0.9819151405994726
1.5826288639381068 6 0.8641087511299653 0.8358750907770516 0.5666908738804164 1.1871759739886572
1.6455233179382074 9 0.7304880305914141 0.7792207792207793 0.5787362086258776 1.0049270484301076
1.8685719719421785 8 0.6936854535122878 1.0 0.9259259259259259 1.2440169358562925
1.8655487519832745 7 0.9103521638486022 0.8701754385964913 0.7256140350877193 1.0401925071691118
1.6592180924089701 7 0.47732834608798264 0.73502722323049 0.47973381730187536 1.360583682225672
1.5481095269040173 6 0.49125573696961594 0.875 0.6279761904761905 1.0265147778089543
1.8151171804496897 8 0.40346862878112333 0.9861239592969473 0.8513721862473019 0.8670473246593277
0.7343766707251014 4 0.12289315156440402 0.9127686472819216 0.8807416772018541 0.4806530850206099
1.162695833512044 4 0.8299773626049419 0.760522496371553 0.5350749879051766 1.4359578428707784
1.3180188017344843 5 0.501073983259887 0.953125 0.8307291666666666 1.1519313352634801
1.0053834327751212 4 0.838249159583013 0.6551724137931034 0.2959770114942529 1.5130065501196162
1.187411769857752 4 0.8654473759439671 0.7485029940119761 0.437125748502994 1.3834949874421147
1.0609541504576758 4 0.5257926738704525 0.8591117917304747 0.712608473711077 1.4071468715322906
1.5335848003498327 6 0.5137042131009539 0.8731778425655977 0.5801749271137027 1.198589241002742
1.299736799566753 5 0.6688413954065106 0.9372549019607843 0.754588134869825 0.6961440970923469
1.8746337405647935 7 0.6865911325402421 1.0 0.6666666666666666 1.4188566201357362
1.2930184700743164 4 0.5722599182663302 0.9847645429362881 0.989843028624192 1.18000559547428
1.6140750781678461 6 0.3759933531113135 0.8568665377176016 0.6284584980237155 1.1058805375939769
1.3361708490201347 5 0.476651791413561 0.9476047904191617 0.8671641791044776 0.9066505646384864
1.0608539471628964 3 0.7959312396951501 0.8309859154929577 0.42294807370184256 1.4559143842172555
0.6057954993747123 2 0.21216559975459812 0.96 0.5977777777777777 1.0632944944496077
0.5566439035962066 3 0.3354158230512983 0.8856209150326797 0.5648148148148148 0.7634608900540342
1.455328035208641 5 0.7689339216082446 1.0 0.9033570701932858 0.935305854796281
1.2319928023195796 4 0.7910173063059636 0.8687196110210696 0.5462496686986483 0.9819496593764171
1.2504336255659276 5 0.7004200319913698 0.882744836775483 0.7292915833888519 1.179930217098337
0.7774591319216559 3 0.8679671404734017 0.8066666666666666 0.6053333333333333 1.2400211808389177
0.9840835030884703 3 0.9850221602658645 0.7475177304964539 0.592434988179669 1.1801217804354078
0.6779057256561851 3 0.1370192294583259 1.0 1.0 1.754620649282213
1.603181264941142 6 0.7070318227122502 0.8065068493150684 0.6495433789954338 1.0310052697208358
0.9368853075459159 3 0.2515821127623591 0.9192825112107623 0.6517189835575485 0.7380087285813678
1.2498327981238 4 0.727474489305755 0.8594132029339854 0.5186064924782264 1.1286866580287611
1.1404987786797371 4 0.5456192193157552 0.7404870624048706 0.5999497108373145 1.5793466752850123
1.4006488352696316 5 0.7449832629033056 0.8325872873769025 0.5440167114294241 1.0383595762279958
1.4614671293220243 5 0.7017421728580289 0.9066455696202531 0.6814345991561181 1.0429065473923065
1.0735388464213231 4 0.6514865261880478 0.7283464566929134 0.40551181102362205 1.3493471172819131
1.1432712062088137 4 0.5264765137061304 0.7784711388455539 0.4778991159646386 1.2785825594755726
1.676981774344167 6 0.8618872304605616 0.952 0.27466666666666667 1.2302581000461825
1.5135976783597371 5 0.7903214316773165 0.8693548387096774 0.5645161290322581 1.646560306603327
1.2281018514812791 4 0.3316301385096201 0.9056865464632455 0.6005547850208044 1.0554698417357595
1.5256665197783272 5 0.5378149513930637 0.9054054054054054 0.5822072072072072 1.2644269616136348
1.8818242051780671 8 0.6663915819547093 0.8728870858688302 0.6317331530313275 1.442608101305048
1.6399886201812566 6 0.5502441656203375 0.7513988808952837 0.5083932853717026 1.2568618825260855
1.1914089371045002 4 0.5995844140823582 0.7838125665601704 0.5686900958466453 1.3706886684346549
1.2281018514812794 4 0.6405028958904427 0.9226890756302522 0.6476190476190476 0.8019735342655744
1.4553280352086413 5 0.9728937377158771 0.8741808650065531 0.6863259065093927 0.9388785448525664
1.5093278603564697 5 0.703317766614905 0.899768696993061 0.5134926754047803 1.1601763387092925
1.6020499154853929 6 0.7153889321891483 0.7688751926040062 0.37801746276322545 1.1833175873797723
1.3385926197610971 5 0.5782779389116601 0.7286432160804021 0.4971122112211221 1.4120117817640816
1.5444745211113604 5 0.5895950167191203 0.8122743682310469 0.5178499799438427 1.1768729134053764
1.4614671293220243 5 0.7374519952715908 0.8344051446945338 0.5771704180064309 1.0839762450162276
0.6615612381601154 2 0.17333594974477423 0.9469026548672567 0.7020648967551623 1.0766779279474767
1.2372233951632934 4 0.7229095554654857 0.8741808650065531 0.63564875491481 1.0884187060141477
1.1858163126434924 4 0.40799942649693827 0.766887417218543 0.46225165562913906 1.3167204727545194
1.4467389425623571 5 0.7761133504140661 0.9529529529529529 0.7277277277277278 1.0404172351747134
1.5571080980718122 5 0.7915381991291655 0.938337801608579 0.7381590705987489 0.9019074558958934
1.4893588463768186 5 0.5456261187192626 0.9567567567567568 0.7663663663663663 0.7426115664360462
1.5008744677673853 5 0.5923534421564636 0.9625779625779626 0.7186417186417187 0.8357062496423172
1.218191072429304 4 0.4361712820697138 0.93 0.8158333333333333 0.8009348152207616
1.2554783251894204 4 0.8451956806315941 0.9013605442176871 0.6768707482993197 0.9240948021471063
-9.999994999180668e-07 1 0.0 0.9373913043478261 0.6063768115942029 0.9289759955258328
1.36335710238106 6 0.542175219243568 0.8504672897196262 0.6531671858774662 0.9471762269980175
1.1709931261294622 4 0.6735505018821226 0.8265895953757225 0.5847784200385356 1.3075471460371757
1.3689183607484692 4 0.5093338686663356 0.8662790697674418 0.6124031007751938 0.9958202843793356
1.1685144057550043 4 0.6501374245757525 0.7640449438202247 0.6179775280898876 0.9190525231424762
0.9556968911186594 3 0.48864725453022323 0.75 0.4444444444444444 1.2876779572375359
1.2299136037908067 5 0.49460345252725185 0.7616279069767442 0.42151162790697677 1.393491237584742
1.2648617490605032 5 0.5899330809864268 0.9253112033195021 0.6864914707238359 0.998712061768084
1.1803005570082867 4 0.6789847917292314 0.9363295880149812 0.6822721598002497 0.9658205367786102
1.2371169036632244 4 0.47940360405121674 0.958041958041958 0.555448717948718 0.9282442174404257
1.2371169036632244 4 0.47940360405121674 0.958041958041958 0.555448717948718 0.9282442174404257
1.7868013400192388 7 0.9519562129745391 0.9036363636363637 0.638752052545156 1.21206336483392
1.353586352154273 5 0.6619269096367801 0.801056338028169 0.6666666666666666 1.283783537297238
0.9002530512753368 3 0.5821820018384869 0.8832335329341318 0.7714570858283433 1.062403611777553
1.3208843431586554 4 0.480472371601038 0.7529761904761905 0.4109461966604824 1.7815544945697164
1.368684637644648 5 0.7355622849971243 0.7678300455235205 0.3586241780475468 1.1829148819698592
0.7356189397674613 3 0.16644200346148255 0.9730392156862745 0.5563725490196079 1.0902262081568654
1.2791546283658863 5 0.8253542161892671 0.80788675429727 0.5173576002696326 1.0377672587745508
1.2970544806450315 5 0.5435871323773224 0.8136125654450261 0.4956369982547993 1.0667031159362914
1.2148856539607453 4 0.9666186041970877 0.7313019390581718 0.4657777777777778 1.5861953995252454
1.187411769857752 4 0.7779936784319904 0.8493589743589743 0.5566239316239316 1.1059214008927771
0.9002530512753368 3 1.0676352538953637 0.85 0.4888888888888889 1.537677957237531
1.2530422261228122 4 0.6900756449194625 0.7040498442367601 0.4963655244029076 1.5439505794641324
1.8886238495345742 8 0.8192400934114799 0.8395061728395061 0.5192667414889637 1.2117957411111249
1.5229500675463181 5 0.8583333198114094 0.8970189701897019 0.5609756097560976 1.215851803683521
1.2206032645640172 4 0.7178566425389474 0.880184331797235 0.5506912442396313 1.3512612429355524
1.7767401975722297 8 0.4554857927377151 0.7519640852974186 0.48447437336326227 1.0445414601070642
0.8687166829249237 3 0.5883650360180368 0.9813084112149533 0.6859928168291431 1.0701148347313414
1.283168648026101 4 0.7021592004186517 0.6666666666666666 0.29444444444444445 1.369682999666801
1.5808135358726352 5 1.1966144744868479 0.8604651162790697 0.8204134366925064 0.8437870297757373
1.8619791081993724 7 0.6735166903979716 0.8983739837398373 0.6490514905149052 1.3622362869910383
1.023925799644203 3 0.3006191302680741 0.9318181818181818 0.8314393939393939 0.8436833186064217
1.6565045610712241 9 0.8714665559197852 0.7235641438539989 0.4448022902129182 1.5022941205422005
1.2996459635728974 5 0.4303915400652797 0.7689075630252101 0.49089635854341734 1.087601276726953
1.9121906783536056 8 0.7016625264837624 0.8494795836669335 0.5571955719557196 1.1123804831521704
1.6304265826551552 6 1.0032944454545658 0.8360655737704918 0.5601092896174863 1.090313636521319
1.420531538653353 5 0.635193783323008 0.8715670436187399 0.6292407108239095 0.9116951799636084
1.4898437964917866 5 0.5795064639415197 0.9297971918876755 0.5257410296411856 1.0352460081625454
1.9011732023286132 8 0.5891437397785713 0.926261319534282 0.5781618224666143 1.2863836489767095
1.5418267383163622 6 0.48290640205149477 0.8181818181818182 0.5797101449275363 1.1858969059337792
1.6314946744201546 7 0.3459868059232702 1.0 0.9085365853658537 0.6246652069005392
1.4258183501371584 5 0.6405550692776054 0.8171846435100548 0.5207190737355272 1.1304062961626256
1.6241332346956308 7 0.6355800838032025 0.7844974446337308 0.5153737658674189 1.1983288380964525
1.2148856539607453 4 1.0741610070183016 0.8753541076487252 0.5231350330500472 1.1919971409280286
1.2730243365997507 4 0.8667632419490465 0.8201634877384196 0.5712988192552225 1.0994269186893535
1.78649915693156 7 0.5515342928732943 0.9259075087021382 0.7218630863583624 0.9685350091458056
1.9218881926567513 8 0.4731962107519485 0.9121258633921719 0.7460822722820764 0.8961160116949382
1.0699133418346678 4 0.7004078959728541 0.9396092362344582 0.7430432208407342 1.2519421585435873
1.4007058882105163 6 0.6809982507898464 0.8568702290076335 0.6253180661577609 0.9064810538839299
1.251151983376565 4 0.5852565057441325 0.8381742738589212 0.6196403872752421 1.0094739999253095
0.9256979111429663 4 0.6305361988855565 0.8715151515151515 0.6917171717171717 0.9620805339833676
1.2045590088918972 5 0.3147549619300896 0.9286262471220261 0.9158352519826043 0.6179719286500813
1.4941701383046417 5 0.9142797404322291 0.8106267029972752 0.5980926430517711 0.9827293436569702
1.3069058863312177 6 0.6657313286356444 0.9225806451612903 0.7419354838709677 1.8273184977501185
1.2282404917270642 4 0.5495415090652325 0.863441518677281 0.6783016942233109 0.8329005763351573
0.8587788622506558 4 0.45385921682659336 0.8401913875598086 0.7311004784688995 0.957987987832544
1.5355630069551767 5 0.8898871632782943 0.8034420289855072 0.7065217391304348 0.9013480317618687
1.0433504269474334 3 0.5501052904834544 0.8211829436038515 0.405777166437414 1.652375030706463
1.2450128892631818 4 0.6518228669827654 0.9804560260586319 0.6813246471226927 0.9349545497823086
0.9002530512753368 3 0.4396821731369808 0.8985507246376812 0.5791062801932367 0.8743988310187757
1.331655286845175 5 0.7874137991847658 0.8426073131955485 0.48383677795442503 1.0594065796347816
1.1573692982344566 4 0.5157265711914751 0.8475499092558983 0.4652147610405324 1.0579057595146422
1.3050923719579406 4 0.7617646118845924 0.794921875 0.6139322916666666 1.5296946815651191
1.2835280009188368 5 0.48072205561353354 0.8327359617682198 0.5585424133811231 1.0626567151535202
1.6903871922225138 6 0.6792779017159842 0.8431372549019608 0.6552287581699346 1.0073649204987645
1.0717270941171957 3 0.8260773293482647 0.7120980091883614 0.5579377233282287 0.91499414778471
1.401156426089599 5 0.6745845748395889 0.9699054170249355 0.8111206649469762 0.8058845973627217
0.9743117528756828 3 0.6241795697916527 0.9042769857433809 0.6809232858112695 1.1798070032936145
1.4897623640258746 5 0.4931978820237702 0.9201228878648233 0.8310291858678955 0.8565480618249127
1.126009407483786 4 0.6833872308648447 0.8986899563318778 0.7802037845705968 1.5051241032387177
1.5497167827044358 5 0.6698278700033096 0.8194317140238313 0.5960892147876565 1.032771224267707
1.3050923719579406 4 0.9803201723302564 0.9113924050632911 0.5764767932489452 1.1538344545155763
1.410507557145016 6 0.7666629004613082 0.859402460456942 0.5430579964850615 1.1024273693732878
0.8675602284882113 3 0.7280109889280518 0.9420289855072463 0.7016908212560387 0.9660353603207493
1.4201114367096959 5 0.828007243858646 0.8912732474964234 0.6828803051979018 0.889488951001051
1.0565728044151392 3 0.20982165316997636 0.9432624113475178 0.806146572104019 0.8436418042388691
2.240311253390408 11 0.9007612802257443 0.9051633298208641 0.6933614330874605 0.9549247924492135
1.8315817189791015 7 0.8155099392555268 0.8928210313447927 0.688237276710482 0.9028646616590998
1.3745373061882191 5 0.6634670907235143 0.9507845934379457 0.557774607703281 1.092188869875988
0.7077828865835065 3 0.36917756026240717 1.0 0.5519366197183099 0.9024357771237167
1.517270034188578 6 0.8366302306559503 0.9191666666666667 0.7794444444444445 1.1263396945598845
1.1052346612496127 4 0.35961909892810767 0.9568062827225131 0.806282722513089 0.8399971458758838
1.2688408763279102 5 0.8257035604430598 0.7531645569620253 0.6932489451476793 1.0239988802016449
2.0550957641968592 9 0.792821064408757 0.7808219178082192 0.6021689497716894 1.1342785420328865
1.0382370185743712 3 0.6563509237795836 0.7322448979591837 0.4895238095238095 1.277354389955807
1.817184747518273 7 0.630766879425931 0.9625912408759124 0.7804136253041363 1.0285423077950357
0.9718612733913785 4 0.20385823370904915 0.8747993579454254 0.46747614917606245 1.5113587971915825
1.7351204569831722 6 1.1418976134650087 0.6902887139107612 0.3989501312335958 1.3966368929413426
1.3438063288308277 4 0.8108224085576197 0.9153439153439153 0.6698412698412698 1.0840250419310056
1.9261292308253732 9 0.947862729549412 0.8680870353581143 0.7247706422018348 1.0517779624358636
0.9830837585905354 4 0.8200044101462254 0.7761467889908257 0.581651376146789 1.2208167954472635
1.401271648665611 5 0.7417842677093626 0.9530638852672751 0.7288135593220338 1.0456539749878548
1.6908964349033468 7 0.7622396006636384 0.8272357723577236 0.5747515808491418 1.2348890492431241
0.9743117528756828 3 0.1954589018120893 0.8745098039215686 0.8013071895424837 0.8431056699874658
1.162695833512044 4 0.7049707476216636 0.8454038997214485 0.7014856081708449 0.9743569481167343
1.3397140435033825 4 0.6169123932812466 0.9191374663072777 0.8490566037735849 1.3248390804122068
1.5992152566148932 6 0.8637567325456378 0.984375 0.9166666666666666 0.849537582980044
1.3526233748116627 6 0.3827630155376309 0.8937269372693727 0.7933579335793358 0.8630166245130226
1.4880300442092587 6 0.6082720883286586 0.6931506849315069 0.30228310502283107 1.426771812223974
1.692708297150002 6 0.7390719168151808 0.8838582677165354 0.6545275590551181 1.1812978409895225
0.7356189397674613 3 0.29457343531883035 1.0 0.9594843462246777 0.5922201408132658
1.7152562279520485 7 0.8085657372474104 0.9231274638633377 0.643670608848007 1.2258926327872939
0.9608869796994751 5 0.35935162802367654 1.0 0.9813664596273292 0.5777735343535204
1.303279619661413 4 0.7146173794345558 0.9201623815967523 0.8362652232746955 1.222992990211497
1.331655286845175 5 0.8580393550007913 0.9120879120879121 0.6712454212454212 1.2645987313606615
1.0408358374387054 4 0.5852565057441323 0.9457259158751696 0.7801899592944369 0.8667965233196027
1.3639466492471126 4 0.4757103264270417 0.9187817258883249 0.7131979695431472 1.327131793956863
1.5268731472912596 5 0.9329511013195948 0.8247011952191236 0.6520584329349269 1.2008186980631426
1.3778155080471581 4 0.6024661852936682 0.8595600676818951 0.6785109983079526 0.9009055169632568
1.4226250262260234 5 0.5250303279227869 0.8716904276985743 0.5190972222222222 1.2448162361264314
1.1803005570082867 4 0.2507400286287254 0.9352941176470588 0.6745098039215687 0.9002372615602087
1.299736799566753 5 0.6397054713559358 0.8172942817294282 0.6694560669456067 0.9094604378963347
0.5982675885877072 2 0.4044505494044732 0.9272727272727272 0.7737373737373737 0.9221122309852983
1.766375494878353 9 0.5239810059133664 1.0 0.9649122807017544 0.7956646611047374
1.3639136398062395 6 0.8914601494762292 0.7632221318144833 0.5752644426362896 1.1145484313737317
1.1058951864855866 5 0.4841938562379658 0.7673590504451039 0.42215628090999013 1.4799680087908638
1.0751353240202306 4 1.0861652193931421 1.0 0.7777777777777778 1.1314458557658023
1.7478620974860073 6 1.037214522860792 0.0 0.3333333333333333 1.898717474235544
1.8343649703107905 7 0.8855455464360055 0.7341772151898734 0.3360655737704918 1.57339122333197
1.9476778287378447 9 1.1246221346949568 0.7 0.43333333333333335 1.3406303695584822
1.4773731740482527 6 1.1042590982271336 1.0 0.7333333333333333 0.570373864405591
1.6162372490956736 7 0.8073232211243513 0.9559164733178654 0.7896365042536736 1.2433524063674464
1.4593544123660662 5 0.7828562411451594 0.2 0.2 3.58301270189222
1.6051412704103403 6 0.9059531893315379 0.7391304347826086 0.5362318840579711 1.314037453435393
1.779684779560373 8 1.2321305304511783 0.9782608695652174 0.7898550724637681 1.5557318670040856
